15 536
15 1618
15 1255
19 1661
15 1465
21 1725
15 1562
15 1162
17 1839
19 1731
23 824
17 570
23 732
23 625
17 1100
21 687
21 630
19 567
23 571
23 537
13 737
13 414
13 303
13 333
13 340
19 1295
19 1728
19 888
19 1587
17 744
21 1785
23 768
21 872
21 1601
21 882
21 1171
19 740
19 524
21 2219
21 758
25 937
23 1029
19 542
25 1108
21 564
17 1077
23 1347
23 795
23 726
23 542
23 1607
25 798
25 1894
23 887
25 536
23 1707
19 3180
25 1025
21 1118
19 1262
23 1022
23 659
25 1243
23 560
23 564
21 1169
21 2616
21 905
21 512
21 524
23 1247
23 679
23 573
19 582
23 654
11 1372
11 1752
11 880
11 303
11 297
23 2446
23 2774
25 831
27 654
23 500
23 798
23 3032
25 699
23 959
27 745
21 2770
27 988
21 582
29 715
29 688
23 745
23 1155
23 630
23 586
23 514
29 1799
17 694
17 509
17 469
29 596
23 936
25 1862
23 647
21 534
29 616
25 1071
23 907
27 705
23 505
25 686
23 2032
27 997
27 562
27 555
23 594
21 1519
21 720
21 492
21 637
21 461
29 1196
25 1117
23 522
23 432
25 448
29 1131
25 704
29 725
25 515
29 526
25 2262
25 750
25 526
25 457
25 580
23 844
23 517
23 424
23 5752
23 861
27 1298
23 918
27 789
27 593
27 504
21 869
27 1340
29 641
27 616
27 120850
25 1233
25 868
25 585
25 434
25 601
29 2019
25 713
29 619
25 608
25 566
27 1447
27 783
27 684
23 562
25 516
23 1824
25 806
27 650
27 590
27 547
25 2238
27 934
25 630
25 561
29 698
23 1731
25 644
25 600
25 594
25 614
23 1896
23 676
23 525
23 433
23 538
23 2016
23 665
23 604
23 525
23 534
27 1704
23 747
23 570
25 568
25 512
27 2255
25 731
29 738
25 555
25 599
25 2287
25 725
27 689
25 614
27 621
23 2038
23 658
27 691
23 554
23 558
27 1262
27 629
25 584
31 718
27 581
29 1050
25 702
25 617
25 577
21 510
19 1274
19 531
19 522
27 578
19 434
31 1564
27 643
27 658
31 665
31 672
27 1116
23 740
31 826
25 603
25 602
25 1308
27 875
27 660
25 800
27 586
27 1303
23 663
23 566
31 712
27 690
23 1712
31 858
29 640
23 540
31 864
23 1222
23 631
25 640
27 579
27 623
31 1541
31 1016
27 949
27 613
25 562
27 1413
29 1165
29 767
21 528
29 611
27 662
27 866
27 3701
27 675
27 1297
23 962
23 1486
23 792
23 910
23 552
31 1055
31 747
31 657
25 565
29 953
29 1668
31 1012
29 4626
31 2939
25 1227
27 1066
27 5249
27 1652
27 1172
27 1184
29 2213
25 1994
25 1820
27 2738
25 7535
27 3015
27 3562
27 1514
31 1535
27 1514
23 1440
23 1742
29 1164
29 1409
27 1443
27 678
21 474
31 676
29 1674
31 814
31 2024
27 786
27 1293
23 1226
27 2515
29 957
23 547
23 516
31 650
29 637
29 860
27 2089
27 1012
29 880
27 1081
25 1437
25 2200
25 675
31 705
25 663
29 789
25 616
31 668
27 617
29 589
29 720
11 382
11 344
27 712
11 323
21 599
21 533
21 479
21 498
21 817
21 725
21 595
21 551
21 468
21 520
25 677
25 776
25 785
25 1422
25 1969
27 760
27 927
27 1772
27 1661
27 1230
31 1794
31 1242
25 2447
25 635
29 1103
25 659
27 607
27 794
27 1141
27 617
29 1598
29 878
23 583
27 832
29 761
23 850
29 851
23 522
31 686
29 911
29 714
29 624
29 788
27 704
27 569
31 731
27 626
31 680
23 504
29 634
25 696
25 568
29 630
29 701
25 565
27 1775
27 1453
27 1361
27 961
27 1024
23 707
23 540
23 691
23 524
23 811
27 698
27 674
27 634
27 599
27 613
31 823
33 739
33 665
27 538
27 552
25 654
31 686
25 597
31 652
25 570
33 824
19 609
27 604
33 728
27 628
25 700
25 605
25 3571
33 942
25 677
29 732
23 615
33 710
23 529
23 570
31 769
27 655
31 806
27 621
27 566
25 3242
25 1843
25 1566
25 1325
25 1660
27 1511
31 5286
27 1062
27 739
31 912
31 1083
27 730
27 888
27 1579
31 1276
31 1052
27 1402
23 957
29 1339
29 1190
33 2361
29 2373
31 1919
27 864
27 874
33 1689
33 1061
29 1500
27 1846
27 1875
29 1772
29 1289
29 1510
29 1340
27 1273
29 1860
25 1387
29 1467
29 1310
29 10399
33 1861
25 1030
33 1034
25 813
33 920
25 748
25 582
25 544
25 2843
25 2976
33 2064
33 1758
29 3478
33 3003
33 2048
