19 2411
19 1954
19 1555
19 1640
19 1571
17 673
15 524
15 720
19 515
21 567
19 882
23 780
21 652
15 423
15 593
15 653
15 884
15 464
15 897
15 575
19 735
21 652
21 774
21 427
21 418
19 1401
23 1491
17 685
23 651
17 548
23 768
21 560
21 472
19 459
25 494
19 702
23 543
21 438
21 425
19 402
19 665
13 374
19 447
19 428
19 483
19 896
27 786
27 643
27 604
19 472
23 761
21 574
23 542
23 788
23 499
27 1246
27 800
25 648
21 604
27 3533
21 686
21 744
21 531
21 424
21 421
21 779
25 2751
21 953
25 1398
21 1155
23 666
25 678
19 814
23 2229
23 673
27 816
21 587
21 462
23 505
21 444
27 823
25 728
27 673
25 649
27 678
27 832
15 493
23 1427
21 992
23 651
23 860
25 722
25 572
27 547
23 533
27 868
25 616
23 457
27 517
23 525
19 685
19 561
19 478
19 417
19 407
21 621
23 616
23 600
23 773
29 680
19 666
19 578
19 549
19 505
19 421
15 515
27 711
25 695
15 344
25 531
23 703
23 769
23 513
25 506
29 551
25 682
25 609
25 503
25 550
21 482
25 717
25 522
27 560
27 524
25 480
23 613
25 560
25 454
27 667
25 477
27 798
19 547
19 428
25 467
27 491
25 676
25 537
25 458
25 554
25 423
25 569
25 547
25 510
25 477
25 436
23 626
25 555
23 549
23 673
23 437
25 661
27 654
23 541
27 641
25 547
27 727
27 634
25 562
27 612
23 498
29 751
19 490
25 581
29 644
29 630
29 725
27 618
27 630
29 660
25 610
23 631
31 681
23 538
29 665
27 565
27 869
27 669
27 605
27 583
27 577
23 606
27 592
27 580
23 525
25 539
27 741
27 643
27 584
21 525
27 609
29 748
29 768
29 686
25 572
31 685
29 761
23 556
23 537
23 524
29 669
27 710
25 662
27 618
27 570
29 596
23 615
27 650
23 531
23 567
27 545
21 544
21 521
31 651
31 622
31 652
23 1182
23 694
23 702
23 507
23 544
25 658
25 575
27 796
25 598
29 659
29 700
29 660
25 605
29 777
29 635
25 683
25 575
29 688
23 588
23 587
27 823
27 657
25 577
25 1311
25 697
27 768
31 2325
31 863
31 659
27 13352
31 23192
25 705
31 1754
31 839
21 1033
9 684
27 1618
27 833
29 705
9 454
25 2117
27 1116
25 848
29 861
29 886
31 793
27 573
23 548
29 628
27 1223
27 706
31 865
29 1507
27 983
27 1256
27 676
27 657
25 543
27 633
27 609
23 1074
27 1206
29 830
23 770
31 991
29 1679
25 3328
29 960
29 900
25 893
27 1518
27 958
27 1068
27 1303
27 1162
29 1710
27 1381
31 1643
31 973
23 1262
23 1260
23 622
23 1868
23 961
23 5722
29 745
25 650
29 686
25 555
25 565
29 4187
29 954
31 1132
19 1416
29 1652
27 1173
27 10895
27 2330
21 685
27 628
31 2537
21 812
21 822
29 792
21 1507
31 1037
29 931
29 979
29 815
23 668
31 775
25 568
31 625
27 595
27 596
27 700
27 688
27 625
27 642
27 801
29 1390
27 757
29 798
27 572
29 643
31 736
31 696
29 583
29 746
29 662
31 2601
29 1667
27 1498
31 1416
31 758
15 4608
27 2855
15 1253
15 454
29 773
33 817
25 597
31 691
27 606
27 654
27 739
27 594
27 587
27 653
27 623
27 694
31 669
31 948
27 581
29 577
21 590
21 657
21 561
21 535
21 562
27 723
29 662
19 465
27 662
29 596
29 891
27 624
27 963
27 629
27 586
27 702
27 788
29 1202
27 590
21 1648
29 973
29 1030
29 842
29 1044
29 1085
31 919
25 617
31 751
29 751
25 646
33 829
33 855
27 583
27 595
33 692
25 694
25 589
25 615
25 599
29 688
23 657
23 890
23 536
23 564
23 552
27 759
27 595
27 622
27 588
27 594
29 801
31 865
27 610
29 660
31 687
21 617
21 509
29 641
29 601
29 655
27 726
27 610
27 618
27 627
27 1396
27 841
27 1441
29 741
27 829
31 703
29 729
29 745
29 695
29 725
27 626
29 1558
29 1472
23 1451
29 1455
23 1420
25 870
25 1174
33 865
25 1178
31 1051
29 1667
27 1695
33 1692
27 890
27 2733
15 1432
15 989
15 1445
15 1539
15 997
29 938
29 672
29 623
29 645
27 724
27 2213
27 1440
33 1339
27 1089
33 1565
33 882
29 1286
33 880
29 956
31 864
29 1731
25 765
25 625
27 895
31 722
23 1420
23 1540
23 1211
23 1370
23 1939
