17 2059
15 1587
13 1260
13 1061
13 1514
17 709
17 563
17 498
17 474
17 487
19 797
19 581
19 484
19 517
17 393
19 734
19 483
19 525
19 483
19 446
23 730
19 839
17 2476
25 838
19 523
23 1071
25 924
19 519
23 741
21 798
23 917
17 5475
17 395
23 480
17 392
21 597
21 645
21 497
21 492
21 444
13 620
23 592
13 380
25 591
21 473
19 644
19 530
19 467
19 690
19 752
21 721
25 659
19 455
25 569
23 732
21 770
25 842
21 623
25 538
25 796
15 621
25 671
15 405
15 410
15 405
25 993
27 1215
23 1001
17 1064
21 1202
15 581
15 441
15 541
15 364
15 434
23 724
27 615
23 488
27 571
27 540
23 752
23 576
23 572
23 1208
23 934
11 553
23 1409
23 837
23 537
23 3780
29 816
27 651
21 427
21 384
21 443
25 682
15 404
25 495
23 481
25 476
21 597
25 572
27 720
27 559
23 503
23 626
25 613
25 519
21 433
25 532
23 609
23 537
29 605
23 406
25 439
23 819
23 526
23 434
23 480
23 558
25 723
27 596
27 557
27 964
27 614
15 477
23 672
25 1136
25 554
25 554
25 658
29 920
29 852
23 554
29 570
23 672
27 571
23 392
29 535
29 520
21 588
21 488
27 462
21 358
21 364
25 648
21 516
21 375
21 363
21 345
29 724
23 579
23 448
23 504
23 499
29 833
29 677
23 423
27 439
23 516
27 696
27 588
27 596
23 515
23 536
25 615
25 590
25 490
25 511
25 553
23 580
23 726
23 447
23 473
23 472
27 668
27 554
25 508
25 471
27 520
19 527
27 638
27 572
29 679
29 620
27 655
27 592
29 642
25 518
29 567
29 688
27 800
23 529
27 644
25 593
25 688
25 620
25 636
25 581
25 555
25 634
19 442
25 519
25 501
25 545
27 694
27 804
27 641
27 604
27 618
29 713
31 653
31 602
29 575
25 6104
27 687
29 609
23 520
29 594
27 547
27 677
29 631
23 525
23 518
23 479
21 581
21 447
21 493
21 457
21 468
23 1081
29 854
29 650
29 606
27 602
25 617
29 696
29 1713
25 605
29 603
25 752
25 595
25 732
25 508
19 1503
25 650
13 545
13 373
13 379
13 356
21 719
21 2509
31 932
27 769
27 714
27 719
29 733
25 597
27 1050
29 756
23 585
23 666
23 658
29 731
29 647
31 781
25 590
31 807
31 687
21 499
25 5252
25 3755
27 1401
25 2295
27 986
27 716
21 1215
31 758
31 1665
25 798
29 724
29 627
27 617
29 618
23 554
25 814
17 662
27 1406
29 802
17 584
21 785
29 849
29 969
21 639
27 697
21 649
21 522
21 471
21 600
29 771
27 1106
29 2892
29 1360
29 950
25 1039
25 824
29 713
25 738
25 595
25 560
23 578
31 721
23 583
27 625
23 565
29 1670
29 1762
27 1124
23 689
23 1081
29 1726
27 1317
27 6011
27 846
29 1005
27 1169
27 955
27 1371
31 889
31 854
27 925
29 1007
29 2424
27 1436
29 883
27 725
25 573
27 734
27 577
27 681
29 798
29 674
27 621
29 668
29 657
21 625
21 1382
21 872
21 627
21 841
27 679
27 619
27 638
27 626
27 615
25 930
25 664
25 732
25 643
31 708
29 1425
27 1093
29 1150
31 827
29 937
23 597
23 551
29 720
27 602
29 619
31 783
25 567
31 705
31 683
31 703
29 4615
23 835
29 853
29 4347
27 1135
27 1006
27 664
27 654
27 732
27 653
27 675
29 677
29 623
25 690
27 576
29 731
31 672
25 554
31 627
25 694
29 2041
29 1067
19 614
19 1091
29 1148
25 1703
27 1968
29 1834
29 1988
25 1345
27 698
31 758
27 617
27 619
31 662
29 712
31 780
27 572
29 592
27 596
33 814
33 865
25 592
25 537
25 568
27 686
27 636
29 710
27 618
25 592
25 720
21 621
27 564
33 683
27 598
23 580
23 503
23 539
23 620
23 545
31 875
25 593
29 679
31 731
29 717
31 5467
31 1480
29 1708
25 1351
27 1161
27 684
27 987
27 581
27 623
27 883
29 716
29 960
25 574
29 634
29 3503
29 1156
29 914
27 1090
29 1128
29 1561
25 633
25 571
25 737
25 594
33 913
31 2271
23 764
31 799
27 1496
25 1635
29 928
33 2242
31 1952
33 1127
33 1289
29 818
29 1364
29 592
29 803
25 749
31 1206
27 879
27 969
27 938
29 817
27 967
27 1309
27 949
27 1068
27 892
25 744
29 721
31 703
29 785
33 698
27 1463
27 1136
23 1725
27 1489
27 901
