20 2249
20 1939
20 1789
20 1844
20 1945
22 800
22 606
22 562
22 579
22 538
24 1124
24 981
24 1162
24 1463
24 722
24 697
24 592
24 538
24 515
24 491
26 799
26 599
26 532
26 1187
26 870
26 3184
26 1118
26 1699
26 699
26 732
26 724
26 553
26 462
26 456
26 500
26 714
26 596
26 471
26 444
26 440
28 787
28 685
28 562
28 560
28 529
28 710
28 583
28 533
28 549
28 777
28 717
28 587
28 520
28 554
28 1097
28 760
28 664
28 562
28 545
28 555
28 753
28 615
28 537
28 632
28 520
28 1209
28 821
28 988
28 2756
28 2823
28 773
28 666
28 689
28 603
28 552
28 668
28 609
28 590
28 701
28 655
30 1053
30 850
30 738
30 707
30 896
30 1223
30 924
30 597
30 567
30 711
30 726
30 538
30 512
30 518
30 499
30 683
30 586
30 542
30 539
30 449
30 715
30 645
30 573
30 500
30 560
30 676
30 635
30 516
30 486
30 472
30 662
30 614
30 469
30 453
30 446
30 755
30 629
30 682
30 556
30 408
30 766
30 698
30 535
30 1272
30 561
30 736
30 577
30 573
30 547
30 609
30 639
30 556
30 472
30 447
30 446
30 686
30 661
30 602
30 584
30 518
30 688
30 574
30 446
30 572
30 490
30 651
30 614
30 499
30 458
30 623
30 682
30 643
30 3010
30 566
30 528
30 680
30 532
30 446
30 458
30 452
32 753
32 588
32 574
32 579
32 544
32 951
32 579
32 617
32 596
32 652
32 740
32 630
32 602
32 635
32 576
32 734
32 580
32 597
32 602
32 613
32 705
32 609
32 664
32 563
32 629
32 731
32 609
32 599
32 619
32 655
32 671
32 606
32 646
32 605
32 671
32 673
32 751
32 581
32 607
32 564
32 672
32 624
32 552
32 643
32 596
32 673
32 586
32 549
32 588
32 579
32 747
32 693
32 663
32 557
32 591
32 671
32 575
32 1250
32 1257
32 698
32 692
32 578
32 602
32 573
32 569
32 662
32 606
32 618
32 592
32 559
32 682
32 660
32 759
32 624
32 640
32 903
32 1447
32 654
32 647
32 592
32 909
32 650
32 1135
32 883
32 1691
32 772
32 644
32 714
32 528
32 821
32 711
32 878
32 718
32 722
32 1100
32 670
32 1091
32 602
32 1083
32 656
32 2129
32 712
32 616
32 795
32 691
32 723
32 758
32 939
32 818
32 612
32 1721
32 2172
32 2862
32 5441
32 5695
32 826
32 550
32 864
32 950
32 774
32 671
32 684
32 940
32 856
32 590
32 1066
32 1122
32 789
32 925
32 846
32 848
32 664
32 553
32 2892
32 588
32 1029
32 746
32 1573
32 1375
32 982
32 1321
32 1339
32 890
32 1239
32 1009
32 766
32 592
32 589
32 723
32 616
32 756
32 684
32 733
32 626
32 615
32 1556
32 4648
32 972
32 874
32 886
32 1131
32 1163
32 1197
32 877
32 998
34 1037
34 915
34 1512
34 3295
34 1052
34 1061
34 954
34 888
34 1308
34 1188
34 701
34 615
34 652
34 656
34 683
34 793
34 685
34 639
34 688
34 669
34 1072
34 999
34 1308
34 1658
34 3732
34 747
34 652
34 719
34 663
34 918
34 21477
34 752
34 821
34 680
34 1895
34 1422
34 1333
34 1282
34 1432
34 1108
34 727
34 665
34 672
34 645
34 648
34 759
34 683
34 592
34 693
34 609
34 1649
34 1165
34 2269
34 1262
34 882
34 746
34 719
34 936
34 683
34 678
34 752
34 594
34 659
34 608
34 605
34 765
34 627
34 688
34 822
34 673
34 2848
34 1366
34 1143
34 1548
34 1465
34 903
34 1306
34 1261
34 1084
34 1251
34 750
34 715
34 620
34 649
34 644
34 734
34 637
34 715
34 649
34 689
34 832
34 647
34 603
34 606
34 693
34 764
34 772
34 675
34 621
34 644
34 735
34 692
34 628
34 667
34 647
34 724
34 815
34 692
34 633
34 915
34 746
34 667
34 662
34 625
34 650
34 1000
34 1698
34 1772
34 2895
34 2809
34 712
34 683
34 616
34 673
34 633
34 807
34 652
34 899
34 648
34 673
34 1599
34 1636
34 1357
34 2874
34 1076
34 890
34 930
34 1541
34 1033
34 1579
34 5074
34 1072
34 1000
34 1305
34 1035
34 878
34 22446
34 1244
34 3784
34 1099
34 1343
34 1038
34 937
34 1322
34 1010
34 1190
34 818
34 1004
34 921
34 925
34 1086
34 1239
34 1247
34 1891
34 987
34 787
34 675
34 1240
34 1054
34 1082
34 926
34 1552
34 1139
34 1048
34 830
