13 2375
11 1911
19 1791
17 1865
11 1016
9 460
19 697
21 602
15 509
17 491
19 762
17 572
15 584
19 473
21 522
15 537
19 580
23 609
17 487
21 528
19 6505
23 718
21 595
17 424
19 488
23 775
21 707
25 660
21 575
23 668
19 630
23 692
21 526
17 532
21 565
9 390
21 586
23 598
23 444
17 378
23 652
23 621
25 585
23 523
23 636
23 1053
23 887
23 577
21 525
25 600
23 1019
25 1139
21 928
23 3197
19 1779
25 761
17 464
19 455
21 518
21 684
17 600
27 804
25 644
19 448
21 469
21 1428
21 1316
25 1107
23 670
19 1351
23 678
25 602
21 533
23 536
17 430
19 926
27 1085
25 895
23 562
23 567
27 782
25 917
25 1852
23 864
19 717
21 979
25 880
17 517
27 839
21 934
11 457
25 742
21 792
27 1092
25 651
13 537
25 631
29 2926
23 840
7 245
25 761
19 467
25 573
23 529
19 463
7 318
25 680
23 550
23 538
23 519
27 679
29 662
27 693
23 663
25 554
23 577
27 696
25 456
25 511
23 496
27 692
21 536
27 587
29 653
23 510
25 712
25 1167
27 597
25 827
27 551
23 603
15 438
23 397
23 439
27 521
23 573
25 557
23 2629
23 743
27 630
25 636
25 610
21 483
29 534
27 504
13 523
29 644
29 599
21 404
27 495
25 639
25 586
19 348
23 432
25 462
21 583
27 591
29 526
15 324
25 475
23 618
23 1054
23 550
17 433
25 576
25 665
29 660
29 593
25 533
23 519
21 570
27 604
27 574
27 526
27 666
29 750
25 716
27 553
25 569
31 1112
21 628
23 539
27 639
31 636
25 547
25 632
27 629
25 590
27 611
25 579
29 730
27 629
19 714
21 504
25 532
29 703
13 369
27 617
27 635
21 529
29 691
29 686
27 573
25 553
25 499
21 590
21 500
27 607
23 527
31 679
21 609
29 677
27 638
21 562
29 661
31 776
23 589
21 528
25 606
19 508
27 681
29 649
25 627
27 647
25 594
27 692
25 553
23 544
31 717
25 532
27 674
27 944
25 726
27 707
27 716
31 807
27 614
31 739
23 564
19 572
27 760
21 1915
23 661
29 715
21 518
25 719
29 685
23 545
31 702
21 435
29 1049
25 602
31 947
25 682
25 798
29 768
25 609
25 589
21 494
29 599
25 1069
27 762
25 598
27 872
27 795
29 747
25 616
27 1210
23 547
27 647
23 3053
19 4659
27 2424
27 2055
25 2276
29 749
27 871
27 792
25 875
25 1113
25 665
25 750
23 623
29 1786
25 855
25 1047
25 700
25 747
25 11763
29 1098
31 2041
27 1014
17 536
27 4886
27 2353
27 1346
29 1556
29 1061
27 1428
25 1582
31 1744
27 6244
25 1041
27 1052
23 1581
27 981
27 722
27 621
19 463
29 676
19 553
19 490
21 1047
31 1071
21 6525
25 659
29 705
27 580
29 1091
27 1299
27 1433
31 1787
29 1682
27 6896
25 1930
29 1005
21 839
29 1029
23 1003
27 1083
25 1387
31 9294
31 769
27 618
29 629
27 682
29 697
23 1169
27 788
27 1028
33 871
29 685
29 661
31 733
25 626
23 1648
31 1027
31 1156
25 1082
29 755
23 1282
29 921
25 591
31 705
25 620
31 2614
27 2312
31 1132
25 792
25 827
29 965
27 1307
23 2337
25 1449
23 2490
29 726
33 685
29 610
25 814
29 677
29 717
31 720
19 579
29 882
27 800
31 1314
25 1155
31 1283
27 1012
27 1070
25 753
23 555
23 553
27 560
27 585
31 791
23 561
29 787
29 771
27 598
29 754
29 686
27 638
25 560
29 628
31 3044
29 1552
31 1708
25 1450
33 2077
21 1029
31 1105
29 1231
21 743
23 642
31 764
29 673
31 832
31 699
27 668
19 598
31 706
25 595
27 655
25 606
29 784
27 731
23 584
27 621
27 630
31 740
25 581
23 561
27 584
31 712
27 764
29 816
27 681
27 677
31 721
27 1106
31 714
27 654
29 670
25 602
27 716
21 1048
27 660
31 704
33 953
27 4321
23 1488
27 30283
29 2648
25 1300
31 764
9 900
31 1605
21 1780
31 1732
27 1482
23 609
25 558
17 549
29 881
21 912
31 1263
31 1238
27 1602
29 947
21 1227
31 2058
27 10181
27 1859
23 812
27 1524
29 3584
25 1404
33 1419
29 1319
21 1484
29 2559
31 1767
29 1203
29 1771
31 774
31 1063
31 1195
27 1031
19 797
29 1373
29 1270
29 1347
27 1932
31 1823
27 1197
31 1146
31 940
27 1116
27 702
27 1101
23 953
31 1761
29 1472
25 1639
23 1057
19 2284
31 2103
25 1316
23 857
