195 339
208 390
193 315
228 447
183 276
397 654
377 567
376 564
420 723
452 828
606 990
524 699
566 834
645 1116
650 1140
748 1080
828 1368
846 1419
832 1368
871 1494
1017 1641
992 1530
942 1362
1045 1716
953 1395
1162 1731
1194 1836
1238 2004
1238 2004
1270 2100
1310 1866
1427 2274
1441 2313
1456 2349
1326 1914
1582 2400
1643 2610
1559 2322
1674 2712
1640 2583
1739 2562
1690 2406
1826 2850
1757 2616
1831 2856
1931 2838
1878 2670
1949 2892
1952 2901
1964 2937
2173 3273
2246 3537
2266 3597
2271 3612
2288 3663
2431 3792
2427 3762
2382 3600
2472 3906
2487 3960
2515 3690
2571 3867
2665 4194
2626 4050
2597 3945
2825 4374
2860 4488
2722 4011
2866 4479
2886 4557
2809 3963
3012 4608
3051 4734
2980 4494
3077 4830
3232 4995
3002 4242
3114 4587
3119 4602
3286 5157
3350 5004
3441 5331
3364 5046
3496 5496
3508 5535
3623 5568
3652 5667
3603 5472
3574 5376
3681 5742
3681 5388
3565 5031
3882 6054
3701 5448
3891 6063
4035 6213
3883 5694
3958 5928
4090 6378
4046 6210
4066 5943
4073 5964
4081 5988
4164 6246
4170 6264
4263 6234
4269 6252
4464 6900
4478 6942
4136 5844
4647 7149
4463 6534
4676 7227
4691 7281
4708 7341
4651 6798
4655 6810
4877 7539
4665 6840
4895 7575
4971 7476
5033 7680
4940 7374
4990 7533
4955 7419
5119 7611
4874 6858
5127 7635
5141 7677
5314 8250
5233 7644
5464 8391
5386 8121
5517 8568
5473 8430
5655 8685
5525 8229
5682 8754
5654 8643
5450 7995
5712 8490
5851 8955
5728 8538
5639 8262
5639 8262
5905 8769
5973 8982
5924 8826
6094 9390
6116 9468
6004 8757
6115 9099
6018 8799
6281 9633
6320 9759
6462 9906
6472 9936
6211 9078
6515 10062
6398 9657
6387 9306
6506 9672
6572 9879
6586 9921
6728 10383
6850 10467
6864 10509
6768 10167
6895 10584
6732 10050
6951 10416
7076 10848
7007 10593
6799 9942
6999 10560
7194 10854
7269 11127
7108 10578
7115 10599
7124 10626
7351 11016
7359 11040
7181 10488
7470 11400
7316 10902
7549 11310
7679 11757
7499 11151
7688 11772
7735 11931
7851 11961
7563 11034
7689 11421
7900 12099
7896 12078
7748 11289
7887 11715
7967 11964
7768 11349
7984 12015
8252 12573
8264 12591
8170 12273
8098 12048
8112 12090
8273 12273
8478 12954
8461 12891
8289 12321
8380 12603
8467 12555
8679 13254
8331 12138
8490 12624
8716 13347
8785 13227
8527 12426
8758 13137
8543 12474
8783 13212
8721 12708
9070 13809
9097 13908
8887 13215
9137 14028
9235 14004
8919 13002
8924 13017
9081 13497
9335 14322
9453 14379
9470 14430
9500 14517
9122 13311
9542 14643
9454 14016
9592 14448
9548 14307
9477 14085
9630 14562
9654 14316
9654 14316
9888 15081
9888 15084
9941 15243
10042 15225
9942 14889
9997 15063
10102 15405
9881 14697
10181 15315
10243 15519
10150 15213
10070 14964
10341 15840
10242 15180
10380 15612
10484 15951
10354 15525
10273 15273
10657 16179
10538 15777
10276 14973
10464 15546
10762 16512
10456 15213
10641 15777
10747 16104
10655 15819
10916 16647
10976 16500
10839 16071
11093 16896
11111 16953
11173 17145
11246 17058
10855 15810
11292 17202
11311 17259
10872 15861
11452 17355
11228 16638
11488 17481
11436 17289
11567 17727
11419 16911
11671 17730
11438 16968
11445 16989
11607 17493
11620 17214
11870 18030
11891 18090
11804 17784
11762 17649
11817 17505
12072 18327
11636 16953
12134 18528
12133 18519
12011 17787
12016 17802
12132 18159
12298 18711
12257 18552
12466 18924
12216 18102
12025 17520
12506 19035
12244 18186
12408 18378
12211 17778
12219 17802
12226 17823
12740 19428
12869 19533
12814 19323
12405 18060
12741 19086
12908 19623
12801 18957
13092 19893
12811 18987
12821 19017
13160 20106
12997 19245
13263 20106
13184 19824
12797 18636
13150 19713
13446 20358
13493 20508
13477 20430
13338 19977
13225 19629
13177 19176
13402 19860
13725 20901
13413 19893
13419 19911
13701 20466
13892 21105
13602 20160
13910 21147
13737 20574
14077 21360
13790 20424
14019 21138
13924 20835
14148 21552
14152 21228
13761 20028
13999 20751
14129 21150
14017 20805
14177 20985
14187 21015
13964 20337
14320 21423
14483 21939
14651 22173
14386 21312
14154 20607
14739 22443
14168 20649
14880 22566
14582 21600
14590 21624
14937 22737
14361 20928
14956 22440
15032 22686
14784 21906
14922 22329
14937 22374
14962 22140
14977 22185
15285 23172
15345 23361
14996 22242
15157 22425
15404 23193
14933 21744
15390 23142
15195 22539
15362 22740
15367 22755
15714 23868
15379 22791
15735 23913
15688 23427
15565 23049
15316 22293
15718 23517
15589 23121
15753 23313
16086 24366
15902 23769
15768 23358
15924 23835
16145 24207
16092 24039
15959 23631
16234 24483
15980 23694
16454 24882
16154 23916
16158 23928
16169 23961
16180 23994
16676 25257
16483 24612
16361 24237
16368 24258
16751 25479
16537 24465
16544 24486
16778 25206
16708 24987
16799 25269
16868 25167
16888 25227
16483 23994
16759 24831
16770 24864
17075 25488
17088 25527
17098 25557
17107 25584
16970 25164
17274 25785
17140 25374
17514 26568
17157 25425
16880 24585
17329 25641
17055 24810
17704 26820
17500 26163
17512 26199
17523 25923
17250 25095
17689 26430
17780 26712
17716 26511
18078 27363
17440 25365
17973 26991
17981 27015
17988 27036
17633 25644
17927 26535
17927 26535
18293 27678
17946 26592
17824 25917
18110 26784
18136 26862
18138 26868
18308 27387
18677 28260
18475 27588
18724 28398
18737 28437
18498 27657
18510 27384
18671 27876
18223 26514
18694 27945
18545 27489
19064 28818
18869 28170
18724 27726
18975 28497
18740 27774
19279 29166
18910 27984
19061 28446
19174 28794
18932 28050
19259 28740
19111 28287
18807 27366
19542 29652
19134 28356
19298 28548
19307 28575
19316 28602
19732 29913
19750 29976
19491 28827
19665 29358
19756 29640
19519 28911
19685 29418
19692 29130
19944 29904
19873 29682
19389 28212
20161 30600
20052 29919
19894 29436
20067 29964
19909 29481
20089 30030
20247 30204
20352 30528
19777 28776
20105 29769
20439 30798
20529 30759
20695 31314
20697 31317
20307 30075
20315 30099
20870 31539
20482 30300
20499 30351
20168 29349
20508 30378
21097 31926
20679 30591
20695 30639
21135 32031
20364 29637
20868 30858
21143 31701
21158 31746
21171 31785
21084 31515
21067 31155
21494 32511
21259 31740
21427 32262
20751 30198
21434 31965
21268 31458
21279 31491
21283 31503
21482 32109
21465 31749
21647 32304
21662 32349
21925 33192
21491 31827
21930 32862
21664 32046
22109 33453
22159 33612
21690 32124
21854 32316
21866 32352
22058 32937
22266 33588
21885 32409
22465 33912
21707 31566
22541 34167
22075 32679
21723 31614
22254 32916
22257 32925
22264 32946
22278 32988
22770 34527
22729 34059
22092 32121
22753 34131
22665 33858
22477 33285
23095 34923
22990 34551
22838 34077
22863 34152
22676 33582
23024 34335
23027 34344
22858 33828
23226 34959
23232 34977
23491 35511
23036 34062
23235 34668
23257 34734
23584 35787
23526 35250
23244 34386
23614 35523
23260 34434
23466 35061
23722 35538
23440 34674
23747 35613
23451 34707
23955 36291
23826 35541
24094 36417
23644 34986
23649 35001
23656 35022
23816 35202
23832 35250
24303 36726
24349 36864
24241 36504
23636 34353
24395 36666
24040 35574
24039 35571
24537 37119
24217 35805
24710 37356
24235 35859
24561 36855
24250 35904
24880 37557
24423 36123
24748 37116
24951 37770
24445 36189
24217 35196
24935 37377
25135 38022
24235 35250
24853 37122
25182 37827
25012 37299
24827 36735
25040 37383
25354 38388
25003 36963
25216 37611
25019 37011
25020 37014
25247 37704
25204 37266
25211 37287
25712 38862
25227 37335
25450 38013
25397 37545
25614 38205
25740 38592
25640 38283
25646 38301
25796 38451
26107 39465
25617 37905
25838 38577
25633 37953
26267 39630
25798 38148
25809 38181
25818 38208
25829 38241
25992 38430
26000 38454
26007 38475
26229 39150
26025 38529
26189 38721
26528 39756
26206 38772
26764 40527
26746 40455
26600 39663
26389 39021
26403 39063
25982 37791
26636 39771
26579 39291
26807 39984
26817 40014
26827 40044
26614 39396
26779 39591
26790 39624
26365 38340
27029 40350
27036 40371
27311 40905
26547 38586
27208 40587
26999 39951
27225 40638
27392 40839
27400 40863
27190 40224
27426 40941
27208 40278
27373 40473
26938 39159
27385 40509
27396 40542
27395 40539
27785 41418
27571 40767
27583 40803
27942 41898
27598 40848
27988 41727
27770 41064
27772 41070
28365 42930
27795 41139
28185 42018
27968 41358
28209 42090
28532 43122
27539 40062
28151 41607
28386 42321
28530 42762
27726 40323
28190 41724
28581 42606
28362 41940
28726 43050
27918 40599
28625 42738
28548 42198
28100 40845
28804 42975
28574 42276
28581 42297
28745 42489
28995 43248
28996 43251
29336 44334
29365 44430
29306 43890
29190 43533
28493 41424
28968 42858
29215 43608
29142 43080
29152 43110
29157 43125
29165 43149
29176 43182
29338 43368
29344 43386
29934 45237
29360 43434
29617 44214
29537 43665
30088 45393
30114 45480
29082 42291
29564 43746
29731 43947
29740 43974
29749 44001
30000 44763
29761 44037
30165 44958
29449 42792
30195 45048
30334 45474
29961 44337
30369 45270
30136 44562
30391 45336
30149 44601
30628 46065
30892 46614
30570 45573
30335 44859
30593 45642
30350 44904
30029 43632
30529 45141
30523 45123
30790 45933
30944 46404
30718 45408
30725 45429
30982 46209
30998 46257
30748 45498
31435 47304
31171 46476
30924 45726
31196 46551
30945 45789
31361 46746
31580 47421
30625 44520
31528 47256
31401 46866
31305 46269
31774 47703
30820 44805
31332 46350
31741 47595
31966 47979
31007 45066
31779 47400
31788 47427
31533 46653
31703 46863
31957 47634
31980 47703
31716 46902
31730 46944
31387 45606
32380 48621
31907 47175
31920 47214
32507 49020
32490 48642
32102 47460
32508 48696
32530 48762
32129 47541
32552 48519
32559 48540
32309 47781
32584 48615
32597 48654
32487 48015
32494 48036
32772 48879
32501 48057
32787 48924
32953 49122
32691 48327
32703 48363
32702 48360
32993 49242
33143 49392
32890 48624
33169 49470
32908 48678
32915 48699
33080 48894
33084 48906
33507 50193
33100 48954
33111 48987
33805 50805
33281 49197
33940 51255
33296 49242
33813 50820
33884 50724
33896 50760
33766 50361
34162 51621
32964 47937
33665 49749
33672 49770
34103 51081
33689 49821
34210 51411
34142 50889
33877 50085
33881 50097
33887 50115
34474 51912
34066 50352
34063 50343
34082 50400
34371 51276
34535 51777
34673 51891
34262 50640
34278 50688
34283 50703
34293 50733
34730 51753
33911 49278
35133 53043
34480 50994
34774 51885
34926 52041
34936 52071
35104 52584
34669 51261
34685 51309
34848 51498
34298 49839
35150 52413
34872 51570
35564 53709
35605 53505
35052 51810
35064 51846
35074 51876
35367 52764
35248 52098
34677 50376
35552 53019
35562 53049
35276 52182
35442 52380
36023 54159
35460 52434
35997 54072
35756 53331
35924 53535
35643 52683
36340 54864
36186 54339
35671 52767
35836 52962
35845 52989
36145 53898
36144 53895
36406 54699
36032 53250
36040 53274
36340 54183
36058 53328
36065 53349
36223 53523
36690 54942
36536 54471
36553 54522
35676 51873
36710 54693
36734 54765
36733 54762
36447 53895
36758 54837
36616 54102
36932 55059
36639 54171
36648 54198
36649 54201
36814 54396
36828 54438
37132 55359
37149 55410
36853 54513
37469 56079
37019 54711
37036 54762
37041 54777
37050 54804
37517 55914
37684 56424
37232 55050
37538 55977
37556 56031
37714 56205
37410 55284
38129 57522
37424 55326
37445 55389
37611 55587
37013 53784
37621 55617
37632 55650
37636 55662
37803 55863
38121 56826
38124 56835
37828 55938
38151 56916
38298 57057
38005 56169
38018 56208
38025 56229
38028 56238
38191 56427
38205 56469
38217 56505
38213 56493
38545 57498
38393 56733
38963 58470
38412 56790
38409 56781
38430 56844
38904 57975
38602 57060
38919 58020
38608 57078
38625 57129
38788 57318
39113 58302
38805 57369
39135 58368
39145 58398
38987 57615
39476 59100
39319 58620
39331 58656
39339 58680
39496 58851
39508 58887
39199 57951
39530 58953
39213 57993
39693 59142
39387 58215
39713 59202
39723 59232
40181 60678
39579 58491
39904 59475
39915 59508
39603 58563
39604 58566
40088 59727
39781 58797
40114 59805
40126 59841
39807 58875
40549 60828
40472 60588
40315 60108
39994 59136
39995 59139
39525 57420
40497 60354
40186 59412
40515 60408
40532 60459
40360 59634
40367 59655
40375 59679
40721 60726
41066 61788
39911 57978
40894 60945
40909 60990
41184 61833
40923 61032
40759 60231
40762 60240
40775 60279
41114 61305
41126 61341
41549 62328
41294 61545
40974 60576
40973 60573
40323 58614
41901 63141
41160 60834
41677 62403
41505 61878
41700 62472
41680 62103
41354 61116
41364 61146
41713 62202
41373 61173
41545 61389
41892 62439
41561 61437
42086 63030
41921 62526
41740 61674
42091 62736
42095 62748
41762 61740
41773 61773
41938 61968
42286 63021
41956 62022
42307 63084
41962 62040
42472 63279
42144 62286
42674 63894
42685 63927
42166 62352
42330 62544
42857 64143
42348 62598
41668 60549
42716 63711
42521 62817
43063 64461
42897 63954
43354 65388
42909 63990
43072 64179
43081 64206
43370 65091
42752 63210
43114 64305
42919 63411
42932 63450
43290 64533
42944 63486
43313 64602
43121 63717
43126 63732
43137 63765
43498 64857
43151 63807
43666 65061
43325 64029
43686 65121
43340 64074
43338 64068
43513 64293
43523 64323
43520 64314
43536 64362
43541 64377
43710 64584
44073 65682
43723 64623
43729 64641
43734 64656
43905 64869
44273 65982
44281 66006
43932 64950
43941 64977
44101 65157
44469 66270
44485 66318
44487 66324
44689 66939
44296 65442
44667 66564
44682 66609
44322 65520
44698 66657
44857 66834
44859 66840
44875 66888
45073 67491
45415 68580
44698 66048
45064 67155
45075 67188
45086 67221
45098 67257
44888 66318
45605 68505
45266 67461
44916 66402
45703 68808
45453 67722
45098 66648
44376 64473
45112 66690
45121 66717
45651 68016
45292 66930
45295 66939
45307 66975
45690 68133
45842 68289
45490 67224
45498 67248
45876 68391
45888 68427
45682 67500
46521 70101
46062 68649
45702 67560
46088 68727
46247 68904
45151 65598
45885 67809
46567 69882
46281 69006
46074 68076
46080 68094
46083 68103
46472 69279
46486 69321
46831 70065
46276 68382
46859 70149
46289 68421
46296 68442
46458 68628
46477 68685
46854 69825
46491 68727
46881 69906
46658 68928
46668 68958
47056 70131
47065 70158
46698 69048
47420 70932
46868 69258
47259 70440
46879 69291
46885 69309
47052 69510
47061 69537
47452 70719
47080 69594
47678 71406
47635 70968
47254 69816
47643 70992
47665 71058
47673 71082
47836 71271
47843 71292
48157 72252
47477 70185
47487 70215
48022 71529
47655 70419
47667 70455
46903 68154
47682 70500
48232 71859
47850 70704
48252 71919
48256 71931
47880 70794
47273 68664
48051 71007
48060 71034
48064 71046
48676 72900
48240 71274
48634 72465
48643 72492
48258 71328
48271 71367
48437 71565
49038 73386
49229 73977
48857 72834
49416 74592
49016 73011
48631 71847
49041 73086
49053 73122
49271 73785
48825 72129
48834 72156
48846 72192
49459 74049
48859 72231
49026 72432
49434 73665
49439 73680
49051 72507
49053 72513
49822 74538
49220 72714
49631 73956
49851 74625
49254 72816
49418 73008
49425 73029
49833 74262
49446 73092
49454 73116
49614 73296
49621 73317
50040 74583
49640 73374
49643 73383
50209 74790
49823 73623
50753 76485
50567 75882
49845 73689
50412 75099
50015 73899
50424 75135
50441 75186
50042 73980
50607 75384
50619 75420
50221 74217
50233 74253
50234 74256
50398 74448
50411 74487
50415 74499
50429 74541
50849 75810
51218 76626
51015 76008
51029 76050
49804 72357
50633 74853
51199 76260
51214 76305
51231 76356
50823 75123
50823 75123
50995 75339
50997 75345
51010 75384
51437 76674
51024 75426
51818 77526
51196 75642
51209 75681
52156 78603
51219 75711
51384 75906
51810 77193
52220 78450
51408 75978
51841 77286
51583 76203
52480 78948
51601 76257
52431 78783
51620 76314
52645 79143
51790 76524
51799 76551
52565 78876
52240 77883
52388 78027
52729 79068
52416 78111
51997 76845
52007 76875
51345 74580
52183 77103
52833 79071
52196 77142
52632 78459
52372 77370
52379 77391
52815 78708
52824 78735
52403 77463
52572 77670
52572 77670
52585 77709
53238 79686
52601 77757
53712 80883
52772 77970
53205 79278
53214 79305
52797 78045
53380 79503
53399 79560
53407 79584
52987 78315
52142 75771
53585 79818
53167 78555
53176 78582
53183 78603
53626 79941
53786 80121
53791 80136
53371 78867
53382 78900
54177 81312
53984 80415
53989 80430
53567 79155
54013 80502
52726 76623
53751 79407
54417 81423
52905 76860
53778 79488
54222 80829
54603 81681
53952 79710
53964 79746
54413 81102
53983 79803
54147 79995
54588 81327
54159 80031
54166 80052
54179 80091
54782 81609
54341 80277
54794 81645
54365 80349
54814 81705
54976 81891
55207 82593
54555 80619
54565 80649
55008 81987
55176 82191
54741 80877
54754 80916
54754 80916
55215 82308
54930 81144
54933 81153
55391 82536
55405 82578
55405 82578
55129 81441
55578 82797
55138 81468
55142 81480
55161 81537
55325 81729
55332 81750
55790 83133
55802 83169
56247 84531
55521 82017
55529 82041
55988 83427
54657 79416
56007 83484
56170 83673
55729 82341
55737 82365
56201 83766
56208 83787
55917 82605
56604 84684
56385 84018
55942 82680
55948 82698
56568 84267
56121 82917
56122 82920
56136 82962
56144 82986
56763 84552
56317 83205
56326 83232
56331 83247
56806 84681
57189 85539
56973 84882
56984 84915
56531 83547
57001 84966
56692 83730
56709 83781
57182 85209
57187 85224
57200 85263
56900 84054
57914 87168
56920 84114
56922 84120
57643 86301
57559 85740
57108 84378
57108 84378
57584 85815
57601 85866
57289 84621
58004 86784
57301 84657
57319 84711
57797 86154
57490 84924
57966 86361
57499 84951
57980 86403
57521 85017
57686 85212
58162 86649
57702 85260
58185 86718
58641 88113
58342 86889
57892 85530
58369 86970
58377 86994
58385 87018
58079 85791
58084 85806
58098 85848
58102 85860
58110 85884
58273 86073
58750 87513
58770 87573
58779 87600
59287 89160
58940 87783
58482 86400
58493 86433
58495 86439
58504 86466
58664 86646
58683 86703
58688 86718
58698 86748
58701 86757
59340 88383
59354 88425
59361 88446
59366 88461
59387 88524
59977 90021
59077 87285
59079 87291
59571 88776
59831 89565
59734 88965
59751 89016
59761 89046
59771 89076
59775 89088
59462 87840
59459 87831
59955 89328
59967 89364
59975 89388
59651 88107
59658 88128
59664 88146
60162 89649
59687 88215
60335 89868
59864 88446
59865 88449
60366 89961
60628 90756
60046 88692
60043 88683
60554 90225
60564 90255
60577 90294
60729 90450
60735 90468
60261 89037
61149 91728
60278 89088
60930 90753
60449 89301
60949 90810
60471 89367
61221 91635
60644 89586
61138 91077
61148 91107
61156 91131
60667 89655
60839 89871
61336 91371
60857 89925
61820 92850
61370 91473
61034 90156
61044 90186
61053 90213
61057 90225
61562 91749
61727 91944
61236 90462
61242 90480
61256 90522
61267 90555
62176 93000
61932 92259
62194 93054
61454 90816
61961 92346
62125 92538
61632 91050
62137 92574
62155 92628
61649 91101
62571 93585
62328 92847
62343 92892
62348 92907
62892 94575
62023 91623
62785 93927
62036 91662
62540 93183
62053 91713
62716 93411
62217 91905
62736 93471
62237 91965
62240 91974
62412 92190
62918 93717
62932 93759
62947 93804
62447 92295
62609 92481
63122 94029
63132 94059
62630 92544
62637 92565
62805 92769
62810 92784
62821 92817
63969 96333
63351 94416
62001 90048
63005 93069
63022 93120
63023 93123
63035 93159
63709 94890
63208 93378
63220 93414
63226 93432
64012 95808
63399 93651
63407 93675
63413 93693
63421 93717
63433 93753
64361 96255
63600 93954
64122 95529
63620 94014
63626 94032
64303 95772
63802 94260
63800 94254
63814 94296
64334 95865
64504 96075
63990 94524
64005 94569
64528 96147
64815 97017
64700 96363
64194 94836
64717 96414
65140 97701
64219 94911
64904 96675
64388 95118
64399 95151
64397 95145
64412 95190
64570 95364
65106 96981
64599 95451
64603 95463
65136 97071
65292 97239
64775 95679
64795 95739
64802 95760
65607 98193
65491 97536
65497 97554
65518 97617
65515 97608
65535 97668
65693 97842
65179 96291
65188 96318
65726 97941
66007 98793
65365 96549
65372 96570
65382 96600
65922 98229
65929 98250
66081 98406
66101 98466
65580 96894
65586 96912
66128 98547
65761 97137
66299 98760
66568 99576
66591 99645
67000 100926
65956 97422
65962 97440
66508 99087
65981 97497
66528 99147
67101 100584
66695 99348
66167 97755
66715 99408
66187 97815
66345 97989
67162 100458
66905 99678
66373 98073
67203 100581
66549 98301
66552 98310
67371 100785
67109 99990
66582 98400
67766 101688
67289 100230
67301 100266
66766 98652
67321 100326
66939 98871
66945 98889
67497 100554
66966 98952
67522 100629
67675 100788
67143 99183
67156 99222
67165 99249
68002 101778
67326 99432
67344 99486
67893 101142
67357 99525
67367 99555
68071 101376
67538 99768
68093 101442
68106 101481
67562 99840
67725 100029
68285 101718
67747 100095
67744 100086
68309 101790
68467 101964
67934 100356
68491 102036
68493 102042
68510 102093
68661 102246
68668 102267
68690 102333
68701 102366
68150 100704
68871 102576
68877 102594
68336 100962
68897 102654
69197 103563
68518 101208
68522 101220
69086 102921
68541 101277
69095 102948
68715 101499
68723 101523
69286 103221
68740 101574
68744 101586
69460 103443
69467 103464
68921 101817
68932 101850
68945 101889
69106 102072
69673 103782
69124 102126
69687 103824
69701 103866
69305 102369
69315 102399
69882 104109
69328 102438
69899 104160
70050 104313
70344 105204
69514 102696
69521 102717
69532 102750
70257 104634
70258 104637
70276 104691
70574 105594
69731 103047
70451 104916
69902 103260
70474 104985
69921 103317
69929 103341
71306 107265
70656 105231
70106 103572
70116 103602
70692 105339
70852 105519
70298 103848
70303 103863
70880 105603
70321 103917
70475 104079
70495 104139
70503 104163
70505 104169
70520 104214
71246 106101
71247 106104
71270 106173
70704 104466
70712 104490
70878 104688
71458 106437
70892 104730
70904 104766
70913 104793
71070 104964
71082 105000
71660 106743
71096 105042
71103 105063
71269 105261
71279 105291
71290 105324
71297 105345
71885 107118
72336 108180
71477 105585
72055 107328
72075 107388
72083 107412
72243 107592
71675 105879
72263 107652
72268 107667
71701 105957
71863 106143
71870 106164
71881 106197
72466 107961
71895 106239
72057 106425
72647 108204
72076 106482
72970 109182
72091 106527
73129 109359
72259 106731
72855 108528
72282 106800
72880 108603
72456 107022
72462 107040
72467 107055
72475 107079
73813 111183
73670 110391
72655 107319
73549 110019
72674 107376
73269 109170
72839 107571
73441 109386
73455 109428
73464 109455
72882 107700
73048 107898
73639 109680
73060 107934
73071 107967
73973 110691
73826 109941
73840 109983
73843 109992
73255 108219
73864 110055
74026 110241
74335 111177
74046 110301
74361 111255
74065 110358
73630 108744
73641 108777
73651 108807
73658 108828
74263 110652
74425 110838
74734 111774
74441 110886
74452 110919
73867 109155
74625 111138
74036 109362
74638 111177
74050 109404
74664 111255
74811 111396
74234 109656
74243 109683
74850 111513
74257 109725
74420 109914
74428 109938
75043 111792
75050 111813
75059 111840
74623 110223
75220 112023
75228 112047
74642 110280
75256 112131
75724 113244
75428 112347
74830 110544
75446 112401
74851 110607
75015 110799
75627 112644
75032 110850
75038 110868
75659 112740
75808 112887
75215 111099
75224 111126
76151 113925
75243 111183
76007 113184
76019 113220
76025 113238
75428 111438
75439 111471
76210 113493
75611 111687
75608 111678
75628 111738
76250 113613
75802 111960
75802 111960
76425 113838
76437 113874
76447 113904
75995 112239
76007 112275
76626 114141
76631 114156
76638 114177
76194 112536
76204 112566
76199 112551
76828 114447
76845 114498
76389 112821
76397 112845
77500 116181
76415 112899
76424 112926
77201 114966
76597 113145
77225 115038
76613 113193
77240 115083
76782 113400
77410 115293
77419 115320
76810 113484
77439 115380
77596 115551
76990 113724
77938 116586
77948 116616
77011 113787
77176 113982
77184 114006
77818 115917
77198 114048
77838 115977
78314 117114
78001 116166
77391 114327
77393 114333
78041 116286
78193 116442
78202 116469
76344 110877
77597 114645
78553 117531
77770 114864
77779 114891
76544 111177
78421 116826
78431 116856
77963 115143
78599 117060
78611 117096
77986 115212
77996 115242
78164 115446
78166 115452
78176 115482
78819 117420
78196 115542
78979 117600
79317 118623
79005 117678
79336 118680
78392 115830
79191 117936
79192 117939
79206 117981
78579 116091
79230 118053
79388 118227
78764 116346
79405 118278
79412 118299
79423 118332
79587 118524
79590 118533
79930 119562
78977 116685
79625 118638
79146 116892
79150 116904
79163 116943
79173 116973
79182 117000
79343 117183
79989 119130
80318 120126
79366 117252
80020 119223
79544 117486
80192 119439
80198 119457
79563 117543
80543 120501
79732 117750
80388 119727
80725 120747
79765 117849
79767 117855
79937 118065
79934 118056
80593 120042
80933 121071
80610 120093
80136 118362
80140 118374
80141 118377
81135 121377
80815 120408
80973 120582
80336 118662
80995 120648
80995 120648
80361 118737
80518 118908
81176 120891
80544 118986
81534 121974
80560 119034
81367 121164
80729 119241
81720 122232
81732 122268
81404 121275
80910 119484
80928 119538
80930 119544
80944 119586
81595 121548
81119 119811
81121 119817
81135 119859
81141 119877
81806 121881
81967 122064
81317 120105
81328 120138
81336 120162
82339 123189
81508 120378
82173 122382
81527 120435
81528 120438
82203 122472
82363 122652
81714 120696
82380 122703
82392 122739
81738 120768
81900 120954
82570 122973
82579 123000
81927 121035
82934 124074
82753 123222
82105 121269
82778 123297
82123 121323
82794 123345
82298 121548
82306 121572
82317 121605
82975 123588
82325 121629
83155 123828
82504 121866
83157 123834
82519 121911
83195 123948
82689 122121
83356 124131
82707 122175
83382 124209
82725 122229
84058 125955
82895 122439
82906 122472
83582 124509
83586 124521
83751 124716
83085 122709
83102 122760
83109 122781
83789 124830
83280 122994
83287 123015
83296 123042
84796 127641
83312 123090
84489 126339
84148 125307
83493 123333
83501 123357
84716 127029
84345 125598
83684 123606
83689 123621
83703 123663
84925 127356
83873 123873
84551 125916
84561 125946
84575 125988
83904 123966
84065 124149
84753 126222
84761 126246
84769 126270
84097 124245
84261 124437
84944 126495
84959 126540
84291 124527
84292 124530
85659 128358
84468 124758
85152 126819
85171 126876
84498 124848
84662 125040
84662 125040
84677 125085
84682 125100
85380 127203
85538 127377
84864 125346
84874 125376
84882 125400
84885 125409
85051 125607
85742 127689
85755 127728
85077 125685
85082 125700
85934 127965
85936 127971
85265 125949
85276 125982
86331 129165
86131 128256
86137 128274
85460 126234
85468 126258
85479 126291
85648 126498
85653 126513
86348 128607
85670 126564
85679 126591
85844 126786
86528 128847
85859 126831
86551 128916
87216 130938
86033 127053
86738 129177
86742 129189
86064 127146
86072 127170
86925 129438
86241 127377
86254 127416
86256 127422
86965 129558
86433 127653
87128 129747
87143 129792
86451 127707
87166 129861
87316 130011
86637 127965
86637 127965
87351 130116
86654 128016
86829 128241
87532 130359
87900 131472
87550 130413
87563 130452
87022 128520
87031 128547
87040 128574
87046 128592
87749 130710
87921 130926
87929 130950
87236 128862
87951 131016
87252 128910
87417 129105
88129 131250
88137 131274
87442 129180
87444 129186
88668 132576
88318 131517
87629 129441
88342 131589
88344 131595
88512 131799
88516 131811
87827 129735
88537 131874
87845 129789
88707 132084
88014 129996
88730 132153
88744 132195
88041 130077
88913 132402
88915 132408
88928 132447
88941 132486
88234 130356
88404 130566
89111 132696
88419 130611
89129 132750
88430 130644
89307 132984
88605 130869
88615 130899
88624 130926
89350 133113
89507 133284
88803 131163
89524 133335
88812 131190
88830 131244
88989 131421
89712 133599
89725 133638
89016 131502
89023 131523
89182 131700
89906 133881
89203 131763
89932 133959
89217 131805
90100 134163
89392 132030
90113 134202
89404 132066
89412 132090
89580 132294
90302 134469
89594 132336
89602 132360
89608 132378
89773 132573
90875 135897
89799 132651
89803 132663
90540 134883
90700 135063
89983 132903
89989 132921
90002 132960
90733 135162
90890 135333
90183 133203
90917 135414
91290 136542
90935 135468
90372 133470
90375 133479
91107 135684
90395 133539
91128 135747
91288 135927
90573 133773
91309 135990
90590 133824
90596 133842
91490 136233
91496 136251
90782 134100
90787 134115
90791 134127
91685 136518
89516 129993
90975 134379
90980 134394
91729 136650
91153 134613
91166 134652
91172 134670
91910 136893
91924 136935
91350 134904
91365 134949
91364 134946
91377 134985
91387 135015
92281 137406
91547 135195
92673 138591
91574 135276
91587 135315
92483 137712
92860 138852
91766 135552
93084 139533
92903 138981
92675 137988
92689 138030
92703 138072
92709 138090
92715 138108
92882 138309
92152 136110
92150 136104
92898 138357
92172 136170
92339 136371
93648 140325
93478 139806
92364 136446
93114 138705
93273 138882
92540 136674
93291 138936
93306 138981
93318 139017
93466 139161
93482 139209
92745 136989
92756 137022
92767 137055
94539 142170
92932 137250
94375 141615
93699 139560
92961 137337
93868 139767
93133 137553
93141 137577
93902 139869
93158 137628
94061 140046
94081 140106
93335 137859
93345 137889
94112 140199
94646 141510
94276 140391
94671 141585
93540 138174
94304 140475
93718 138408
93726 138432
94490 140733
94488 140727
93749 138501
93913 138693
93923 138723
93925 138729
93938 138768
94709 141090
94862 141249
94116 139002
94875 141288
94133 139053
95501 143184
94311 139287
95072 141579
95081 141606
94328 139338
95099 141660
94500 139554
94515 139599
95282 141909
94522 139620
95296 141951
94704 139866
95467 142164
94719 139911
94724 139926
95499 142260
95648 142407
94907 140175
94915 140199
95688 142527
95694 142545
95098 140448
96246 143910
95876 142791
96278 144006
95896 142851
96052 143019
95295 140739
95303 140763
96083 143112
96088 143127
96247 143304
95498 141048
96266 143361
96283 143412
96288 143427
96449 143610
95693 141333
96472 143679
95707 141375
96492 143739
96650 143913
96659 143940
97056 145140
97278 145815
95911 141687
96845 144198
96086 141912
96866 144261
97273 145491
96884 144315
97041 144486
96280 142194
96292 142230
96296 142242
96304 142266
96473 142473
96477 142485
97264 144855
97264 144855
97279 144900
97441 145086
96675 142779
96682 142800
97863 146361
97480 145203
96862 143040
96875 143079
96881 143097
96892 143130
97673 145482
97840 145683
97072 143370
97076 143382
97867 145764
97884 145815
97261 143637
98047 146004
98054 146025
97283 143703
97289 143721
98233 146262
97464 143946
98257 146334
97477 143985
98274 146385
97651 144207
97659 144231
97670 144264
98461 146646
98873 147891
97854 144516
97856 144522
97868 144558
98664 146955
97887 144615
98822 147129
98840 147183
98853 147222
99262 148458
98074 144876
99028 147447
98252 145110
98263 145143
99056 147531
99073 147582
98441 145377
99237 147774
98461 145437
99258 147837
98467 145455
