194 336
210 396
222 441
233 462
200 336
406 693
375 561
413 711
424 735
445 798
606 990
609 990
622 1029
633 1071
626 1032
748 1080
825 1347
846 1419
842 1407
876 1521
1020 1641
938 1350
1050 1740
949 1383
1075 1815
1214 1932
1127 1617
1177 1776
1208 1878
1220 1914
1415 2226
1437 2310
1437 2301
1455 2355
1436 2271
1626 2559
1640 2601
1633 2571
1670 2691
1669 2697
1792 2739
1687 2397
1854 2943
1764 2637
1891 3072
1939 2862
1976 2982
1945 2880
2052 3246
2096 3396
2227 3474
2133 3144
2231 3465
2151 3198
2254 3534
2422 3759
2247 3177
2462 3885
2343 3474
2472 3897
2520 3705
2637 4092
2613 4002
2584 3906
2545 3780
2804 4284
2863 4500
2803 4272
2855 4446
2863 4470
2894 4227
3056 4767
3073 4818
2819 3993
3111 4941
3233 5001
3159 4731
3205 4878
3118 4599
3313 5247
3354 5016
3461 5385
3472 5415
3314 4887
3466 5397
3583 5412
3494 5127
3564 5346
3385 4791
3700 5790
3748 5598
3743 5583
3694 5427
3765 5649
3708 5469
3877 5676
3948 5898
3882 5691
4057 6270
4098 6405
4249 6555
4263 6600
4271 6621
4205 6378
4096 6033
4402 6678
4125 5811
4397 6654
4360 6534
4368 6558
4530 6744
4539 6771
4665 7194
4475 6570
4567 6855
4730 7044
4735 7059
4882 7554
4747 7095
4812 7299
4923 7323
5045 7725
4937 7365
4941 7377
5071 7794
5225 7965
5133 7653
5051 7398
5142 7680
5314 8241
5323 7923
5238 7659
5439 8298
5475 8433
5401 8166
5516 8202
5652 8646
5436 7953
5257 7407
5740 8937
5759 8640
5721 8517
5630 8235
5731 8547
5803 8772
5961 8946
5920 8814
6069 9315
6110 9438
5838 8559
6199 9369
6114 9096
6217 9423
6025 8820
6333 9816
6435 9804
6205 9060
6319 9411
6492 9984
6331 9447
6183 8685
6675 10245
6685 10272
6683 10248
6588 9927
6854 10479
6855 10473
6602 9651
6720 10014
6790 10233
6782 9891
7072 10836
7075 10845
6982 10509
6929 10341
7092 10530
7100 10554
7101 10557
6992 10221
6763 9525
7456 11385
7394 11154
7306 10872
7509 11544
7427 11253
7485 11109
7676 11745
7699 11814
7510 11184
7732 11913
7854 11979
7687 11415
7899 12123
7576 11073
7938 12231
7880 11694
7882 11700
8070 12318
8014 12114
8113 12438
8184 12324
8086 12012
8294 12699
8288 12681
8334 12822
8458 12891
8280 12294
8151 11898
8156 11913
8522 13065
8326 12123
8549 12810
8610 13002
8572 12879
8501 12657
8668 12858
8754 13125
8802 13278
8771 13176
8699 12951
8985 13527
9081 13860
8879 13191
9108 13941
9077 13821
8908 12969
9067 13455
9078 13488
9215 13917
9259 14058
9380 14112
9471 14433
9120 13305
9123 13314
9373 14082
9648 14664
9544 14295
9552 14319
9319 13602
9326 13623
9654 14316
9660 14334
9805 14787
9666 14352
9509 13872
9934 14865
10071 15333
10103 15417
10123 15486
9876 14682
10047 14895
10140 15183
10295 15702
10064 14946
10331 15810
10453 15867
10389 15639
10348 15507
10516 16065
10097 14736
10660 16197
10444 15486
10717 16368
10554 15825
10467 15555
10635 15759
10738 16077
10895 16602
10914 16659
10886 16548
10836 16062
10835 16059
10847 16095
11135 17022
10967 16464
11251 17073
11132 16659
11235 16986
11308 17241
11333 17307
11325 16938
11333 16962
11245 16689
11347 17004
11261 16737
11520 17223
11243 16374
11248 16389
11256 16413
11447 16995
11869 18033
11876 18048
11445 16680
11750 17613
11822 17838
12025 18165
11928 17847
11836 17562
11841 17577
11650 16995
12014 17796
12289 18687
12195 18357
12135 18168
12039 17871
11620 16296
12322 18429
12459 18867
12340 18483
12243 18183
12657 19179
12412 18390
12425 18429
12605 18987
12552 18819
12752 19128
12888 19593
12723 19032
12843 19410
12856 19449
12968 19476
12600 18345
12813 18993
12828 19038
13162 20112
12997 19245
13004 19266
13289 20184
13197 19863
13025 19329
13462 20394
12985 18900
13206 19572
13218 19608
13224 19626
13677 20757
13401 19857
13408 19878
13189 19212
13535 20268
13588 20118
13592 20130
13602 20160
13838 20895
13617 20205
13777 20385
14055 21264
13790 20424
14132 21522
13934 20865
14158 21246
13987 20715
13998 20748
14337 21837
13783 20094
14293 21342
14375 21597
14488 21981
14203 21063
14411 21705
14663 22215
14378 21288
14140 20565
14722 22374
14171 20658
14874 22551
14896 22617
14587 21615
14792 22248
14602 21660
14764 21846
14901 22266
14787 21915
15132 23022
14993 22551
14967 22155
14731 21438
14984 22206
15332 23322
15352 23382
15278 22797
15499 23532
15308 22887
15312 22899
15198 22548
15110 21975
15639 23607
15583 23421
15130 22035
15759 24003
15876 24057
15685 23418
15783 23721
15582 23100
15332 22341
16052 24255
16014 24123
15514 22587
15779 23391
15992 24048
15947 23595
15701 22848
16173 24291
16192 24348
16363 24915
16472 24924
16156 23922
16164 23946
16173 23973
16321 24426
16347 24195
16559 24849
16620 25041
16510 24693
16598 24966
16275 23670
16883 25557
16764 25164
16293 23724
16298 23739
16737 24765
16745 24789
17116 25983
17035 25686
16917 25314
17076 25491
16945 25089
17318 26280
17172 25788
17116 25611
17482 26475
17138 25368
16864 24537
17156 25422
17167 25455
17547 26313
17480 26103
17340 25674
17504 26175
17073 24864
17521 25917
17751 26625
17540 25974
17920 27168
17787 26733
17937 26883
17872 26679
18117 27486
18065 27285
18137 27519
18065 26958
18300 27726
18090 27033
17942 26580
17947 26595
18119 26811
18117 26805
18281 27306
18139 26871
18519 28056
18457 27534
18558 27846
18330 27144
18336 27162
18489 27630
18665 27858
18883 28557
18523 27423
18695 27948
18693 27942
18938 28386
19094 28911
18884 28215
18733 27753
19154 29088
19064 28455
19062 28449
18604 27057
19338 29340
19102 28569
19104 28266
19485 29481
19120 28314
19119 28311
19391 29145
19544 29304
19301 28557
19606 29499
19485 29118
19757 29997
19493 28833
19882 30054
19504 28866
19517 28905
19529 28941
19691 29127
20097 30417
19390 28215
20138 30540
19394 28227
19889 29421
19895 29439
20306 30735
19915 29499
19917 29505
20083 29703
20485 30981
20513 31077
20271 30276
20291 30336
19954 29007
19959 29022
20559 30849
20473 30582
20486 30621
20150 29295
20651 30816
20671 30876
20503 30363
20681 30906
20938 31386
21081 31851
21113 31974
21009 31608
20371 29658
21043 31392
21147 31713
21068 31467
21071 31476
21179 31809
20722 30111
21072 31170
21084 31206
21093 31233
21587 32796
21589 32448
21597 32472
21282 31500
21290 31524
21295 31539
21458 31728
21464 31746
21131 30738
21826 32859
21782 32718
21311 30978
21670 32064
21671 32067
21677 32085
22156 33585
21861 32337
22047 32904
22058 32937
22064 32955
22068 32967
22057 32625
22061 32637
22550 34194
22072 32670
22085 32709
22252 32910
22258 32928
22266 32952
22277 32985
22624 34053
22633 33762
22727 34053
22457 33225
22472 33270
22479 33291
22637 33465
22841 34086
23123 35004
22662 33540
22867 34164
22843 33783
22848 33798
23340 35364
23052 34419
22875 33879
23226 34641
23330 34962
23056 34122
22686 33003
23073 34173
23235 34359
23536 35280
23252 34410
23258 34428
23572 35388
23429 34641
23631 35256
23448 34698
23456 34722
23464 34746
23629 34941
23255 33810
23639 34971
23848 35607
23864 35655
24287 36678
24287 36678
23457 34116
23848 35298
23845 35289
24220 36123
24230 36153
24041 35577
24045 35589
24555 37191
24223 35823
24536 36780
24236 35862
24755 37491
24458 36537
24602 36669
24427 36135
24039 34962
24042 34971
24449 36201
24612 36390
24826 37041
25007 37602
24952 37428
25032 37677
24413 35484
24818 36708
24829 36741
25042 37389
24431 35538
25199 37560
25522 38604
25025 37029
25032 37050
25042 37080
25675 38742
25213 37293
25430 37953
25620 38541
25445 37998
25600 38163
25721 38535
25740 38592
25641 38286
25647 38304
25597 37845
25594 37836
25824 38535
25207 36666
25968 38976
25793 38133
26015 38808
26024 38835
26370 39945
26294 39681
26378 39615
26212 39099
26003 38463
26350 39522
26022 38520
26403 39372
26521 39735
26746 40482
26771 40548
26221 38817
26600 39663
26393 39033
26619 39720
26410 39084
26419 39111
26575 39279
27116 40986
26816 40011
26823 40032
26615 39399
26350 38295
27001 40266
27136 40680
27144 40704
26374 38367
27197 40554
26984 39906
26990 39924
27490 41469
26568 38649
27170 40164
27522 41238
27184 40206
27426 40941
27201 40257
26934 39147
27602 41169
26943 39174
27395 40539
27394 40536
27563 40743
27572 40770
28142 42570
27590 40824
27834 41565
27982 41709
27771 41067
28007 41784
28147 42213
27791 41127
28187 42024
28190 42033
27970 41364
27527 40026
28342 42498
28690 43308
28163 41643
28739 43452
28747 43458
28189 41721
28578 42597
28353 41913
28363 41943
28378 41988
28385 42009
28905 43287
28554 42216
28565 42249
28098 40839
28577 42285
28746 42492
28750 42504
29004 43275
29356 44403
29342 44352
29177 43494
29184 43515
28962 42840
29330 43962
28978 42888
29135 43059
29149 43101
29400 43863
29165 43149
29172 43170
29336 43362
29348 43398
29352 43410
29357 43425
29369 43461
29063 42234
29782 44409
29797 44454
29801 44466
29568 43758
29973 44682
29738 43968
29745 43989
30361 45918
30015 44808
30296 45360
30307 45393
29943 44283
29952 44310
29963 44343
30565 45876
30713 46383
30389 45330
30150 44604
30159 44631
30305 44769
29843 43374
30335 44859
30345 44889
30613 45702
30516 45102
30775 45888
30537 45165
30537 45165
30808 45987
31301 47238
30719 45411
30734 45456
30738 45468
30746 45492
30911 45687
31175 46488
31187 46524
30940 45774
31200 46563
31108 45978
31578 47415
31514 47214
31385 46818
31143 46083
31555 47028
31701 47475
31319 46311
31333 46353
31602 47169
32099 48432
31756 47331
32131 48528
32108 48432
31535 46659
31698 46848
32091 48045
32345 48861
31210 45375
31727 46935
32154 47925
32170 47973
32513 49065
32183 48012
32586 49293
32092 47430
31588 45909
32745 49479
32116 47502
32130 47544
31770 46155
32298 47748
32571 48576
31794 46227
32595 48648
32751 48816
32491 48027
32503 48063
32515 48099
32521 48117
32685 48309
32956 49131
32974 49185
33118 49626
33134 49674
33361 50064
32889 48621
33436 50298
32903 48663
33190 49533
33341 49686
33715 50883
33636 50598
33100 48954
33386 49821
33754 50643
33280 49194
33566 50061
33580 50103
33584 50115
34058 51291
33476 49482
33490 49524
34151 51588
33778 50397
33668 49758
33677 49785
34229 51477
33146 48183
33701 49857
34405 51705
34148 50907
34153 50922
33885 50109
33901 50157
34059 50331
34344 51195
34355 51228
34365 51258
34382 51309
34259 50631
34260 50634
34275 50679
34570 51573
34579 51600
34461 50937
34742 51789
34753 51822
34759 51840
34933 52371
35283 53166
34665 51249
35105 52587
34964 52155
34683 51303
34850 51504
35136 52371
34861 51537
35163 52452
35419 53238
35047 51795
35053 51813
35348 52707
35361 52746
35077 51885
35248 52098
35819 53847
35703 53481
35554 53025
35278 52188
36097 54435
35729 53250
35461 52437
35467 52455
35476 52482
35636 52662
35646 52692
35649 52701
36109 54099
35961 53646
36428 54783
35843 52983
35846 52992
36152 53919
36166 53961
36036 53262
36334 54165
36497 54663
36053 53313
36363 54252
36232 53550
36689 54939
36246 53592
36551 54516
36559 54540
36426 53832
35850 52095
36442 53880
36447 53895
36758 54837
36622 54120
36633 54153
36633 54153
36644 54186
36961 55146
37119 55320
36827 54435
36836 54462
37143 55392
37162 55449
37316 55611
37023 54723
37032 54750
37035 54759
37358 55737
37886 57102
37221 55017
37229 55041
37237 55065
37555 56028
37710 56193
37416 55302
37428 55338
37740 56283
37754 56325
36998 53739
37009 53772
37928 56547
37630 55644
37636 55662
37803 55863
38280 57312
38532 58122
38133 56862
38151 56916
38001 56157
38320 57123
38332 57159
38021 56217
38025 56229
38509 57390
38203 56463
38211 56487
38538 57477
38231 56547
38397 56745
38713 57702
38411 56787
38891 58245
38421 56817
38588 57018
38916 58011
38925 58038
38930 58053
39107 58593
38791 57327
39109 58290
39120 58323
38815 57399
39140 58383
39463 59061
39309 58590
39001 57657
39009 57681
39339 58680
39490 58833
39190 57924
39198 57948
39528 58947
39216 58002
39866 59670
39380 58194
39396 58242
39896 59760
39405 58269
39573 58473
39584 58506
39909 59490
39600 58554
39933 59562
39769 58761
39780 58794
40528 61101
40298 60366
39803 58863
39970 59064
40710 61368
39988 59118
40318 60117
40329 60150
40165 59349
40504 60375
40179 59391
40190 59424
40199 59451
40363 59643
40700 60663
41138 62058
40714 60705
40734 60765
40556 59922
40896 60951
40579 59991
40916 61011
40930 61053
40753 60213
40765 60249
40120 58305
40783 60303
40790 60324
41455 62037
40958 60528
41301 61566
41488 62136
41317 61614
41148 60798
41753 62640
41501 61866
41688 62436
41516 61911
41346 61092
41356 61122
41365 61149
41712 62199
41892 62748
41880 62403
41888 62427
41901 62466
42082 63018
41918 62517
42065 62658
42254 63234
41081 59688
41756 61722
41773 61773
42451 63525
42464 63564
41947 61995
41962 62040
41962 62040
42136 62262
42480 63303
42146 62292
42159 62331
42518 63417
42674 63585
42681 63606
42346 62592
42350 62604
42366 62652
42528 62838
42884 63915
42896 63951
41866 60843
42559 62931
42724 63126
42732 63150
43095 64248
42749 63201
42756 63222
43450 65022
43273 64482
43292 64539
43300 64563
42955 63519
43115 63699
43123 63723
43486 64821
43146 63792
43510 64893
42625 61920
43675 65088
43684 65115
43341 64077
43702 65169
43511 64287
43518 64308
43884 65415
43537 64365
43549 64401
44060 65643
43719 64611
44271 66285
44092 65739
43738 64668
44254 65925
43906 64872
43922 64920
43932 64950
44483 66621
44106 65172
44111 65187
44664 66864
44125 65229
44137 65265
44304 65466
44853 67131
44307 65475
44316 65502
44700 66663
44497 65745
44504 65766
44874 66885
44882 66909
44896 66951
45052 67119
45061 67146
45076 67191
44719 66111
45580 68775
45255 67428
44901 66357
44190 64215
45478 68106
45781 69078
45088 66618
45094 66636
45099 66651
45112 66690
45114 66696
45287 66915
45655 68028
45299 66951
45310 66984
45319 67011
45486 67212
45859 68340
45496 67242
45504 67266
45890 68433
46048 68607
45685 67509
46071 68676
44962 65331
45713 67593
45879 67791
46251 68916
45890 67824
46273 68982
46284 69015
45339 65862
46075 68079
46966 70851
46098 68148
46472 69279
46836 70080
46848 70116
46659 69540
46291 68427
46299 68451
47035 70377
46852 69819
46475 68679
46490 68724
47183 70830
47042 70089
47047 70104
46676 68982
47073 70182
46689 69021
46861 69237
46865 69249
47456 71040
47267 70464
46894 69336
47436 70671
47641 71295
47073 69573
47462 70749
47092 69630
47628 70947
48142 72573
47850 71622
47273 69873
47672 71079
47442 70080
47456 70122
47466 70152
47477 70185
47484 70206
48029 71550
48341 72504
47656 70422
48060 71643
47681 70497
47839 70671
48233 71862
48451 72525
48254 71925
48273 71982
48421 72126
48048 70998
48045 70989
48066 71052
48470 72273
48232 71250
48244 71286
48250 71304
48658 72537
48670 72573
48815 72708
48442 71580
48845 72798
49239 74007
49073 73491
49029 73050
48638 71868
49245 73707
49035 73068
48661 71937
48829 72141
49230 73353
48837 72165
48849 72201
48072 69861
49619 74229
49034 72456
49435 73668
49997 75435
49056 72522
49222 72720
49232 72750
49241 72777
49652 74019
49255 72819
49418 73008
49829 74250
48644 70677
49846 74301
50378 75969
49618 73308
50023 74532
49631 73347
50043 74592
49648 73398
49812 73590
49815 73599
49832 73650
49836 73662
49839 73671
50607 75693
50424 75135
50025 73929
50032 73950
50040 73974
50608 75387
50942 76407
50626 75441
50635 75468
50867 76173
50809 75690
51029 76359
50418 74508
50429 74541
50436 74562
50594 74736
50605 74769
51031 76056
50617 74805
51046 76101
50794 75036
50803 75063
51758 78009
51444 77004
50825 75129
50998 75348
50996 75342
51011 75387
51020 75414
51029 75441
51194 75636
51200 75654
51211 75687
52068 78303
51224 75726
51388 75918
51812 77199
51398 75948
51833 77262
51838 77277
52001 77466
51590 76224
51602 76260
51609 76281
52039 77580
51780 76494
52410 78402
52221 77826
51806 76572
51816 76602
51975 76779
51986 76812
51999 76851
52424 78135
52013 76893
52595 78348
52604 78375
52184 77106
52201 77157
52211 77187
52372 77370
52383 77403
52386 77412
53397 80535
53404 80556
52994 78945
52994 78945
53016 79011
52594 77736
52597 77745
52765 77949
52769 77961
52783 78003
52788 78018
53225 79338
53609 80199
53394 79545
53412 79599
52990 78324
53432 79659
53162 78540
53599 79860
53607 79884
53185 78609
53194 78636
53353 78813
54017 80823
54215 81435
52519 76302
53388 78918
53549 79101
53998 80457
52713 76584
53578 79188
54022 80529
54177 80694
53759 79431
54198 80757
54214 80805
53776 79482
54606 81690
53949 79701
53964 79746
54958 82809
53983 79803
54135 79959
54141 79977
54596 81351
54612 81399
54622 81429
54779 81600
54349 80301
54355 80319
53487 77706
54817 81714
54536 80562
54989 81930
54999 81960
54562 80640
55020 82023
55510 83211
54739 80871
55199 82260
55199 82260
55699 83796
54931 81147
54935 81159
54945 81189
54947 81195
55412 82599
55124 81426
55584 82815
55143 81483
55601 82866
55608 82887
56111 84114
55335 81759
55790 83133
54458 79119
55808 83187
55964 83355
54643 79374
55989 83430
55535 82059
56008 83487
55715 82299
55723 82323
55730 82344
55736 82362
56206 83781
55916 82602
55924 82626
56386 84021
56394 84045
55948 82698
56106 82872
56120 82914
56583 84312
56593 84342
56143 82983
56759 84540
56315 83199
57012 85308
56334 83256
57036 85380
56959 84840
56515 83499
56522 83520
57227 85653
57001 84966
56703 83763
56713 83793
56716 83802
56727 83835
56738 83868
56903 84063
57371 85476
56915 84099
57390 85533
56934 84156
57095 84339
57566 85761
57571 85776
57119 84411
57595 85848
57750 86013
57304 84666
57313 84693
57786 86121
57327 84735
57492 84930
57965 86358
58215 87117
57977 86394
57520 85014
57688 85218
58161 86646
57706 85272
58180 86703
58815 88689
57883 85503
57895 85539
58371 86976
57910 85584
57918 85608
58910 88311
58089 85821
58566 87261
58104 85866
58113 85893
58987 88233
58758 87537
58297 86145
58773 87582
58309 86181
58948 87807
58472 86370
58489 86421
58965 87858
58504 86466
58674 86676
59155 88128
59769 90060
58698 86748
58704 86766
58869 86961
58879 86991
58880 86994
59374 88485
59382 88509
59066 87252
59070 87264
59080 87294
59572 88779
59574 88785
59266 87552
59750 89013
60217 90441
59771 89076
59775 89088
59462 87840
60195 90057
59960 89343
58528 85029
59976 89391
59661 88137
60390 90342
59668 88158
60417 90423
59690 88224
59850 88404
59861 88437
60353 89922
60357 89934
59886 88512
60052 88710
60058 88728
60059 88731
60078 88788
60076 88782
60248 88998
60739 90480
60265 89049
60753 90522
60775 90588
60437 89265
60454 89316
60457 89325
60466 89352
60479 89391
60643 89583
61139 91080
60656 89622
60665 89649
60672 89670
60839 89871
60848 89898
61342 91389
61607 92193
60874 89976
61906 92799
61036 90162
61054 90216
61549 91710
61825 92547
61230 90444
61237 90465
61245 90489
61751 92016
61264 90546
61423 90723
61440 90774
61940 92283
61444 90786
61463 90843
61621 91017
62134 92565
61638 91068
61653 91113
62156 92631
62314 92805
62582 93618
61830 91344
61846 91392
62359 92940
61031 88638
62516 93111
62539 93180
62040 91674
62825 94047
62210 91884
62227 91935
62990 94242
62236 91962
63158 94755
62415 92199
62422 92220
62937 93774
62433 92253
62443 92283
62606 92472
62617 92505
63131 94056
62634 92556
63152 94119
63311 94296
63320 94323
63324 94335
63749 95628
62837 92865
63514 94605
63516 94611
63018 93108
63028 93138
63547 94704
63186 93312
63713 94902
63213 93393
63224 93426
63743 94992
63910 95193
63912 95199
63931 95256
63424 93726
63950 95313
64105 95478
64377 96303
63607 93975
62595 90930
64554 96843
63793 94233
63801 94257
63811 94287
63813 94293
63822 94320
64501 96066
63985 94509
64007 94575
64010 94584
64015 94599
64958 97146
64190 94824
64198 94848
64731 96456
64211 94887
64383 95103
64380 95094
64398 95148
64920 96723
64932 96759
64582 95400
65103 96972
64593 95433
65390 97842
64609 95481
65295 97248
64779 95691
65310 97293
63753 92604
64802 95760
64974 95976
64978 95988
65515 97608
65519 97620
65805 98487
65161 96237
66332 99843
65715 97908
65189 96321
65205 96369
65369 96561
65371 96567
65386 96612
65387 96615
65401 96657
65566 96852
65571 96867
65579 96891
65585 96909
66130 98553
66289 98730
65770 97164
65778 97188
65784 97206
65789 97221
65957 97425
65966 97452
65975 97479
66931 100374
66528 99147
66154 97716
66158 97728
66710 99393
66179 97791
66188 97818
66879 99600
66890 99633
66367 98055
66916 99711
67615 101889
67083 99912
66548 98298
67097 99954
66570 98364
66576 98382
67270 100173
67565 101067
66758 98628
66770 98664
67317 100314
66941 98877
66949 98901
67496 100551
66967 98955
66972 98970
67943 101601
67688 100827
67699 100860
67165 99249
67708 100887
67872 101079
67877 101094
67890 101133
67359 99531
67917 101214
68075 101388
67541 99777
67550 99804
67553 99813
67566 99852
67729 100041
68269 101670
67748 100098
67751 100107
67757 100125
67923 100323
68476 101991
68768 102876
68490 102033
69187 104187
68671 102276
68948 103116
68691 102336
68699 102360
68992 103248
68869 102570
69162 103458
68331 100947
69179 103509
68909 102690
68519 101211
69073 102882
69083 102912
68537 101265
69109 102990
69541 103995
68722 101520
69568 104076
68738 101568
69588 104136
68910 101784
68920 101814
69486 103521
69492 103539
68935 101859
69111 102087
69668 103767
69682 103809
69975 104697
69138 102168
69305 102369
69313 102393
69877 104094
69890 104133
70186 105030
69500 102654
69504 102666
70082 104409
70087 104424
69534 102756
69698 102948
70266 104661
69710 102984
69724 103026
69726 103032
69896 103242
70467 104964
70469 104970
70774 105894
70496 105051
70652 105219
70660 105243
70110 103584
70113 103593
70126 103632
70290 103824
70293 103833
70869 105570
70878 105597
70319 103911
71053 105822
70483 104103
71508 107205
70511 104187
70517 104205
71248 106107
70690 104424
71266 106161
70699 104451
70715 104499
71969 107997
71455 106428
70895 104739
71476 106491
70908 104778
71643 106692
71077 104985
71093 105033
71096 105042
71110 105084
71273 105273
71854 107025
71865 107058
71869 107070
71876 107091
72333 108171
71478 105588
72060 107343
71489 105621
72087 107424
72240 107583
71676 105882
72260 107643
71688 105918
72580 108612
71852 106110
71872 106170
72460 107943
71886 106212
72470 107973
72640 108183
72070 106464
72071 106467
72662 108249
72094 106536
72837 108474
72263 106743
72271 106767
73157 109443
72288 106818
73036 108771
73042 108789
72464 107046
73059 108840
72479 107091
73529 109959
73684 110433
72666 107352
73266 109161
72682 107400
72843 107583
73439 109380
73449 109410
73455 109428
72882 107700
73623 109632
73054 107916
73649 109710
73659 109740
73078 107988
73824 109935
73834 109965
73257 108225
73265 108249
73271 108267
73437 108465
74035 110268
73456 108522
74059 110340
73469 108561
73634 108756
74234 110565
74249 110610
73657 108825
73667 108855
74418 110817
73837 109065
73850 109104
75012 112626
74465 110958
74919 112029
74632 111159
74637 111174
74047 109395
74060 109434
74824 111435
74828 111447
74839 111480
74851 111516
74257 109725
75015 111708
75025 111738
75033 111762
74442 109980
74453 110013
74614 110196
75227 112044
74633 110253
74646 110292
75726 113559
75419 112320
75420 112323
74830 110544
74842 110580
74850 110604
75009 110781
75016 110802
75941 113595
75952 113628
75049 110901
75809 112890
75824 112935
75229 111141
75228 111138
75238 111168
75402 111360
76331 114165
75423 111423
76036 113271
75441 111477
75602 111660
76224 113535
75617 111705
76229 113550
75636 111762
76412 113799
76420 113823
76424 113835
76431 113856
75831 112047
77163 115779
75997 112245
76944 115104
76021 112317
76650 114213
76796 114351
76816 114411
76209 112581
76837 114474
76849 114510
76390 112824
76396 112842
76405 112869
77033 114762
77036 114771
76585 113109
77213 115002
76604 113166
76612 113190
76615 113199
76786 113412
77406 115281
76802 113460
77426 115341
76816 113502
77599 115560
77607 115584
76998 113748
77008 113778
77014 113796
77178 113988
77186 114012
77197 114045
77197 114045
77212 114090
77998 116157
78008 116187
78015 116208
77398 114348
77407 114375
78504 117384
77580 114594
77582 114600
77594 114636
77604 114666
77763 114843
78724 117744
77779 114891
78418 116817
78433 116862
77965 115149
78599 117060
78935 118077
78616 117111
78628 117147
78162 115440
78800 117363
79128 118356
79406 119208
78828 117447
78359 115731
78368 115758
79009 117690
78373 115773
78389 115821
79186 117921
79198 117957
78574 116076
79212 117999
78585 116109
79383 118212
78754 116316
78766 116352
78779 116391
78782 116400
78951 116607
79590 118533
78967 116655
78974 116676
79622 118629
79776 118791
79156 116922
79802 118869
79168 116958
79181 116997
79976 119091
79991 119136
79363 117243
79369 117261
79378 117288
79539 117471
80773 121209
79554 117516
79565 117549
79573 117573
79736 117762
80387 119724
80714 120714
79753 117813
80418 119817
79933 118053
80587 120024
80918 121026
80606 120081
80617 120114
81275 121806
80139 118371
80149 118401
80797 120354
80802 120369
80323 118623
80985 120618
80988 120627
81000 120663
80362 118740
81168 120867
81178 120897
81192 120939
81200 120963
81543 122001
80721 119217
81709 122199
80739 119271
81398 121257
80754 119316
81568 121467
80925 119529
80936 119562
80942 119580
80954 119616
81762 121749
81121 119817
79836 115953
81794 121845
81147 119895
81305 120069
81316 120102
81985 122118
81333 120153
82009 122190
82164 122355
82174 122385
81524 120426
81532 120450
81542 120480
81705 120669
81715 120699
81719 120711
81732 120750
81741 120777
81905 120969
82569 122970
81924 121026
81928 121038
82942 124098
82100 121254
82770 123273
82112 121290
82788 123327
82124 121326
83281 124515
82307 121575
83312 124608
82322 121620
82990 123633
83152 123819
82504 121866
82512 121890
83183 123912
82530 121944
82690 122124
82701 122157
83374 124185
82713 122193
82725 122229
82881 122397
83559 124440
82902 122460
83578 124497
83594 124545
83750 124713
83088 122718
83103 122763
83104 122766
83788 124827
83954 125025
83288 123018
83299 123051
83305 123069
84336 126180
83478 123288
84155 125328
84688 126945
83499 123351
83512 123390
83673 123573
83682 123600
84358 125637
83703 123663
83706 123672
83872 123870
83881 123897
83886 123912
83887 123915
83899 123951
84069 124161
84078 124188
84088 124218
84776 126291
84779 126300
84938 126477
84267 124455
84277 124485
84290 124524
84974 126585
84459 124731
84473 124773
84477 124785
85168 126867
85183 126912
84659 125031
84669 125061
85351 127116
84678 125088
84692 125130
85536 127371
84864 125346
85908 128496
84881 125397
86112 129117
85055 125619
85062 125640
86109 128799
85766 127761
85085 125709
86277 129003
85257 125925
85949 128010
86306 129090
85285 126009
85449 126201
85456 126222
86154 128325
85471 126267
85476 126282
85647 126495
86340 128583
86345 128598
86362 128649
86369 128670
86531 128856
85846 126792
86544 128895
85865 126849
85875 126879
86723 129132
86730 129153
86749 129210
86064 127146
87118 130326
86235 127359
87731 131940
86949 129510
86261 127437
86249 127401
86436 127662
87126 129741
87145 129798
86451 127707
87165 129858
87324 130035
86634 127956
86649 128001
86653 128013
86658 128028
87524 130335
87534 130365
86840 128274
86849 128301
85466 124143
87718 130617
87031 128547
87039 128571
87049 128601
87052 128610
87216 128802
87924 130935
87936 130971
87244 128886
87245 128889
88107 131184
88123 131232
87435 129159
87442 129180
88156 131331
88313 131502
88312 131499
87624 129426
87638 129468
88355 131628
87806 129672
88513 131802
87827 129735
87835 129759
87840 129774
88713 132102
88719 132120
88725 132138
88742 132189
88741 132186
88197 130245
89736 134955
88220 130314
88227 130335
88950 132513
89110 132693
88405 130569
88415 130599
88425 130629
89141 132786
88597 130845
88608 130878
88610 130884
88618 130908
89339 133080
89505 133278
88804 131166
88807 131175
88819 131211
88824 131226
88992 131430
89714 133605
89720 133623
89011 131487
89022 131520
89189 131721
89193 131733
89205 131769
89207 131775
89218 131808
90098 134157
89394 132036
89400 132054
89410 132084
90140 134283
90299 134460
89589 132321
89597 132345
90889 136248
89615 132399
89782 132600
89790 132624
90511 134796
89798 132648
91443 137682
90694 135045
89985 132909
89994 132936
91096 136260
90009 132981
90164 133146
90903 135372
90190 133224
90194 133236
90931 135456
91093 135642
90378 133488
91113 135702
90395 133539
91701 137484
90566 133752
90573 133773
90570 133764
91313 136002
90597 133845
90766 134052
91493 136242
91499 136260
90787 134115
91532 136359
91687 136524
90969 134361
91705 136578
90985 134409
90992 134430
91159 134631
91888 136827
91172 134670
91918 136917
91191 134727
92080 137103
92091 137136
91368 134958
92109 137190
91388 135018
91546 135192
92296 137451
92298 137457
92690 138642
92707 138693
92484 137715
91746 135492
91764 135546
92512 137799
91779 135591
91938 135768
91949 135801
93078 139206
91965 135849
92723 138132
92143 136083
92892 138339
92154 136116
92164 136146
92176 136182
93075 138588
92347 136395
92353 136413
92364 136446
93119 138720
93275 138888
92541 136677
93295 138948
92556 136722
93700 140172
92729 136941
92740 136974
92748 136998
92755 137019
92762 137040
92924 137226
92938 137268
93686 139521
92952 137310
94399 141687
93869 139770
93883 139812
93894 139845
93150 137604
93156 137622
94066 140061
93328 137838
94086 140121
93339 137871
93357 137925
94251 140316
93523 138123
93535 138159
94297 140454
93554 138216
93719 138411
93727 138435
94483 140712
94497 140754
93748 138498
93915 138699
93919 138711
94680 141003
93933 138753
93948 138798
94864 141255
94118 139008
94881 141306
94135 139059
94144 139086
94308 139278
95069 141570
95082 141609
95087 141624
95102 141669
95257 141834
95274 141885
94521 139617
95289 141930
94538 139668
94701 139857
95462 142149
95474 142185
96420 145113
94725 139929
94899 140151
95666 142461
96264 144273
94922 140220
95694 142545
95858 142737
95864 142755
95112 140490
95119 140511
96289 144039
96057 143034
96067 143064
96072 143079
95317 140805
96097 143154
95484 141006
95496 141042
96265 143358
96283 143412
95519 141111
95685 141309
95694 141336
96469 143670
96482 143709
95707 141375
96647 143904
96660 143943
95894 141636
95902 141660
95909 141681
96077 141885
97451 146034
96858 144237
96101 141957
96111 141987
97047 144504
97057 144534
97463 145761
96295 142239
96306 142272
96469 142461
97249 144810
96489 142521
97272 144879
96501 142557
97444 145095
96677 142785
96687 142815
96690 142824
97478 145197
96866 143052
98046 146610
96875 143079
96890 143124
96895 143139
97830 145653
97851 145716
98256 146940
97083 143403
97875 145788
98031 145956
98044 145995
98057 146034
97284 143706
97291 143727
98236 146271
97464 143946
98256 146331
98261 146346
98274 146385
97650 144204
97661 144237
98449 146610
97674 144276
97685 144309
97849 144501
99044 148104
97861 144537
97875 144579
98661 146946
98043 144783
98057 144825
98856 147231
98068 144858
98873 147282
98243 145083
98250 145104
99048 147507
99063 147552
99068 147567
99227 147744
99242 147789
99240 147783
99260 147843
98475 145479
