147 159
199 354
216 411
214 396
231 447
401 669
423 741
404 666
445 816
462 870
521 690
618 1035
566 834
638 1086
629 1050
813 1329
816 1320
802 1260
833 1371
841 1386
937 1347
1023 1650
983 1494
1059 1767
1070 1791
1216 1932
1125 1611
1239 2007
1227 1953
1270 2100
1309 1863
1391 2127
1463 2388
1437 2295
1478 2424
1617 2541
1582 2400
1644 2613
1638 2586
1637 2574
1769 2661
1839 2907
1865 2994
1878 3036
1849 2928
1974 2976
2043 3231
2008 3087
1956 2913
2085 3354
2227 3471
2127 3126
2248 3534
2071 2949
2196 3342
2432 3798
2370 3564
2340 3465
2478 3933
2492 3975
2436 3444
2525 3720
2531 3738
2536 3753
2675 4206
2710 3975
2834 4383
2853 4458
2811 4296
2789 4221
2956 4422
2966 4452
2975 4479
3017 4614
3103 4899
3096 4533
3161 4737
3225 4947
3008 4260
3299 5187
3435 5313
3456 5367
3425 5247
3378 5088
3383 5103
3489 5112
3493 5124
3563 5343
3696 5796
3710 5829
3779 5700
3857 5979
3869 5997
3700 5445
3914 6150
3872 5661
3952 5910
4021 6135
4097 6399
3889 5712
4174 6285
4260 6579
4279 6645
4078 5979
4317 6750
4373 6582
4270 6255
4351 6507
4498 7002
4409 6690
4453 6504
4315 6081
4673 7227
4476 6573
4563 6843
4776 7191
4865 7506
4505 6351
4663 6834
4916 7656
5034 7710
4935 7359
5062 7776
4861 7128
4961 7437
5198 7866
5242 8034
5139 7671
5296 8196
5242 7998
5322 7920
5318 7908
5336 7962
5342 7980
5247 7686
5663 8709
5664 8691
5585 8418
5542 8280
5710 8838
5621 8208
5616 8193
5899 9114
5893 9087
5642 8271
5813 8484
5975 8988
5929 8841
6031 9165
6111 9441
6259 9594
6269 9606
6296 9705
6286 9669
6314 9759
6459 9894
6307 9375
6318 9408
6510 10047
6226 9123
6630 10098
6399 9342
6518 9708
6522 9720
6421 9408
6859 10497
6589 9612
6896 10605
6382 8982
6890 10560
6892 10230
6782 9891
6912 10290
7087 10869
6926 10332
6975 10170
6983 10194
6985 10200
7308 11223
7184 10815
7291 10827
7393 11151
7307 10875
7311 10887
7193 10524
7649 11664
7679 11757
7569 11370
7719 11874
7590 11433
7856 11988
7795 11757
7899 12114
7772 11679
7928 12192
7750 11295
7999 12069
7765 11340
8107 12438
7774 11367
8146 12201
8082 12000
8095 12039
8308 12741
7971 11658
8458 12891
8349 12510
8289 12321
8290 12324
8539 13134
8654 13173
8673 13239
8650 13140
8484 12606
8579 12900
8853 13476
8748 13107
8535 12450
8692 12930
8699 12951
8985 13527
9078 13854
9010 13602
9118 13971
8974 13485
9257 14091
9191 13845
9300 14226
8932 13041
8934 13047
9452 14376
9345 13998
9271 13767
9126 13323
9521 14562
9454 14016
9308 13569
9471 14067
9471 14067
9738 14931
9642 14280
9880 15060
9505 13860
9915 15162
9520 13905
9931 14856
10035 15195
9702 14151
9960 14943
9971 14976
10134 15165
10052 14910
10291 15690
9899 14442
10266 15579
10476 15948
10083 14694
10252 15210
10260 15234
10366 15561
10264 14937
10271 14958
10681 16242
10727 16389
10296 15033
10636 15762
10787 16233
10749 16110
10900 16599
10885 16545
10922 16329
10926 16341
10940 16383
10855 16119
10865 16149
11031 16347
11268 17124
11143 16692
11051 16407
11221 16935
11400 17181
11470 17430
11239 16671
11549 17673
11356 17031
11605 17496
11245 16380
11433 16953
11254 16407
11714 17841
11841 17943
11726 17541
11890 18096
11833 17880
11951 18279
12070 18336
11922 17829
11830 17544
12140 18546
11844 17586
12015 17799
12257 18588
12293 18708
12039 17871
12043 17883
12206 18072
12415 18726
12326 18441
12228 18138
12352 18519
12671 19239
12523 18732
12424 18426
12715 19362
12438 18468
12401 18048
12611 18687
12723 19032
12737 19074
12637 18765
12794 18936
13011 19614
12809 18981
12934 19365
12945 19398
13000 19254
13298 20223
13243 20019
13019 19311
13028 19338
13470 20436
13307 19884
12995 18930
13221 19617
13345 19998
13653 20676
13684 20760
13402 19860
13531 20256
13539 20280
13701 20466
13817 20832
13788 20736
13388 19509
13621 20217
13957 20943
13793 20433
13918 20817
14141 21549
14173 21654
14098 21057
14297 21720
14111 21096
14126 21141
14140 21183
14177 20985
14488 21972
14196 21042
14202 21060
14210 21084
14142 20571
14380 21294
14708 22332
14716 22356
14412 21390
14565 21549
14862 22506
14919 22683
14943 22758
14925 22692
15068 22830
14538 21159
14914 22305
14796 21942
15082 22836
15092 22539
14973 22173
15109 22590
15310 23238
15131 22656
15355 23037
15504 23547
15179 22491
15184 22506
15524 23589
15350 22704
15484 23115
15505 23178
15384 22806
15385 22809
15869 24027
15563 23043
15700 23463
15938 24240
15720 23523
15884 23715
15899 23760
15761 23337
15992 24048
15918 23817
15947 23595
15958 23628
15708 22869
16113 24102
15982 23700
16147 23895
16155 23919
16379 24609
15904 23157
16556 25194
16471 24576
16349 24201
16499 24660
16366 24252
16759 25503
16675 24888
16900 25629
16699 24960
16710 24993
16297 23736
16465 23940
16466 23943
16481 23988
16486 24003
16917 25314
17268 26112
17291 26181
16950 25104
16959 25131
17251 26034
17131 25347
17140 25374
16866 24543
17155 25419
17313 25902
17592 26457
17605 26496
17339 25671
17732 26922
17359 25731
17674 26385
17533 25953
17258 25119
17699 26460
17561 26037
17723 26223
18096 27405
17445 25380
17744 26286
17752 26310
17629 25632
18157 27243
17641 25668
18335 27831
18186 27330
18117 26805
18278 27297
18126 26832
18297 27354
18146 26892
18622 28056
18548 27816
18327 27135
18495 27648
18043 26274
18664 27855
18892 28605
18526 27432
18531 27447
18845 28416
18409 26772
18411 26778
18419 26802
18893 28242
18987 28533
18906 27972
18912 27990
19079 28500
19332 29322
18938 28068
19093 28233
19493 29508
19108 28278
19118 28308
19129 28341
18988 27609
19556 29340
19317 28605
19481 29106
19762 30012
19745 29607
19503 28863
19920 30195
19857 29961
19204 27957
19692 29130
19697 29145
19388 28209
19883 29712
19720 29214
19571 28458
19895 29439
20164 30264
20233 30480
19918 29508
20251 30216
20091 29727
20102 29760
20527 31107
19786 28803
19959 29022
19963 29034
20296 30042
20299 30051
20315 30099
20480 30294
20158 29319
20664 30855
20503 30363
20513 30393
21083 31866
20858 31137
21015 31626
20701 30657
21154 32079
21043 31392
20882 30900
20890 30924
21071 31476
21284 32142
21071 31167
21074 31176
20744 30177
21269 31770
21441 32304
21262 31440
21270 31464
21284 31506
21471 32076
21742 32934
21642 32289
21468 31758
21659 32340
21133 30744
21139 30762
21829 32550
21320 31005
21676 32082
21959 32949
21974 32994
21502 31251
22047 32904
22054 32925
21524 31317
22076 32991
22057 32625
22494 34008
22074 32676
22077 32685
22477 33921
22534 33774
22260 32934
22711 34359
22270 32964
22472 33579
22447 33195
22455 33219
22465 33249
22940 34746
22483 33303
22828 34047
22832 34059
22659 33531
22856 34131
22872 34179
22841 33777
23142 34698
23319 35292
22867 33855
23176 34800
23033 34053
23511 35550
23534 35637
23253 34722
23267 34764
22863 33234
23599 35478
23443 34992
23256 34422
23254 34416
23430 34644
23435 34659
23070 33555
23455 34719
23662 35349
24097 36429
23634 34956
23642 34980
23954 35934
23862 35649
24222 36456
23830 35244
24041 35886
24046 35901
24229 36468
24021 35517
24030 35544
24238 36177
24046 35592
24255 36228
24223 35823
24700 37317
24234 35856
24449 36510
24252 35910
24414 36096
24890 37605
24425 36129
24862 37476
24444 36186
25093 37917
24223 35214
24626 36432
24843 37092
24845 37098
24812 36690
25020 37323
24821 36717
24831 36747
24434 35547
25205 37578
25220 37623
25021 37017
25027 37035
25039 37071
25569 38388
25419 37920
25222 37320
25550 38322
25568 38376
25901 39141
25405 37569
25624 38235
25424 37626
25641 38286
25598 37848
25597 37845
25612 37890
25616 37902
25214 36687
26000 38763
26016 38811
26025 38838
26034 38865
26161 39255
26206 39081
25998 38448
26009 38481
26234 39165
26020 38514
26188 38718
26194 38736
26425 39438
26215 38799
26440 39483
26603 39672
26612 39699
26395 39039
26405 39069
26418 39108
26580 39294
27079 40854
26597 39345
26605 39369
26838 40077
26774 39576
27189 40848
27324 41307
27218 40935
26811 39687
26976 39882
27317 40923
26992 39930
27222 40629
27565 41712
27503 41181
27406 40881
27192 40230
27424 40935
27432 40959
27593 41142
27601 41166
27384 40506
27395 40539
27399 40551
27794 41445
27572 40770
27574 40776
27816 41511
28166 42615
27757 41025
28182 42327
27775 41079
28015 41808
28230 42471
28306 42390
28318 42426
27979 41391
28210 42093
28571 43248
28391 42336
28644 43131
28398 42357
28183 41703
28188 41718
28350 41904
28365 41949
28609 42690
28368 41958
28620 42723
28900 43272
28559 42231
28928 43356
28114 40887
28825 43038
28749 42501
28752 42510
29129 43659
28306 41163
28780 42594
28946 42792
29184 43515
28957 42825
28500 41445
29221 43626
29606 44508
29385 43818
29160 43134
28692 41721
29171 43167
29341 43377
29583 44112
29354 43416
29360 43434
29366 43452
29778 44397
29916 44820
29549 43701
29082 42291
30020 45141
29963 44652
29976 44691
29750 44004
30004 44775
29762 44040
30288 45336
30182 45009
30444 45822
29950 44304
30421 45744
30126 44532
30131 44547
30140 44574
30145 44589
30409 45390
30881 46560
30778 46215
30717 46023
30737 46083
30609 45690
30899 46269
30779 45900
30789 45930
30545 45189
30547 45195
30718 45408
30726 45432
30990 46233
31337 47328
31218 46935
31161 46446
30922 45720
30922 45720
31198 46557
31340 46992
31361 46746
31374 46785
31125 46029
31392 46839
31145 46089
31305 46269
31572 47079
31320 46314
31328 46338
31603 47172
31506 46572
31910 47802
31779 47400
31787 47424
32185 48690
31696 46842
31706 46872
31980 47703
31724 46926
31734 46956
32294 48354
31908 47178
31911 47187
31919 47211
31926 47232
32095 47439
32504 48684
32378 48297
32737 49446
32752 49494
32290 47724
32298 47748
32303 47763
32311 47787
32588 48627
32482 48000
32762 48849
32506 48072
32776 48891
32524 48126
32687 48315
32958 49137
32702 48360
32982 49209
32992 49239
32874 48576
33297 49863
32898 48648
32908 48678
32911 48687
33490 50142
33646 50637
33093 48933
33102 48960
33390 49833
33277 49185
33283 49203
32758 47619
33575 50088
33581 50106
33745 50298
33481 49497
33488 49518
32956 47913
33779 50400
33936 50571
33679 49791
34192 51357
33971 50676
33700 49854
33859 50031
34152 50919
33882 50100
33889 50121
34333 51471
34693 52314
34495 51657
34357 51234
34523 51741
34376 51291
34259 50631
34269 50661
34554 51525
34281 50697
34295 50739
34739 51780
34744 51795
34756 51831
34481 50997
34779 51900
34655 51219
34108 49569
34952 52119
34963 52152
35382 53481
35364 53073
34855 51519
35154 52425
35553 53676
35172 52479
35050 51804
35056 51822
35063 51843
35063 51843
35082 51900
35248 52098
35250 52104
35702 53478
35562 53049
35572 53079
35730 53253
35731 53256
35751 53316
35466 52452
35766 53361
35635 52659
35076 50973
35650 52704
35952 53619
35668 52758
36123 53832
35843 52983
35848 52998
35856 53022
36164 53955
36324 54135
36332 54159
36337 54174
36054 53316
36058 53328
36231 53547
36233 53553
35658 51819
36552 54519
36259 53631
36724 54735
36429 53841
36736 54771
36453 53913
36760 54843
36608 54078
36930 55053
36637 54165
36640 54174
36961 55146
37470 56427
37122 55329
36835 54459
37309 55899
36850 54504
37308 55587
36431 52938
37337 55674
37040 54774
37047 54795
37513 55902
37215 54999
37221 55017
37232 55050
37244 55086
37402 55260
37877 56703
37728 56247
37429 55341
37755 56328
37608 55578
37611 55587
37624 55626
37631 55647
38109 57099
37795 55839
37805 55869
38132 56859
38140 56883
37827 55935
38308 57087
37396 54333
38020 56214
38493 57651
38033 56253
38507 57384
38519 57420
38214 56496
38224 56526
38543 57492
38693 57642
38400 56754
38725 57738
38738 57777
38424 56826
38891 57936
37983 55194
38915 58008
39184 58833
38944 58095
38787 57315
38792 57330
38807 57375
39133 58362
38821 57417
39466 59070
39306 58581
39487 59133
39008 57678
39016 57702
39180 57894
39761 59664
39194 57936
39962 60321
39540 58983
39375 58179
39388 58218
38765 56340
39403 58263
40177 60666
39577 58485
40071 59985
39588 58518
39927 59544
40293 60678
39774 58776
40095 59748
39152 56901
39797 58845
39805 58869
39966 59052
39979 59091
39984 59106
39993 59133
40785 61590
40490 60333
40176 59382
40509 60390
40521 60426
40196 59442
40361 59637
40871 61185
40874 61194
40390 59724
40394 59736
40562 59940
40568 59958
41232 61986
41093 61551
40920 61023
40756 60222
41097 61254
41428 62274
40782 60300
40790 60324
41280 61503
41297 61554
40966 60552
40976 60582
41327 61644
41152 60810
41496 61851
41505 61878
41177 60885
41528 61947
41678 62097
41866 62670
41364 61146
41701 62166
41903 62781
41878 62397
42342 63873
41900 62463
41569 61461
41571 61467
41075 59670
41750 61704
42100 62763
41767 61755
42106 62781
42275 62988
41947 61995
42298 63057
42309 63090
42492 63648
42137 62265
42751 64134
42149 62301
42500 63363
42507 63384
42323 62523
41658 60519
42688 63627
42883 64221
42709 63690
42529 62841
42535 62859
42536 62862
42899 63960
42912 63999
42729 63141
42735 63159
42056 61113
43103 64272
43109 64290
43265 64458
42929 63441
42933 63453
42945 63489
42264 61437
43116 63702
43128 63738
43661 65355
43144 63786
43512 64899
43315 63999
43671 65076
43334 64056
43342 64080
43341 64077
43513 64293
43877 65394
43888 65427
43895 65448
43899 65460
44511 67080
43711 64587
43718 64608
43733 64653
43744 64686
43900 64854
44439 66489
43922 64920
43225 62820
43233 62844
44458 66237
44470 66273
44111 65187
44676 66900
44133 65253
44660 66543
44847 67113
44679 66600
44872 67188
44890 67242
44854 66825
45051 67425
44510 65784
44523 65823
44898 66957
45055 67128
44701 66057
44709 66081
44718 66108
45617 68895
45253 67422
44895 66339
44905 66369
44911 66387
44922 66420
45089 66621
45090 66624
45105 66669
45111 66687
45124 66726
45651 68016
46049 69246
45672 68079
45306 66972
45308 66978
45845 68298
45488 67218
45491 67227
45508 67278
45890 68433
46047 68604
45687 67515
45696 67542
45698 67548
45712 67590
45872 67770
45882 67800
46457 69543
46273 68982
46284 69015
46637 69783
46452 69219
46088 68118
46469 69270
46485 69318
46264 68346
46277 68385
46665 69558
45551 66198
47167 71118
46463 68643
46472 68670
46859 69840
46490 68724
46871 69876
47043 70092
46672 68970
46682 69000
46682 69000
47279 70809
47534 71283
46856 69222
46879 69291
46880 69294
47593 71460
47056 69522
47440 70683
47452 70719
47463 70752
47092 69630
47639 70980
47264 69846
47650 71013
46510 67575
47871 71685
47449 70101
48042 71898
46706 67863
47477 70185
48080 72012
47650 70404
47655 70419
47662 70440
47674 70476
48073 71682
48226 71841
48608 73014
48253 71922
47871 70767
47878 70788
48043 70983
48051 71007
48648 72816
48445 72198
48068 71058
48235 71259
48238 71268
48639 72480
48255 71319
48663 72552
48435 71559
48437 71565
48454 71616
48460 71634
49078 73506
48633 71853
48637 71865
48648 71898
49513 74547
48664 71946
48829 72141
48057 69816
48843 72183
49457 74043
48858 72228
49029 72441
49635 74277
49440 73683
49050 72504
49061 72537
49620 73923
49226 72732
49643 73992
49248 72798
49659 74040
49421 73017
49428 73038
49841 74286
50054 74934
49451 73107
49616 73302
49625 73329
50035 74568
48833 70944
50051 74616
49812 73590
49817 73605
49832 73650
49835 73659
49842 73680
50007 73875
50019 73911
50424 75135
50035 73959
50452 75219
50210 74184
50212 74190
50633 75462
50640 75483
50654 75525
50407 74475
50816 75711
50824 75735
50422 74520
50432 74550
50604 74766
50606 74772
51032 76059
51035 76068
51263 76761
50793 75033
50800 75054
51547 77322
50823 75123
51697 77790
50996 75342
51413 76602
51426 76641
51433 76662
51665 77367
51192 75630
51199 75651
51208 75678
51212 75690
51647 77004
51388 75918
51812 77199
51397 75945
51410 75984
51414 75996
52001 77466
52009 77490
52024 77535
52029 77550
52037 77574
52197 77754
51791 76527
51799 76551
52224 77835
52650 79140
52391 78036
52736 79089
51995 76839
52425 78138
52011 76887
52174 77076
52815 79017
52615 78408
53158 80109
52634 78465
52374 77376
53024 79344
53031 79365
52395 77439
52827 78744
52988 78927
52579 77691
52588 77718
52595 77739
53031 79056
53402 79878
53606 80508
53207 79284
53218 79317
53234 79365
53388 79527
52971 78267
53404 79575
52986 78312
53431 79656
53584 79815
53160 78534
53173 78573
53184 78606
53631 79956
53789 80130
53359 78831
53797 80154
53383 78903
53392 78930
54199 81069
54545 82188
53569 79161
53576 79182
53588 79218
54406 81390
53751 79407
54206 80781
54209 80790
53787 79515
54381 81006
54381 81006
53963 79743
53970 79764
54421 81126
54144 79986
54150 80004
54593 81342
54168 80058
54614 81405
54777 81594
55016 82320
54359 80331
54365 80349
54374 80376
54976 81891
55210 82602
54551 80607
55562 83721
54566 80652
55393 82851
55184 82215
54750 80904
54758 80928
54763 80943
55379 82500
55381 82506
54948 81198
54950 81204
55406 82581
55131 81447
55582 82809
55592 82839
55154 81516
55160 81534
56001 83775
55784 83115
55795 83148
55347 81795
55356 81822
55968 83367
55533 82053
55990 83433
56000 83463
55555 82119
56164 83655
55726 82332
55733 82353
55743 82383
56211 83796
55918 82608
55926 82632
55930 82644
56392 84039
56974 85857
56914 85323
56571 84276
56125 82929
56134 82956
56144 82986
56763 84552
56774 84585
56324 83226
56328 83238
56334 83256
56506 83472
56968 84867
56519 83511
56528 83538
56539 83571
57159 85140
56712 83790
57756 87012
56726 83832
56730 83844
56904 84066
57366 85461
57379 85500
57626 86250
57398 85557
57100 84354
57108 84378
57574 85785
57124 84426
57124 84426
57289 84621
58343 87882
57302 84660
57777 86094
58033 86871
57491 84927
57964 86355
57507 84975
58226 87150
57520 85014
58143 86592
57682 85200
58408 87396
58178 86697
57712 85290
57878 85488
58354 86925
57903 85563
57908 85578
57919 85611
58545 87198
58798 87966
58570 87273
57174 83067
58111 85887
58749 87510
57353 83304
58769 87570
58298 86148
58313 86193
58945 87798
58486 86412
58487 86415
58503 86463
58986 87921
58667 86655
59393 88851
59408 88896
58698 86748
58701 86757
58870 86964
59348 88407
59366 88461
58886 87012
58898 87048
59069 87261
59074 87276
59559 88740
59092 87330
59093 87333
59742 88989
59272 87570
59264 87546
60015 89817
59294 87636
59459 87831
59947 89304
59958 89337
59970 89373
59491 87927
59661 88137
60146 89601
59671 88167
59669 88161
59689 88221
58900 85545
59863 88443
58912 85581
59878 88488
59888 88518
60050 88704
60060 88734
60556 90231
60076 88782
60824 91044
60731 90456
60257 89025
60745 90498
60271 89067
60276 89082
61166 91470
60453 89313
60946 90801
60958 90837
60479 89391
61132 91059
60651 89607
61141 91086
60663 89643
61172 91179
61329 91350
61332 91359
61599 92169
61350 91413
61361 91446
61029 90141
61538 91677
61048 90198
61552 91719
61825 92547
61229 90441
61733 91962
61741 91986
61252 90510
62018 92826
61923 92232
61931 92256
62568 94257
61938 92277
61461 90837
61622 91020
61635 91059
61643 91083
61635 91059
61655 91119
61816 91302
62323 92832
61837 91365
62346 92901
62362 92949
62013 91593
62529 93150
62536 93171
62042 91680
62048 91698
62210 91884
62725 93438
62735 93468
62238 91968
61251 88998
63168 94476
62421 92217
62427 92235
62433 92253
62441 92277
63364 94764
62617 92505
62623 92523
63142 94089
63148 94107
63306 94281
62814 92796
63331 94356
63344 94395
63614 95214
63504 94575
63514 94605
63019 93111
63023 93123
63551 94716
63201 93357
63718 94917
63216 93402
63736 94971
63229 93441
63903 95172
63403 93663
63415 93699
64206 96090
63427 93735
64365 96267
64109 95490
63611 93987
63615 93999
63630 94044
63788 94218
64305 95778
63811 94287
63816 94302
63825 94329
63983 94503
64510 96093
64524 96135
64010 94584
64536 96171
64182 94800
64195 94839
64201 94857
64997 97263
65006 97290
64894 96645
64907 96684
64920 96723
64400 95154
64935 96768
65099 96960
64589 95421
64599 95451
65124 97035
65138 97077
65298 97257
64785 95709
64795 95739
65321 97326
64810 95784
63938 92859
64976 95982
64992 96030
65527 97644
65808 98496
65695 97848
65173 96273
65184 96306
65193 96333
65732 97959
66474 99939
65373 96573
65380 96594
65390 96624
65932 98259
66092 98439
66092 98439
66109 98490
65590 96924
65599 96951
65759 97131
65769 97161
66713 100020
66319 98820
65781 97197
65961 97437
65962 97440
66780 99912
65978 97488
66798 99966
66685 99318
66164 97746
66171 97767
66715 99408
66188 97818
66348 97998
66891 99636
67172 100488
66378 98088
66379 98091
67069 99870
66555 98319
66565 98349
66572 98370
67126 100041
66747 98595
66746 98592
66763 98643
66763 98643
67321 100326
66940 98874
67491 100536
66952 98910
66966 98952
67511 100596
67131 99147
67681 100806
67149 99201
67990 101742
67705 100878
67873 101082
68308 102405
67893 101142
68182 102018
67919 101220
67530 99744
68079 101400
67545 99789
68385 102327
68109 101490
67725 100029
67732 100050
66664 96837
67754 100116
67761 100137
67920 100314
67936 100362
67938 100368
68499 102060
68794 102954
68115 100599
68679 102300
68141 100677
68694 102345
68140 100674
68317 100905
68873 102582
68335 100959
67250 97695
68353 101013
68507 101175
68521 101217
68531 101247
69773 105063
69109 102990
69268 103167
68720 101514
68727 101535
68734 101556
69745 104616
68910 101784
68919 101811
68921 101817
69494 103545
68945 101889
69100 102054
69954 104634
69681 103806
69133 102153
69142 102180
69858 104037
69313 102393
69882 104109
69887 104124
69897 104154
69501 102657
70067 104364
70078 104397
69525 102729
69535 102759
69699 102951
69704 102966
69706 102972
69712 102990
70291 104736
69895 103239
69898 103248
70477 104994
70482 105009
70492 105039
70094 103536
70658 105237
70111 103587
70115 103599
70687 105324
70855 105528
70293 103833
70306 103872
70307 103875
70318 103908
70486 104112
70492 104130
70497 104145
70510 104184
70520 104214
70681 104397
70691 104427
70697 104445
71278 106197
70716 104502
69751 101298
72136 108555
71469 106470
71472 106479
71481 106506
71073 104973
71656 106731
71092 105030
71099 105051
71100 105054
71260 105234
71849 107010
71290 105324
71872 107079
71303 105363
71473 105573
71476 105582
72059 107340
72673 109218
72078 107397
72242 107589
72547 108513
71678 105888
71688 105918
71700 105954
72430 107853
72445 107898
72455 107928
71890 106224
72940 109401
72052 106410
72945 109107
72079 106491
72082 106500
72674 108285
72256 106722
72263 106743
72857 108534
72863 108552
72291 106827
72457 107025
73339 109689
73054 108825
73615 110535
73068 108867
72653 107313
73242 109089
73255 109128
72676 107382
73834 110892
72850 107604
73744 110304
72862 107640
73462 109449
73473 109482
73045 107889
73051 107907
73061 107937
73661 109746
73668 109767
73242 108180
73243 108183
73253 108213
74153 110931
73267 108255
74030 110253
74032 110259
74335 111177
73459 108531
74065 110358
73636 108762
73644 108786
73649 108801
73660 108834
74262 110649
73827 109035
73839 109071
73849 109101
73853 109113
74461 110946
74625 111138
74036 109362
74038 109368
74051 109407
75402 113541
74229 109641
74833 111462
75544 113658
74855 111528
74866 111561
74418 109908
74431 109947
74437 109965
74446 109992
75059 111840
75212 111999
74625 110229
75241 112086
74645 110289
74650 110304
74818 110508
74824 110526
75438 112377
75441 112386
74845 110589
75921 113535
75620 112623
75636 112671
76121 114144
75656 112731
75805 112878
75216 111102
75229 111141
75233 111153
75243 111183
75408 111378
76017 113214
75424 111426
76039 113280
76370 114282
76212 113499
75615 111699
75616 111702
75628 111738
75636 111762
76712 114708
75804 111966
75819 112011
75823 112023
76453 113922
76607 114084
76615 114108
76619 114120
76020 112314
76961 115155
76807 114384
76201 112557
76823 114432
76217 112605
76848 114507
76394 112836
76401 112857
77025 114738
77035 114768
77037 114774
76587 113115
76597 113145
76600 113154
76614 113196
76623 113223
76785 113409
77719 116229
76795 113439
76810 113484
77444 115395
76984 113706
77919 116529
76998 113748
77007 113775
77011 113787
77786 115821
77187 114015
78134 116874
77823 115932
77200 114054
77990 116133
78004 116175
78017 116214
78026 116241
78036 116271
78195 116448
78688 117945
77586 114612
78227 116544
77608 114678
78870 118191
77769 114861
77784 114906
77795 114939
78432 116859
77963 115143
78592 117039
77984 115206
78618 117117
77998 115248
78788 117327
78799 117360
78182 115500
78821 117426
78193 115533
78351 115707
78357 115725
79004 117675
78385 115809
78378 115788
79183 117912
79194 117945
78575 116079
79216 118011
78587 116115
78740 116274
79394 118245
79401 118266
78778 116388
79420 118323
78951 116607
79594 118545
79931 119565
77714 112887
79622 118629
79149 116901
79145 116889
79799 118860
79170 116964
79177 116985
79346 117192
79985 119118
79359 117231
80010 119193
80016 119211
80180 119403
79547 117495
80201 119466
79566 117552
80547 120513
80375 119688
79747 117795
80717 120723
80730 120762
79773 117873
81152 121746
79940 118074
79947 118095
79960 118134
80613 120102
80127 118335
80780 120303
80147 118395
80804 120375
80158 118428
80976 120591
80335 118659
80340 118674
80997 120654
81013 120702
81175 120888
80532 118950
81193 120942
80548 118998
80552 119010
80721 119217
81376 121191
80742 119280
81728 122256
80747 119295
81568 121467
81578 121497
80932 119550
81601 121566
80949 119601
82473 123936
81769 121770
81131 119847
81793 121842
81143 119883
82299 123069
81959 122040
81332 120150
81334 120156
82000 122163
81511 120387
81518 120408
82183 122412
82194 122445
81541 120477
81707 120675
82369 122670
81718 120708
81730 120744
82396 122751
82558 122937
82571 122976
81918 121008
81923 121023
82598 123057
82090 121224
82767 123264
82115 121299
82127 121335
82136 121362
82288 121518
82970 123573
82977 123594
82983 123612
82995 123648
82492 121830
83159 123840
82503 121863
82514 121896
82526 121932
82687 122115
83359 124140
83375 124188
83385 124218
82725 122229
83886 125430
82892 122430
84242 126525
83573 124482
83589 124530
83085 122709
84091 125745
83100 122754
83110 122784
84133 125871
83284 123006
83289 123021
83300 123054
83977 125094
83315 123099
84146 125301
84155 125328
83493 123333
83502 123360
83510 123384
84346 125601
84349 125610
83686 123612
83703 123663
83712 123690
84544 125895
83876 123882
84555 125928
83899 123951
83904 123966
84741 126186
84079 124191
84086 124212
84085 124209
84098 124248
84269 124461
84275 124479
84965 126558
84968 126567
84293 124533
85139 126780
84471 124767
84476 124782
84485 124809
84494 124836
84655 125019
84667 125055
84678 125088
85367 127164
85373 127182
85529 127350
84864 125346
84871 125367
85564 127455
84888 125418
85053 125613
86093 128751
85743 127692
85070 125664
85773 127782
85248 125898
85943 127992
85957 128034
85276 125982
85282 126000
85445 126189
86140 128283
86156 128331
85465 126249
85478 126288
86675 129597
85646 126492
85651 126507
85664 126546
85678 126588
85836 126762
86538 128877
85861 126837
85862 126840
85874 126876
86725 129138
86733 129162
86744 129195
86749 129210
86069 127161
86235 127359
87289 130539
86943 129492
86261 127437
86270 127464
87802 131805
86436 127662
87136 129771
86455 127719
87161 129846
86630 127944
87334 130065
86649 128001
87350 130113
86662 128040
87523 130332
86830 128244
86842 128280
87914 131514
86856 128322
87016 128502
87031 128547
87041 128577
87046 128592
87056 128622
87916 130911
87923 130932
87236 128862
87246 128892
87960 131043
88109 131190
87416 129102
87432 129150
87432 129150
88157 131334
87606 129372
87622 129420
87630 129444
88347 131604
88355 131628
88515 131808
88522 131829
87827 129735
87835 129759
88556 131931
88713 132102
88013 129993
88021 130017
88741 132186
88035 130059
88903 132372
88922 132429
88224 130326
88938 132477
88237 130365
89108 132687
89114 132705
89128 132747
89140 132783
88424 130626
89306 132981
87192 126621
88612 130890
88623 130923
88629 130941
89506 133281
89517 133314
88812 131190
88819 131211
89908 134496
88991 131427
89712 133599
90089 134739
89730 133653
89021 131517
89187 131715
89192 131730
89204 131766
89213 131793
89941 133986
90098 134157
90105 134178
90116 134211
90497 135363
89418 132108
90297 134454
89589 132321
89593 132333
89601 132357
90335 134568
89762 132540
89784 132606
90503 134772
89800 132654
89811 132687
90697 135054
91070 136182
90709 135090
90725 135138
90007 132975
90893 135342
90178 133188
91285 136527
91296 136560
90196 133242
91093 135642
90375 133479
90385 133509
91125 135738
91127 135744
90567 133755
90570 133764
90586 133812
91319 136020
90600 133854
90763 134043
90768 134058
90781 134097
91521 136326
90792 134130
90959 134331
91695 136548
91706 136581
91715 136608
90987 134415
91158 134628
91160 134634
91172 134670
91177 134685
91923 136932
91356 134922
91357 134925
91367 134955
91377 134985
92126 137241
91550 135204
92295 137448
91560 135234
91573 135273
91583 135303
91746 135492
92486 137721
91760 135534
92506 137781
92524 137835
92678 137997
92675 137988
92698 138057
93396 140178
92716 138111
93251 139425
92146 136092
92156 136122
92909 138390
92917 138414
92338 136368
92340 136374
92354 136416
93485 139827
92373 136473
93267 138864
92543 136683
92553 136713
93303 138972
93318 139017
93474 139185
93481 139206
92747 136995
92747 136995
92764 137046
93671 139476
93680 139503
92943 137283
93703 139572
92963 137343
93868 139767
93133 137553
93139 137571
93894 139845
93912 139899
93323 137823
94071 140076
94090 140133
93347 137895
94108 140187
93518 138108
94276 140391
94283 140412
94294 140445
93550 138204
93713 138393
94474 140685
93731 138447
93741 138477
94504 140775
93912 138690
94668 140967
93927 138735
94697 141054
94702 141069
94111 138987
94118 139008
94129 139041
94890 141333
94898 141357
95441 142695
95062 141549
94317 139305
94333 139353
94338 139368
94504 139566
94509 139581
94518 139608
95289 141930
94537 139665
94704 139866
95469 142170
95862 143358
94727 139935
95498 142257
95660 142443
94907 140175
95678 142497
94921 140217
96287 144342
95859 142740
95099 140451
95112 140490
95121 140517
95127 140535
96054 143025
95301 140757
96067 143064
95308 140778
96094 143145
96249 143310
96261 143346
96266 143361
95510 141084
96688 144636
95686 141312
95694 141336
96471 143676
95707 141375
95713 141393
95885 141609
95891 141627
95896 141642
95907 141675
96688 144027
96081 141897
97233 145371
96867 144264
96877 144294
96112 141990
96264 142146
97049 144510
96291 142227
97472 145788
97084 144615
97243 144792
97250 144813
96486 142512
96491 142527
97286 144921
97834 146274
96672 142770
96686 142812
97867 146373
96705 142869
96869 143061
97650 145413
97663 145452
97670 145473
96899 143151
97064 143346
97842 145689
97081 143397
97084 143406
97883 145812
97260 143634
97269 143661
98052 146019
97281 143697
98077 146094
98238 146277
98244 146295
98961 148473
98269 146370
97487 144015
97653 144213
97658 144228
97668 144258
98463 146652
97684 144306
97853 144513
97861 144537
98650 146913
97869 144561
97887 144615
98049 144801
98839 147180
98846 147201
98860 147243
98081 144897
98246 145092
99039 147480
98262 145140
98270 145164
98277 145185
98436 145362
98452 145410
99250 147813
98465 145449
98472 145470
