196 333
187 297
220 432
221 426
239 480
347 468
350 477
435 777
421 726
387 597
608 999
621 1038
569 843
624 1044
634 1074
748 1080
700 927
849 1437
819 1320
840 1392
1005 1599
1029 1680
1038 1695
1050 1722
951 1389
1206 1890
1231 1977
1238 1995
1247 2013
1265 2085
1409 2199
1442 2328
1438 2304
1448 2334
1405 2169
1578 2388
1634 2583
1639 2607
1678 2733
1635 2595
1777 2685
1785 2709
1818 2817
1849 2919
1841 2886
1868 2640
2049 3249
2058 3273
1948 2889
2076 3309
2225 3477
2130 3135
2259 3576
2148 3189
2202 3360
2326 3423
2328 3429
2378 3588
2471 3912
2489 3975
2619 4056
2523 3714
2659 4176
2672 4218
2682 4236
2758 4128
2832 4389
2726 4023
2841 4395
2908 4632
3021 4662
3064 4803
3077 4839
2921 4308
2933 4344
3240 5031
3255 5076
3005 4251
3179 4791
3311 5241
3344 4986
3354 5016
3368 5058
3464 5391
3508 5532
3482 5091
3582 5409
3679 5745
3567 5355
3624 5535
3743 5583
3861 5994
3849 5937
3806 5781
3908 6132
3943 5883
4051 6264
4060 6279
4007 6084
4020 6123
4174 6285
4071 5958
4255 6564
4249 6528
4305 6723
4375 6588
4270 6255
4277 6276
4282 6291
4368 6558
4531 6747
4459 6522
4542 6780
4628 7056
4483 6594
4841 7431
4859 7485
4786 7221
4797 7254
4512 6372
4923 7323
5059 7788
5057 7773
4863 7134
5103 7917
5125 7629
5204 7884
5136 7662
5201 7866
5313 8247
5401 8175
5323 7923
5388 8127
5519 8574
5401 8166
5658 8691
5526 8232
5532 8250
5595 8448
5729 8904
5713 8493
5872 9027
5631 8238
5796 8751
5936 9216
5994 9054
5916 8802
5925 8829
5988 9027
6046 9210
6255 9573
6246 9546
6020 8805
6276 9618
6303 9717
6299 9351
6206 9063
6324 9426
6326 9432
6533 10107
6500 9654
6400 9345
6695 10302
6410 9375
6599 9960
6850 10470
6869 10518
6600 9645
6786 10221
6793 10242
6947 10404
7077 10851
6969 10470
6982 10509
7136 11025
7234 11010
6982 10191
6987 10206
7115 10599
6999 10242
7170 10455
7296 10842
7438 11295
7511 11550
7316 10902
7479 11091
7680 11757
7500 11154
7572 11379
7722 11865
7673 11373
7758 11637
7890 12078
7707 11475
7897 12099
7876 11682
8081 12351
7895 11739
8089 12366
8139 12534
8075 11979
8156 12231
8095 12039
8322 12783
8294 12681
8387 12633
8282 12300
8357 12534
8516 13065
8535 13125
8464 12546
8549 12810
8603 12981
8494 12636
8742 13443
8664 12846
8532 12441
8889 13584
8686 12912
8549 12492
8863 13143
8871 13167
9079 13854
8882 13200
9140 14037
9133 13662
9069 13461
9074 13476
9083 13503
9094 13536
9456 14385
9472 14427
9492 14496
9533 14625
9286 13812
9445 13989
9303 13554
9311 13578
9318 13599
9729 14904
9808 14805
9742 14589
9805 14787
9674 14376
9684 14406
9844 14586
10060 15297
9700 14145
9874 14676
10140 15537
10129 15150
10053 14913
10059 14931
10160 15243
10222 15438
10234 15156
10245 15189
10339 15480
10094 14727
10273 15273
10432 15450
10691 16281
10602 15978
10560 15843
10736 16425
10464 15237
10735 16068
10893 16605
10653 15813
10487 15306
11029 16677
10826 16032
10669 15552
10858 16128
10865 16149
11275 17151
11189 16839
11041 16377
11051 16407
11336 17325
11225 16629
11387 17133
11479 17436
11250 16704
11262 16740
11669 17733
11244 16377
11528 17247
11742 17943
11257 16416
11720 17523
11435 16650
11444 16677
11447 16686
11852 17937
11814 17496
11827 17535
11633 16944
11838 17568
11848 17598
12270 18636
11825 17220
12298 18720
12142 18189
12049 17901
12459 18894
12018 17499
12393 18651
12024 17517
12463 18870
12411 18387
12211 17778
12534 18765
12427 18435
12737 19419
12402 18051
12607 18675
12618 18708
12928 19710
12426 18123
12592 18321
13099 19923
12912 19299
12933 19362
13020 19632
13250 20058
13003 19263
13131 19656
13329 20304
13212 19908
13195 19539
13372 20088
13393 20151
13329 19950
13222 19620
13394 19836
13512 20199
13718 20889
13414 19896
13424 19926
13862 20994
13773 20691
13602 20160
13789 20739
13394 19527
13966 20970
14097 21420
13915 20808
14133 21525
13815 20499
14100 21063
13984 20706
14000 20754
14124 21135
14011 20787
14364 21564
14185 21009
14192 21030
14202 21060
14212 21090
14669 22236
14379 21291
14389 21321
14161 20628
14163 20634
14691 21936
14902 22641
14903 22635
14593 21633
14605 21669
14531 21138
14765 21849
15031 22674
14792 21930
14802 21960
15093 22542
15284 23181
14983 22203
15241 23004
14997 22245
15389 23148
15369 23079
15312 22899
15187 22515
15453 23340
15362 22740
15370 22764
15617 23532
15590 23442
15134 22047
15690 23433
15809 23808
15903 24117
15581 23097
15330 22335
15936 23880
15508 22569
15508 22569
16121 24471
16135 24513
15692 22821
16091 24036
16176 24300
16340 24846
16333 24825
16463 24897
15895 23130
16379 24609
16173 23973
16176 23982
16345 24189
16351 24207
16357 24225
16502 24669
16604 24984
16676 24891
16551 24507
16560 24534
16707 24984
16569 24561
16950 25422
16473 23964
17085 25872
17122 25992
16492 24021
17077 25494
17289 26184
16946 25092
16958 25128
16962 25140
16856 24513
17139 25371
17146 25392
17382 26118
17309 25890
17045 24780
17055 24810
17484 26115
17738 26940
17360 25734
17665 26358
17536 25962
17535 25959
17544 25986
17709 26490
17950 26922
18095 27411
17740 26274
17895 26748
18155 27591
18065 26958
18200 27381
17938 26568
17648 25689
18104 27075
17823 25914
18127 26835
18131 26847
18297 27354
18151 26907
18461 27546
18474 27585
18709 28344
18037 26256
18349 27201
18743 28101
18516 27402
18684 27915
18936 28734
18964 28821
18696 27642
18863 28152
18420 26805
18732 27750
18431 26838
18602 27051
19197 28872
19077 28494
18928 28038
19098 28557
19097 28245
19348 29016
19522 29601
19122 28320
19300 28863
19299 28551
19304 28566
19480 29103
19321 28617
19331 28647
19493 28833
19501 28857
19671 29376
19764 29664
19845 29916
19689 29121
19701 29157
19875 29688
19393 28224
20159 30603
19883 29403
20202 30387
20072 29979
19907 29475
20179 30309
20081 29697
19767 28746
20272 30279
20543 31155
20116 29802
20279 29991
20290 30024
20300 30054
19968 29049
19982 29091
20864 31500
20798 31275
20668 30867
20762 31158
20685 30918
20342 29571
20680 30594
20356 29613
20873 31182
20880 31203
21033 31362
21055 31428
20889 30921
21075 31488
21086 31521
21073 31173
21079 31191
21257 31734
21272 31779
21096 31242
21671 32739
21445 31998
21279 31491
21280 31494
21756 32994
21784 32733
21473 31773
21480 31794
21921 33189
21141 30768
21835 32568
21661 32037
21852 32619
21865 32658
21876 32691
21859 32331
22042 32889
21517 31296
21880 32394
21892 32430
22228 33147
21708 31569
22069 32661
22250 33213
22087 32715
22669 34215
22439 33480
22446 33501
22275 32979
22287 33015
22445 33189
22644 33795
22464 33246
22663 33852
22676 33891
22932 34368
22649 33501
22662 33540
22301 32448
22870 34173
23121 34635
23033 34362
23041 34386
22866 33852
23359 35403
23037 34065
23420 35250
23055 34119
23065 34149
23069 34161
23232 34350
23662 35685
23440 34983
22882 33291
23268 34458
23865 36021
23438 34668
23449 34701
23454 34716
23467 34755
23248 33789
23635 34959
23635 34959
23649 35001
23865 35658
24015 35808
23833 35253
24208 36405
23853 35313
23862 35340
24021 35517
24232 36159
23649 34392
24038 35568
24263 36252
24685 37290
24429 36450
24238 35868
24239 35871
24240 35874
24419 36111
24891 37602
24037 34956
24442 36180
24442 36180
24213 35184
24622 36420
24228 35229
24831 37056
24241 35268
25212 37926
24809 36681
25028 37347
24832 36750
25036 37371
25489 38505
25220 37623
25234 37665
25354 38034
25249 37710
25204 37266
25215 37299
24810 36075
25439 37980
25233 37353
25396 37542
25728 38556
25417 37605
25633 38262
25433 37653
25597 37845
25193 36624
25608 37878
25945 38907
25625 37929
25794 38136
26015 38808
26291 39708
25816 38202
25816 38202
26318 39426
25995 38439
26003 38463
26231 39156
26025 38529
26696 40323
26720 40404
26207 38775
26209 38781
26790 40605
26382 39000
26790 40251
26398 39048
26742 40098
26994 40917
27087 40887
26914 40314
26594 39336
27160 41115
26837 40074
26976 40191
27109 40599
26793 39633
26799 39651
27037 40374
27475 41451
27201 40566
27215 40608
26998 39948
27231 40656
27173 40173
27678 41742
26745 38880
27197 40245
27627 41562
27367 40455
27919 42195
26945 39180
27622 41229
27633 41262
27784 41415
27790 41433
27812 41499
27590 40824
27580 40794
28270 42636
27767 41055
27782 41100
27790 41124
27339 39762
27507 39966
27966 41352
28207 42084
27983 41403
28559 43194
28150 41604
28166 41652
28406 42381
28181 41697
28182 41700
28356 41922
28357 41925
28369 41961
28741 43095
28387 42015
28096 40833
28793 42942
28795 42948
28937 43383
29184 44187
28748 42498
28989 43230
28753 42513
29138 43686
28778 42588
28944 42786
29188 43527
29200 43563
28500 41445
29220 43623
29143 43083
29583 44430
29397 43854
29166 43152
29160 43134
28865 41940
29342 43380
29593 44142
29736 44580
29619 44220
29535 43659
30112 45474
29795 44448
29560 43734
29818 44517
30166 45279
30275 45633
29744 43986
29756 44022
29764 44046
29926 44232
30294 45354
30524 46089
30198 45057
30342 45498
30615 46035
30134 44556
30144 44586
30148 44598
30547 45813
30698 45966
30708 45996
30944 46767
30945 46773
30605 45678
30518 45108
30528 45138
30782 45909
30542 45180
30555 45219
30719 45411
31322 47310
30735 45459
30995 46248
30750 45504
31165 46458
31173 46482
30932 45750
30933 45753
30945 45789
31561 47364
31115 45999
31128 46038
31391 46836
31403 46872
31559 47040
31314 46296
31325 46329
30823 44814
31602 47169
31507 46575
31512 46590
32057 48270
31528 46638
31538 46668
31961 47646
31711 46887
31715 46899
32283 48648
31737 46965
32153 47922
32167 47964
32300 48372
31924 47226
31932 47250
32091 47427
32501 48675
32377 48294
32119 47511
32130 47544
32546 48501
32696 48960
32305 47769
32309 47781
32732 49068
32747 48804
32891 49245
32911 49305
32784 48915
32516 48102
32945 49098
32694 48336
32973 49182
32977 49194
32716 48402
33153 49422
33158 49437
32898 48648
33170 49473
33337 49983
33081 48897
33086 48912
33742 50970
33101 48957
33110 48984
33545 49998
33283 49203
33290 49224
33962 51312
33586 50121
33470 49464
33477 49485
34107 51447
33497 49545
33788 50427
33947 50604
34094 51054
33959 50640
33695 49839
33156 48213
34359 51558
34291 51345
34153 50922
33886 50112
33350 48495
34333 51162
34072 50370
34360 51243
34086 50412
34096 50442
34539 51480
34542 51489
34279 50691
34284 50706
34579 51600
34459 50931
34745 51798
34756 51831
34477 50985
35015 52626
34653 51213
34945 52098
34667 51255
34677 51285
34976 52191
34850 51504
34861 51537
34860 51534
34871 51567
35325 52947
35476 53100
35345 52698
35351 52716
35509 53199
35373 52782
35242 52080
35254 52116
35546 53001
35271 52167
35574 53085
35727 53244
35446 52392
35455 52419
35911 53805
35920 53832
35926 53541
36319 54795
36184 54333
35651 52707
35961 53646
36124 53835
36287 54333
36299 54369
36156 53931
36408 54705
36323 54132
36038 53268
36047 53295
36057 53325
36064 53346
36520 54423
36531 54456
36777 55212
36251 53607
36553 54522
36422 53820
35851 52098
36744 54795
36448 53898
36755 54828
36614 54096
36927 55044
36642 54180
36640 54174
37119 55629
36823 54423
36829 54441
36245 52680
36844 54486
37153 55422
37314 55605
37024 54726
37032 54750
37039 54771
37518 56226
36618 53199
37521 55926
37232 55050
37240 55074
37722 56538
37400 55254
37720 56223
36826 53523
37433 55353
37442 55380
38150 57231
37609 55581
37928 56547
37625 55629
38117 57123
38358 57555
37809 55881
38535 58149
38141 56886
37838 55968
37392 54321
38481 57615
38020 56214
38648 58134
38613 58020
38200 56454
38516 57411
38213 56493
38534 57465
38717 58023
38393 56733
38401 56757
38410 56784
38732 57759
38422 56820
38588 57018
38912 57999
37985 55200
38932 58059
38941 58086
38791 57327
38798 57348
38804 57366
38804 57366
39309 58899
39300 58563
38991 57627
38996 57642
39007 57675
39340 58683
39180 57894
39674 59394
39511 58896
39531 58956
39540 58983
38751 56298
39386 58212
39721 59226
39897 59763
39409 58281
39895 59448
38945 56580
39589 58521
39921 59526
39606 58572
39769 58761
40099 59760
39789 58821
40122 59829
40137 59874
39972 59070
39978 59088
39984 59106
39994 59136
40496 60660
40164 59346
40175 59379
40181 59397
40187 59415
40532 60459
40684 60615
40701 60666
40381 59697
40897 61263
40729 60750
41148 61725
40563 59943
40573 59973
40900 60963
40592 60030
40761 60237
41363 62070
41097 61254
40781 60297
41308 61896
40949 60501
40961 60537
40966 60552
40978 60588
40988 60618
41143 60783
41491 61836
41160 60834
41688 62436
41897 63090
41341 61077
41686 62121
41698 62157
41368 61158
41904 62784
41539 61371
41888 62427
41903 62472
41563 61443
41920 62523
42071 62676
41752 61710
42272 63288
41764 61746
42299 63369
42277 62994
41942 61980
42299 63060
42310 63093
42499 63669
42134 62256
42483 63312
42151 62307
42158 62328
42510 63393
42672 63579
42337 62565
42340 62574
42355 62619
42355 62619
42522 62820
42885 63918
42894 63945
42554 62916
43197 64872
43250 64722
42046 61083
43094 64245
42746 63192
42062 61131
42923 63423
42928 63438
43285 64518
42946 63492
42957 63525
43467 64764
43471 64776
43823 65859
43146 63792
43154 63816
43664 65055
43323 64023
43690 65133
43982 66027
43895 65757
43867 65364
44057 65943
43530 64344
43893 65442
44203 66390
44062 65649
43718 64608
44081 65706
43735 64659
44096 65751
44251 65916
43911 64887
44282 66009
44287 66024
44485 66627
44455 66228
44115 65199
44116 65202
44781 67224
44133 65253
44300 65454
44667 66564
44677 66594
44683 66612
44331 65547
44854 66825
44869 66870
43802 63651
45175 67806
44526 65832
45057 67134
44702 66060
44713 66093
44721 66117
44721 66117
45253 67422
45266 67461
44904 66366
45279 67500
44926 66432
44370 64455
45096 66642
45107 66675
45110 66684
45123 66723
44562 64731
45661 68046
45665 68058
45977 69012
45684 68115
45473 67173
45490 67224
45863 68352
45508 67278
45512 67290
45675 67479
45673 67473
45697 67545
46079 68700
45711 67587
45875 67779
45884 67806
46564 69873
46787 70605
46282 69009
46437 69174
46080 68094
46089 68121
46474 69285
46481 69306
46643 69492
46273 68373
46663 69552
46669 69570
46302 68460
46839 69780
46468 68658
46865 69858
46871 69876
46880 69903
47041 70086
46666 68952
46671 68967
46684 69006
47620 71904
46855 69219
47247 70404
47250 70413
47268 70467
46894 69336
46307 67266
47446 70701
47066 69552
47463 70752
47476 70791
47252 69810
47261 69837
47269 69861
48079 72336
46525 67620
47451 70107
47846 71301
47468 70158
47861 71346
47873 71382
47644 70386
47657 70425
48051 71616
48064 71655
47668 70458
47840 70674
48544 72813
47859 70731
48262 71949
47877 70785
48427 72144
48052 71010
48448 72207
48064 71046
48074 71076
48627 72444
48835 73077
48257 71325
48653 72522
48665 72558
48433 71553
48443 71583
48849 72810
48452 71610
48466 71652
48629 71841
48634 71856
49046 73101
49054 73125
49060 73143
49425 73947
49233 73362
48844 72186
49251 73416
48863 72243
48238 70059
49802 74796
49042 72480
49449 73710
49056 72522
49615 73908
49834 74574
49840 74592
49650 74013
49654 74025
49420 73014
49427 73035
49432 73050
49840 74283
49859 74340
50014 74505
49627 73335
50490 75978
50044 74595
49650 73404
50212 74799
50216 74811
49830 73644
50243 74892
50256 74931
50006 73872
50420 75123
50433 75162
50032 73950
50854 76452
50615 75408
50214 74196
50954 76443
50227 74235
50652 75519
50801 75666
50408 74478
50832 75759
50429 74541
50850 75813
50599 74751
50604 74766
51021 76026
50624 74826
51046 76101
51202 76269
51211 76296
50811 75087
51453 77031
51243 76392
50990 75324
51000 75354
51008 75378
51020 75414
51027 75435
51192 75630
51197 75645
51200 75654
51630 76953
51642 76989
51804 77175
51813 77202
51406 75972
51410 75984
51424 76026
51994 77445
51594 76236
52020 77523
52031 77556
52037 77574
52194 77745
51789 76521
51798 76548
52796 79632
51812 76590
52390 78033
52410 78093
51993 76833
52003 76863
52435 78168
52591 78336
52174 77076
52189 77121
52200 77154
52206 77172
52785 78618
52380 77394
52387 77415
52398 77448
52400 77454
52573 77673
53004 78975
52586 77712
53016 79011
52604 77766
53192 79239
53190 79233
52783 78003
52787 78015
53229 79350
53385 79518
53391 79536
53412 79599
53643 80301
53426 79641
53155 78519
53594 79845
53174 78576
53617 79914
53191 78627
53999 80769
53359 78831
53371 78867
53378 78888
54048 80916
53985 80418
53998 80457
54001 80466
53576 79182
52726 76623
54524 81753
53758 79428
54201 80766
54201 80766
52920 76905
53943 79683
53953 79713
53965 79749
53970 79764
53978 79788
54918 82335
54587 81324
54948 82425
54837 82083
54176 80082
54343 80283
54352 80310
54357 80325
54367 80355
54371 80367
54975 81888
54545 80589
54553 80613
54565 80649
55019 82020
54732 80850
55185 82218
54747 80895
55554 83343
54765 80949
55373 82482
55373 82482
55618 83226
55403 82572
55412 82599
56108 84462
55574 82785
55585 82818
55602 82869
55160 81534
55319 81711
55335 81759
55342 81780
55799 83160
55362 81840
55970 83373
54645 79380
55537 82065
55544 82086
56454 84852
55711 82287
55725 82329
55735 82359
56782 85590
55752 82410
55023 79914
55921 82617
55936 82662
55932 82650
56404 84075
56116 82902
56574 84285
56819 85029
56137 82965
56594 84345
56764 84555
56772 84579
56783 84612
56330 83244
56342 83280
56959 84840
56965 84858
56516 83502
56990 84933
56536 83562
56702 83760
56712 83790
56718 83808
56728 83838
56737 83865
56900 84054
56907 84075
57609 86199
56008 81369
56932 84150
56185 81600
57102 84360
57572 85779
58023 87159
58222 87810
57290 84624
57302 84660
57309 84681
57315 84699
57317 84705
57955 86328
57496 84942
57976 86391
57513 84993
57992 86439
57688 85218
58389 87339
57705 85269
58185 86718
57721 85317
57882 85500
58359 86940
58365 86958
58369 86970
58391 87036
58548 87207
58553 87222
58094 85836
58101 85857
58581 87306
58751 87516
58756 87531
58292 86130
58775 87588
58790 87633
58944 87795
58950 87813
58491 86427
58979 87900
58985 87918
59147 88104
58680 86694
58692 86730
58690 86724
59181 88206
58869 86961
58877 86985
59737 89592
58892 87030
59848 89934
59541 88686
59552 88719
59078 87288
59083 87303
59579 88800
59266 87552
59269 87561
59760 89043
59773 89082
59294 87636
60175 89997
58517 84996
59956 89331
59481 87897
59493 87933
59659 88131
59662 88140
60155 89628
60165 89658
60174 89685
60330 89853
59843 88383
59870 88464
60617 90723
59887 88515
60046 88692
60795 90957
60549 90210
60073 88773
60578 90297
60250 89004
60743 90492
60265 89049
60270 89064
60774 90585
60925 90738
60934 90765
60945 90798
60470 89364
60971 90876
61127 91044
61138 91077
61151 91116
61153 91122
61169 91170
61571 92085
60844 89886
60855 89919
60859 89931
61762 92667
61525 91638
61532 91659
61546 91701
61555 91728
61565 91758
61721 91926
61726 91941
61249 90501
61252 90510
61760 92043
61426 90732
61431 90747
61947 92304
62556 94203
61460 90834
61624 91026
62128 92547
62131 92556
61652 91110
61660 91134
62318 92817
61828 91338
62337 92874
60854 88407
61852 91410
62014 91596
62027 91635
62034 91656
63069 94806
63100 94899
62218 91908
62217 91905
62232 91950
62747 93504
62754 93525
62412 92190
62420 92214
62428 92238
62437 92265
62950 93813
62609 92481
62620 92514
62625 92529
63139 94080
63415 94917
62809 92781
63322 94329
62817 92805
62831 92847
62840 92874
63003 93063
63012 93090
63019 93111
63540 94683
63035 93159
63201 93357
63208 93378
63215 93399
63738 94977
63748 95007
63910 95193
64178 96006
63411 93687
63931 95256
63940 95283
64361 96255
64112 95499
64127 95544
64395 96357
64147 95604
63790 94224
63798 94248
64319 95820
63817 94305
63824 94326
63991 94527
65121 97989
64516 96111
64796 96960
64538 96177
64186 94812
64193 94833
64202 94860
64207 94875
64732 96459
64384 95106
64909 96690
64921 96726
64921 96726
64411 95187
65365 97767
64586 95412
65389 97839
64603 95463
65138 97077
64773 95673
65306 97281
65310 97293
64798 95748
64808 95778
65491 97536
64979 95991
65516 97611
65522 97629
65809 98499
65168 96258
65969 98679
65709 97890
65713 97902
65736 97971
66157 98943
65374 96576
66183 99021
65389 96621
66205 99087
66092 98439
65559 96831
66111 98496
65589 96921
66132 98559
66285 98718
65770 97164
65774 97176
65786 97212
66329 98850
66483 99012
66497 99054
65975 97479
65983 97503
66526 99141
66678 99297
66155 97719
66167 97755
66178 97788
66717 99414
66351 98007
66360 98034
66358 98028
66370 98064
66380 98094
66547 98295
67362 100758
66559 98331
66565 98349
67126 100041
66747 98595
67290 100233
67296 100251
67305 100278
67319 100320
67475 100488
66952 98910
67500 100563
67508 100587
66969 98961
67680 100803
67685 100818
67154 99216
67163 99243
67718 100917
67328 99438
67339 99471
67353 99513
67360 99534
67367 99555
67529 99741
68076 101391
68091 101436
67546 99792
67565 99849
67727 100035
67731 100047
67746 100092
68302 101769
67762 100140
67928 100338
67936 100362
67934 100356
67946 100392
68512 102099
68951 103125
68133 100653
68135 100659
68981 103215
68158 100728
68872 102579
68872 102579
68337 100965
68345 100989
69199 103569
69059 102840
68522 101220
68536 101262
68541 101277
68550 101304
69689 104448
68719 101511
68730 101544
68740 101574
69595 104157
69462 103449
68913 101793
68926 101832
68931 101847
69795 104457
69101 102057
70332 105849
69955 104637
69687 103824
69136 102162
69860 104043
69861 104046
69321 102417
69326 102432
70349 105528
70060 104343
69505 102669
69518 102708
70086 104421
69532 102750
69697 102945
70549 105519
69714 102996
69716 103002
70296 104751
70738 105786
69897 103245
70475 104988
69913 103293
70496 105051
70077 103485
70097 103545
70110 103584
70114 103596
70693 105342
70286 103812
70296 103842
70872 105579
70307 103875
70896 105651
70481 104097
71061 105846
70503 104163
71079 105900
70517 104205
71245 106098
70687 104415
70696 104442
70707 104475
70716 104502
70880 104694
71456 106431
71455 106428
70897 104745
71487 106524
71644 106695
71655 106728
71661 106746
71676 106791
71101 105057
71839 106980
72299 108378
71868 107067
71877 107094
71880 107103
72044 107295
71472 105570
72060 107343
71490 105624
71495 105639
72242 107589
71676 105882
71677 105885
71688 105918
72276 107691
72439 107880
72741 108795
72457 107934
71888 106218
71897 106245
72056 106422
72646 108201
72079 106491
72664 108255
72092 106530
72256 106722
72848 108507
72270 106764
72863 108552
72876 108591
73033 108762
72465 107049
73048 108807
73066 108861
73075 108888
72653 107313
72658 107328
73254 109125
72669 107361
73272 109179
72839 107571
72856 107622
73448 109407
72872 107670
72874 107676
73631 109656
73051 107907
73057 107925
73071 107967
73071 107967
73237 108165
73839 109980
73849 110010
73858 110037
73270 108264
73440 108474
74337 111183
73442 108480
73460 108534
73471 108567
73632 108750
74234 110565
74245 110598
73654 108816
73666 108852
75103 112935
74429 110850
74908 112305
74453 110922
74454 110925
74626 111141
74038 109368
74038 109368
74650 111213
74061 109437
74229 109641
74235 109659
74845 111498
74248 109698
74859 111540
75317 112623
75333 112671
74439 109971
74435 109959
74458 110028
74616 110202
75227 112044
74635 110259
75247 112104
74642 110280
74818 110508
75427 112344
74835 110559
75447 112404
75456 112431
75016 110802
75018 110808
75632 112659
75647 112704
75038 110868
75209 111081
75823 112932
76142 113898
75233 111153
75242 111180
75411 111387
75414 111396
75425 111429
75423 111423
76053 113322
76207 113484
75607 111675
75618 111708
76237 113574
76251 113616
76412 113799
76713 114711
76738 114786
75819 112011
75831 112047
75999 112251
76613 114102
76012 112290
76022 112320
76964 115164
77117 115323
76814 114405
76203 112563
76220 112614
76228 112638
76390 112824
77010 114693
77019 114720
76416 112902
77035 114768
77199 114960
77214 115005
76601 113157
76609 113181
76618 113208
76779 113391
77726 116250
76803 113463
76811 113487
77764 116364
76982 113700
76981 113697
76997 113745
77003 113763
77016 113802
78108 116796
77810 115893
77191 114027
77203 114063
77213 114093
78000 116163
77383 114303
77392 114330
77403 114363
77406 114372
78192 116439
78197 116454
77592 114630
78543 117501
78236 116571
77773 114873
78401 116766
78725 117747
77791 114927
77798 114948
77969 115161
78593 117042
77983 115203
77990 115224
77989 115221
78159 115431
78799 117360
79398 119184
78188 115518
78816 117411
78361 115737
79316 118620
79008 117687
79018 117717
79026 117741
79187 117924
78566 116052
78570 116064
79216 118011
78589 116121
78757 116325
78761 116337
79397 118254
79415 118308
79425 118338
79587 118524
78959 116631
78963 116643
79612 118599
78982 116700
80097 119763
79795 118848
79162 116940
79809 118890
79180 116994
79342 117180
79354 117216
79362 117240
80012 119199
80023 119232
79536 117462
79546 117492
79554 117516
80206 119481
79576 117582
80372 119679
80382 119709
79755 117819
80407 119784
80419 119820
79936 118062
79943 118083
80589 120030
79958 118128
79967 118155
80774 120285
80140 118374
80146 118392
80158 118428
80807 120384
80976 120591
80327 118635
80347 118695
80353 118713
81012 120699
80519 118911
80534 118956
81194 120945
80551 119007
81211 120996
81696 122160
80731 119247
81392 121239
80740 119274
81403 121272
81570 121473
81576 121491
81586 121521
81599 121560
82222 123456
81758 121737
81779 121800
81789 121830
81136 119862
82484 123951
81962 122049
81322 120120
81328 120138
81989 122130
82002 122169
81510 120384
81520 120414
81529 120441
81530 120444
82543 123501
81705 120669
81714 120696
82377 122694
81723 120723
81733 120753
81901 120957
81911 120987
82574 122985
82591 123036
82939 124089
82759 123240
82767 123264
82116 121302
82786 123321
82131 121347
82952 123519
82308 121578
82978 123597
82321 121617
82332 121650
82490 121824
82501 121857
83171 123876
82514 121896
83198 123957
82692 122130
83366 124161
83375 124188
83380 124203
82722 122220
82891 122427
83559 124440
83574 124485
83576 124491
82918 122508
83085 122709
83761 124746
83102 122760
83109 122781
83106 122772
83283 123003
83290 123024
83966 125061
83306 123072
83311 123087
83478 123288
84161 125346
83499 123351
84172 125379
83510 123384
83673 123573
84352 125619
83692 123630
84374 125685
83706 123672
83871 123867
84551 125916
83891 123927
84573 125982
83900 123954
84063 124143
84071 124167
84763 126252
85124 127344
84099 124251
84932 126459
84277 124485
85301 127575
84973 126582
84296 124542
85140 126783
85151 126816
84480 124794
85172 126879
84491 124827
84658 125028
84670 125064
84665 125049
84679 125091
85381 127206
85526 127341
84862 125340
84871 125367
85917 128523
85574 127485
85728 127647
86092 128748
85065 125649
85765 127758
85777 127794
85251 125907
85946 128001
85948 128007
85276 125982
85280 125994
86133 128262
85452 126210
86498 129366
86162 128349
86170 128373
85645 126489
86340 128583
85653 126513
85668 126558
85671 126567
86526 128841
85852 126810
85856 126822
86552 128919
86572 128979
86729 129150
87081 130215
86738 129177
86756 129231
86064 127146
86234 127356
86238 127368
86941 129486
86952 129519
86963 129552
86434 127656
86441 127677
87967 132354
87145 129798
86467 127755
86632 127950
87335 130068
86633 127953
87349 130110
87363 130152
86821 128217
87524 130335
86843 128283
87551 130416
86850 128304
87719 130620
87030 128544
87739 130680
87040 128574
87752 130719
87917 130914
87927 130944
87233 128853
87242 128880
87250 128904
88118 131217
88477 132303
88135 131268
88147 131304
87449 129201
87611 129387
88320 131523
87627 129435
87635 129459
87630 129444
88515 131808
88521 131826
87829 129741
87827 129735
88553 131922
89066 133170
88016 130002
89090 133242
88743 132192
88745 132198
88203 130263
88215 130299
88224 130326
88935 132468
88231 130347
89107 132684
88408 130578
88419 130611
88424 130626
89153 132822
88599 130851
89320 133023
88613 130893
89339 133080
89348 133107
88792 131130
88802 131160
89523 133332
88817 131205
89542 133389
88991 131427
89001 131457
89725 133638
89011 131487
89741 133686
89904 133875
89194 131736
89921 133926
89933 133962
89220 131814
90098 134157
89393 132033
89403 132063
89404 132066
90515 135417
88159 128022
90304 134475
89598 132348
90696 135660
90336 134571
90495 134748
90508 134787
89799 132651
89803 132663
90540 134883
89968 132858
89985 132909
91081 136215
90723 135132
90003 132963
90893 135342
90178 133188
90187 133215
90920 135423
90936 135471
91088 135627
90378 133488
91112 135699
90394 133536
90404 133566
90566 133752
90577 133785
91307 135984
91318 136017
90596 133842
90761 134037
90773 134073
90779 134091
90789 134121
91516 136311
91689 136530
91700 136563
90964 134346
91718 136617
90986 134412
91891 136836
91166 134652
91902 136869
92291 138045
91181 134697
91349 134901
92099 137160
92108 137187
92114 137205
92121 137226
91552 135210
92291 137436
92301 137466
92302 137469
92708 138696
92480 137703
91754 135516
92506 137781
91768 135558
92901 138975
91948 135798
92685 138018
92695 138048
92704 138075
91978 135888
92873 138282
92148 136098
92900 138363
92162 136140
92918 138417
93629 140268
93077 138594
90883 131994
92364 136446
92374 136476
92536 136662
93285 138918
93289 138930
93682 140118
92569 136761
93845 140307
92738 136968
92748 136998
93496 139251
92763 137043
92927 137235
92940 137274
92949 137301
92949 137301
93715 139608
93867 139764
93129 137541
93892 139839
93148 137598
93154 137616
94065 140058
94072 140079
94093 140142
94100 140163
93356 137922
94271 140376
93526 138132
93537 138165
94679 141609
93554 138216
93715 138399
93715 138399
93729 138441
94494 140745
93750 138504
93911 138687
94675 140988
95071 142185
93936 138762
94704 141075
94109 138981
94865 141258
94881 141306
94891 141336
95295 142557
95059 141540
94314 139296
94324 139326
95479 142809
95103 141672
94501 139557
94509 139581
95273 141882
94523 139623
94535 139659
94700 139854
94707 139875
94712 139890
94723 139923
94734 139956
95655 142428
96052 143628
95677 142494
95689 142530
94931 140247
96237 143883
95102 140460
95110 140484
96271 143985
95889 142830
95288 140718
96450 144222
95310 140784
95311 140787
96096 143151
96252 143319
95497 141045
95503 141063
95511 141087
96292 143439
95685 141309
96841 144795
95700 141354
95706 141372
95719 141411
96637 143874
96658 143937
96667 143964
95908 141678
95914 141696
96842 144189
96088 141918
96862 144249
96871 144276
96106 141972
97050 144513
96275 142179
97062 144549
97080 144603
96305 142269
96474 142476
96478 142488
97258 144837
96494 142536
97279 144900
97447 145104
96673 142773
96687 142815
97473 145182
97477 145194
96860 143034
97649 145410
96884 143106
96885 143109
96898 143148
97835 145668
97071 143367
97078 143388
97084 143406
97870 145773
97259 143631
98047 146004
98454 147234
97280 143694
97287 143715
98631 147465
97464 143946
97469 143961
98267 146364
97491 144027
97650 144204
98435 146568
98446 146601
97675 144279
98477 146694
97846 144492
97860 144534
97855 144519
98663 146952
98674 146985
98048 144798
98047 144795
98853 147222
98864 147255
98082 144900
98248 145098
99036 147471
99051 147516
99051 147516
99070 147573
99232 147759
99632 148968
98456 145422
99663 149061
99270 147873
