193 336
174 249
220 414
232 459
237 477
369 543
422 747
418 717
428 756
435 777
594 936
615 1026
569 843
645 1116
642 1098
749 1083
831 1365
850 1440
837 1392
875 1518
1018 1638
936 1344
942 1362
1053 1749
1064 1782
1210 1902
1169 1752
1238 2004
1239 2001
1247 2013
1386 2112
1389 2121
1399 2151
1448 2334
1455 2346
1614 2523
1619 2541
1610 2493
1567 2346
1670 2700
1823 2862
1840 2922
1750 2595
1879 3036
1897 3099
1974 2976
2047 3243
1947 2886
2074 3321
2007 3075
2128 3129
2237 3510
2224 3444
2214 3405
2279 3618
2415 3735
2431 3792
2258 3210
2344 3477
2483 3930
2563 3843
2643 4128
2580 3894
2676 4227
2542 3771
2761 4137
2714 3987
2721 4008
2872 4515
2888 4572
2909 4272
2910 4275
3046 4737
3016 4611
2991 4527
3210 4902
3251 5043
3005 4251
3280 5130
3252 5028
3442 5334
3354 5016
3478 5442
3495 5493
3314 4887
3644 5643
3654 5673
3665 5685
3611 5496
3715 5853
3840 5928
3687 5406
3874 6030
3700 5445
3902 6105
4043 6237
3878 5679
3999 6060
3893 5724
3897 5736
4242 6525
4074 5967
4277 6639
4289 6675
4308 6723
4263 6234
4344 6486
4465 6903
4403 6672
4289 6312
4312 6072
4643 7119
4588 6927
4685 7254
4564 6846
4731 7047
4861 7494
4874 7524
4796 7251
4846 7410
5029 7677
5058 7782
4852 7101
5028 7656
4959 7431
5120 7614
5251 8064
5137 7665
5287 8169
5312 8253
5439 8325
5376 8091
5460 8370
5345 7989
5249 7692
5564 8355
5573 8382
5624 8544
5716 8865
5734 8910
5437 7647
5774 8685
5782 8709
5788 8727
5939 9234
5908 8778
5920 8814
5825 8520
5994 9045
6112 9444
6009 8772
6260 9579
6018 8799
6289 9675
6309 9738
6360 9543
6301 9357
6203 9054
6328 9438
6338 9468
6558 9837
6511 9687
6661 10173
6528 9738
6418 9399
6696 9942
6708 9978
6599 9642
6790 10233
6611 9678
6898 10248
6788 9909
7083 10848
7111 10950
7034 10674
7090 10524
7230 10971
7105 10569
7115 10599
6998 10239
7349 11010
7426 11259
7484 11451
7309 10881
7538 11631
7639 11628
7596 11460
7376 10773
7580 11403
7594 11445
7744 11595
7863 11988
7566 11043
7779 11700
7713 11493
7982 12018
8064 12303
7899 11751
7978 11997
7984 12015
7931 11538
8082 12000
8284 12669
8100 12054
8184 12315
8459 12894
8425 12756
8503 13035
8361 12546
8376 12591
8334 12147
8473 12573
8488 12618
8712 13353
8505 12669
8778 13206
8748 13107
8538 12459
8544 12477
8933 13716
8982 13518
8870 13164
8726 12723
8735 12750
8899 13251
9062 13440
9070 13464
9153 13722
9305 14232
9255 14046
9251 13707
9473 14439
9434 14283
9511 14550
9372 14079
9300 13545
9459 14031
9310 13575
9314 13587
9483 14103
9853 14979
9862 15003
9667 14355
9508 13869
9521 13908
10059 15294
10070 15309
10099 15423
9706 14163
10138 15531
10175 15297
10273 15630
9893 14424
10071 14967
9902 14451
10451 15870
10482 15954
10498 16020
10353 15522
10271 15267
10573 15891
10537 15774
10544 15795
10608 15996
10472 15570
10633 15753
10862 16485
10644 15786
10913 16656
10764 16155
10915 16308
11070 16830
10944 16395
10676 15573
10964 16455
11125 16638
11033 16353
11043 16383
11051 16407
11061 16437
11374 17094
11388 17136
11245 16689
11537 17637
11455 17346
11603 17490
11245 16380
11728 17919
11444 16986
11454 17016
11609 17181
11438 16659
11738 17577
11451 16698
11755 17628
11916 17811
11821 17517
12031 18174
11840 17574
12164 18618
12254 18573
12177 18303
12132 18159
12338 18840
12041 17877
12211 18087
12015 17490
12026 17523
12536 19134
12036 17553
12205 17760
12581 18915
12709 19362
12433 18453
12618 19026
12795 19266
12718 19017
12829 19368
12741 19086
12637 18765
13083 19878
12599 18342
12919 19320
12826 19032
13143 20037
13266 20124
13289 20193
12796 18633
13138 19677
13151 19716
12977 18876
13201 19557
13212 19590
13216 19602
13340 19983
13391 19827
13690 20778
13404 19866
13193 19224
13425 19929
13763 20661
13596 20142
13917 21177
13897 21090
13850 20931
13964 20964
13568 19749
13804 20466
13808 20478
13818 20508
14168 21276
13989 20721
14322 21801
14125 21138
14201 21375
13948 20289
13956 20313
14198 21048
14490 21969
14338 21477
14677 22248
14376 21282
14391 21327
14525 21738
14735 22422
14873 22548
14765 22167
14783 22221
14724 22035
14927 22698
14773 21873
15005 22596
14777 21885
14792 21930
14801 21957
14721 21408
14732 21441
15112 22599
14737 21456
14747 21486
14921 21708
15300 22863
15414 23223
15317 22914
14942 21771
15103 21954
15365 22749
15370 22764
15379 22791
15708 23823
15561 23037
15763 23661
15574 23076
15832 23877
15963 24315
15753 23313
15892 23739
15771 23367
15911 23796
15788 23418
15951 23607
15958 23628
16103 24072
16117 24114
16348 24870
16270 24273
16369 24579
15898 23139
16307 24384
16172 23970
16082 23391
16486 24621
16359 24231
16368 24258
16380 24294
16537 24465
16691 24936
16772 25188
16563 24543
16793 25251
16741 24777
16747 24795
16894 25245
16903 25272
17160 26106
16934 25056
16663 24234
17171 25785
16961 25137
17202 25878
17129 25341
17141 25377
16868 24549
16876 24573
17157 25425
17329 25641
17476 26091
17486 26121
17353 25713
17511 26196
17748 26616
17677 26394
17905 27141
17544 25986
17562 26040
17865 26658
17728 26238
18051 27243
17900 26763
17983 27021
18266 27618
18076 26991
17932 26550
18186 27330
17954 26616
18114 26796
18273 27282
18515 28080
18140 26874
18306 27381
18461 27546
18686 28287
18475 27588
18335 27159
18344 27186
18868 28533
18895 28620
18842 28416
18943 28755
18785 28227
19066 28827
18872 28179
18414 26787
18424 26817
18985 28527
18898 27948
19067 28464
19074 28485
19089 28530
19359 29403
19099 28251
19356 29040
18806 27363
19128 28338
19391 29145
19300 28554
19306 28572
19623 29550
19581 29415
19009 27672
19184 27897
19502 28860
19510 28884
19514 28896
19692 29439
20080 30369
19702 29160
19871 29676
20099 30396
19896 29751
20050 29913
20058 29937
20075 29988
19915 29499
19915 29499
20249 30210
20260 30243
20096 29742
20373 30591
19788 28809
20279 29991
20288 30018
20617 31032
20477 30594
20761 31509
20479 30291
20483 30303
20667 30864
20503 30363
20681 30906
20837 31074
20682 30600
20695 30639
20703 30663
20707 30675
20870 30864
20880 30894
20892 30930
20899 30951
20564 29937
21387 32142
20735 30150
21088 31218
21275 31788
21100 31254
21266 31452
21276 31482
21457 32034
21287 31515
21301 31557
21118 30699
21746 32610
21906 33126
21829 32868
21785 32727
21932 32868
21667 32055
21676 32082
21684 32106
21979 33009
22274 33639
22193 33360
21871 32367
21524 31317
21885 32409
22054 32616
22242 33189
22068 32658
22077 32685
22083 32703
22243 32883
22444 33495
22713 34374
22271 32967
21916 31893
22632 33759
22456 33222
22642 33789
22665 33858
22478 33288
22637 33465
22648 33498
22658 33528
22858 34137
22976 34500
22844 33786
22849 33801
23343 35364
22867 33855
22873 33873
22668 32949
22673 32964
23346 35010
23258 34737
23072 34170
23233 34353
23242 34380
23744 35976
22882 33291
23681 35733
23625 35238
23440 34674
23449 34701
23648 35307
23466 34752
23251 33798
23633 34953
23846 35601
23652 35010
23661 35037
24022 35829
24221 36453
23839 35271
23851 35307
24061 35946
23633 34344
24030 35544
24040 35574
24047 35595
24052 35610
24419 36420
23837 34656
24605 36996
24696 37287
24455 36528
24411 36087
24031 34938
24636 36771
24439 36171
24449 36201
24906 37290
24824 37035
24931 37365
25056 37758
24849 37110
25011 37296
24816 36702
24828 36738
24430 35535
24843 36783
25320 37932
25220 37623
25022 37020
25232 37659
25362 38058
25410 37893
25719 38901
25214 37296
25549 38319
25238 37368
25606 38181
25608 38187
25420 37614
25970 39345
25431 37647
26066 39327
25921 38835
25818 38517
25202 36651
26138 39522
25794 38136
26122 39138
25806 38172
26038 38877
25823 38223
25993 38433
26429 39777
26007 38475
26463 39879
26433 39780
26670 40236
26196 38742
25782 37491
26432 39459
26445 39498
26600 39663
26391 39027
26614 39705
26934 40728
26415 39099
26802 39969
26588 39318
26597 39345
26607 39375
26838 40077
27000 40263
26784 39606
26794 39636
26802 39660
26375 38370
26545 38580
27388 41145
26990 39924
27003 39963
27236 40671
27394 40845
27405 40878
27184 40206
27717 41859
27203 40263
27591 41136
27603 41172
27383 40503
27744 41604
27971 42330
27788 41427
27576 40782
27577 40785
27819 41520
27833 41562
27313 39684
28000 41763
28127 42153
27782 41100
28233 42480
28185 42018
27961 41337
27979 41391
28215 42108
27988 41418
28385 42318
28393 42342
28171 41667
28177 41685
28553 42831
28346 41892
27908 40569
28360 41934
28613 42702
28384 42006
28780 42903
28793 42942
28568 42258
28568 42258
28821 43026
28747 42495
28753 42513
29004 43275
29207 43902
29149 43719
28944 42786
28487 41406
29326 43950
28967 42855
29354 44034
29140 43074
29149 43101
29155 43119
29409 43890
29779 45063
29577 44094
29715 44517
29600 44163
29603 44172
29754 44634
29533 43653
29541 43677
29924 44844
29806 44481
30188 45699
30235 45504
29737 43965
30126 45150
29753 44013
30008 44787
29931 44247
29933 44253
29947 44295
30201 45066
30427 45762
30128 44538
30384 45315
30386 45321
30150 44604
30408 45387
30325 44829
30327 44835
30589 45630
30600 45663
30611 45696
30516 45102
30523 45123
30535 45159
30541 45177
30551 45207
30966 46161
30724 45426
30725 45429
30993 46242
30247 43986
31165 46458
30923 45723
31180 46503
31324 46944
31201 46566
31362 46749
31375 46788
30623 44514
31391 46836
31398 46857
31697 47463
31310 46284
31939 48252
31331 46347
31339 46371
31505 46569
31515 46599
31778 47397
31929 47859
31531 46647
31699 46851
31970 47673
31976 47691
31722 46920
32137 48183
31899 47151
32505 49053
31915 47199
31920 47214
31931 47247
32699 49341
32098 47448
32378 48297
32110 47484
32127 47535
32686 48930
32850 49449
32570 48573
32314 47796
32593 48642
32485 48009
33118 49992
31980 46485
32784 48915
32518 48108
33296 50232
32957 49134
33108 49596
32709 48381
33138 49686
32359 47022
33372 50097
33166 49461
33323 49941
33186 49521
33348 49707
33085 48909
33739 50961
33103 48963
33386 49821
33276 49182
33553 50022
33567 50064
33578 50097
33309 49281
33471 49467
33754 50325
33765 50358
33493 49533
33786 50421
33134 48147
33136 48153
33686 49812
33976 50691
33153 48204
34143 50892
34154 50925
33879 50091
33891 50127
34164 50955
34057 50325
34065 50349
34362 51249
34090 50424
34383 51312
34535 51468
34270 50664
34557 51534
34719 52029
34295 50739
34456 50922
34459 50931
34755 51828
33925 49320
34485 51009
34934 52065
34660 51234
34669 51261
34675 51279
34687 51315
34850 51504
35142 52389
34299 49842
35488 53463
34875 51579
35329 52650
35057 51825
35353 52722
35070 51864
35373 52782
35882 54063
35251 52107
35929 54222
35264 52146
35811 53814
35872 53688
35450 52404
35750 53313
35464 52446
35771 53376
35626 52632
35646 52692
35654 52716
35959 53640
35970 53673
35835 52959
36137 53874
36143 53892
36158 53937
35863 53043
36320 54123
36569 54888
36346 54201
36055 53319
36365 54258
36232 53550
36536 54471
36694 54954
36550 54513
36259 53631
36424 53826
36426 53832
36896 55260
36999 55578
36757 54834
37189 55857
36929 55050
37100 55572
36646 54192
36652 54210
37120 55323
36825 54429
37288 55836
37390 56151
37155 55428
37011 54687
37480 56112
37587 56442
37635 56595
37511 56205
37517 55914
37522 55929
37538 55977
37240 55074
37982 57381
37412 55290
37723 56232
37885 56727
37427 55335
37751 56316
38060 56952
38077 57003
37625 55629
37940 56583
37949 56610
38399 57687
37815 55899
38135 56868
38128 56847
38317 57423
37997 56145
38315 57108
38330 57153
38028 56238
38037 56265
38197 56445
38513 57402
38212 56490
38220 56514
38539 57480
38395 56739
38404 56766
38405 56769
39155 59100
38422 56820
38589 57021
38594 57036
38609 57081
38932 58059
38618 57108
39101 58266
39515 59583
38793 57333
39127 58344
38822 57420
39295 58548
38993 57633
39316 58611
39003 57663
39701 59802
39744 59613
38563 56034
39516 58911
39525 58938
39213 57993
38750 56295
39709 59190
39722 59229
39400 58254
39736 59271
39899 59460
39899 59460
39920 59523
40097 60063
39604 58566
39772 58770
39781 58797
40112 59799
40117 59814
40310 60402
40293 60042
40716 61374
40313 60102
39989 59121
39996 59142
40167 59355
40170 59364
40181 59397
40185 59409
40991 61908
40688 60627
40697 60654
40380 59694
40388 59718
40395 59739
40885 60918
40898 60957
40578 59988
40576 59982
40929 61050
40757 60225
40757 60225
41098 61257
41113 61302
41127 61344
41289 61530
40958 60528
41310 61593
40977 60585
40987 60615
41484 61815
41490 61833
41681 62415
41517 61914
41182 60900
41349 61101
41690 62133
41696 62151
41985 63036
41381 61197
42195 63375
41885 62418
40894 59427
42236 63498
41572 61470
41740 61674
41752 61710
41759 61731
42110 62793
42119 62820
41938 61968
42612 64026
41955 62019
41964 62046
42503 63681
42651 63825
42484 63315
42941 64758
42784 64233
42516 63411
42326 62532
42332 62550
42688 63627
42357 62625
42897 64263
42871 63876
42886 63921
42890 63933
42901 63966
42557 62925
43341 65004
42733 63153
42742 63180
43279 64809
42756 63222
43271 64476
42244 61377
42937 63465
42947 63495
42958 63528
43465 64758
43125 63729
43867 66000
43494 64845
43499 64860
43312 63990
43670 65073
43685 65118
43882 65718
43887 65733
43867 65364
43522 64320
43530 64344
43536 64362
44371 66930
44065 65658
43714 64596
43723 64623
43032 62541
44102 65769
44441 66495
44267 65964
44283 66012
44293 66042
44303 66072
44107 65175
44111 65187
44475 66288
44481 66306
44499 66360
44295 65439
44670 66573
44676 66591
44321 65517
44703 66672
45036 67380
44505 65769
44874 66885
44521 65817
44530 65844
45050 67113
44693 66033
44707 66075
44718 66108
45394 68163
45245 67398
45260 67443
45460 68052
44914 66396
45292 67539
45082 66600
45464 67755
45099 66651
45485 67818
45120 66714
45286 66912
45647 68004
46159 69630
45307 66975
45688 68127
45854 68325
45857 68334
45499 67251
45877 68394
45892 68439
45678 67488
46056 68631
46063 68652
46075 68688
45712 67590
46721 70416
45148 65589
46268 68967
46274 68985
46281 69006
46072 68070
46456 69231
46462 69249
46465 69258
46983 70884
46270 68364
46650 69513
46286 68412
46291 68427
46686 69621
47032 70368
46471 68667
46865 69858
45738 66459
46499 68751
47036 70071
46670 68964
47056 70131
46679 68991
46697 69045
46862 69240
47249 70410
46875 69279
46886 69312
46889 69321
47057 69525
47448 70707
47074 69576
47465 70758
47087 69615
47254 69816
47648 71007
47656 71031
47275 69879
47870 71682
47831 71256
48035 71877
47466 70152
48235 72495
47870 71373
48334 72483
48039 71580
47663 70443
47670 70464
48271 72285
47846 70692
48239 71880
47860 70734
47871 70767
47878 70788
48043 70983
48442 72189
48060 71034
48460 72243
47298 68739
48622 72429
49002 73596
48255 71319
48263 71343
48266 71352
48437 71565
48434 71556
48454 71616
48854 72825
48470 71664
49029 73050
49031 73056
49043 73092
48656 71922
48664 71946
49223 73332
49545 74316
48846 72192
48852 72210
48857 72225
48243 70074
49632 74268
49651 74325
49661 74355
49058 72528
49819 74529
49226 72732
49236 72762
49249 72801
49663 74052
49820 74223
50035 74877
49432 73050
49842 74289
49449 73101
50017 74514
50023 74532
50039 74580
49637 73365
49650 73404
50216 74811
49817 73605
50236 74871
49833 73653
50470 75582
50011 73887
50020 73914
49223 71514
50034 73956
50665 75867
50929 76368
50621 75426
50627 75444
50229 74241
50647 75504
51308 77250
50812 75699
50413 74493
50836 75771
50436 74562
50599 74751
51021 76026
51031 76056
50627 74835
50632 74850
51203 76272
50805 75069
51220 76323
50822 75120
51463 77061
50997 75345
50998 75348
51013 75393
51020 75414
51447 76704
51812 77508
51201 75657
51203 75663
51215 75699
51642 76989
50571 73458
51805 77178
51405 75969
51831 77256
51845 77298
51586 76212
51595 76239
51602 76260
51604 76266
51620 76314
51780 76494
51787 76515
51795 76539
52231 77856
51816 76602
52608 78696
51986 76812
52421 78126
51998 76848
52012 76890
52595 78348
52179 77091
52616 78411
52626 78441
52616 78411
52374 77376
52382 77400
52818 78717
52398 77448
52406 77472
52568 77658
53000 78963
53006 78981
53364 80073
52601 77757
52761 77937
52777 77985
53214 79305
53441 79995
53233 79362
52958 78228
52967 78255
53408 79587
52989 78321
53425 79638
53161 78537
53163 78543
53179 78591
53959 80958
53194 78636
54010 80802
53796 80151
53805 80178
53816 80211
53391 78927
53552 79110
53565 79149
54002 80469
53574 79176
53579 79191
53754 79416
54418 81426
54200 80763
53775 79479
54221 80826
53947 79695
53954 79716
53957 79725
53974 79776
53978 79788
54582 81309
54575 81288
54596 81351
54605 81378
54177 80085
54337 80265
54352 80310
54799 81660
54364 80346
54374 80376
54975 81888
54548 80598
55346 83019
54563 80643
54567 80655
54725 80829
55187 82224
54753 80913
54761 80937
55641 83613
54934 81156
54935 81159
55617 83223
54949 81201
55411 82596
55123 81423
55129 81441
55140 81474
55601 82866
55163 81543
55328 81738
55780 83103
55340 81774
56366 84924
55804 83175
56199 84069
55529 82041
55542 82080
55549 82101
56011 83496
55722 82320
56178 83697
55738 82368
56196 83751
56212 83799
56365 83958
55920 82614
56384 84015
55941 82677
56408 84087
56112 82890
56809 84999
55229 80232
56138 82968
56142 82980
56308 83178
56316 83202
56327 83235
56792 84639
56798 84657
56509 83481
56970 84873
57214 85614
56533 83553
55628 80829
56700 83754
56712 83790
57180 85203
57429 85959
56733 83853
57350 85413
57604 86184
56913 84093
57389 85530
57398 85557
57560 85743
57999 87087
57576 85791
57119 84411
57600 85863
57293 84633
58325 87801
58015 86817
57314 84696
57326 84732
57949 86310
57967 86364
57511 84987
57979 86400
57993 86442
58147 86604
58156 86631
58173 86682
58181 86706
58188 86727
58590 87642
57893 85533
57901 85557
58380 87003
58628 87756
58074 85776
58090 85824
58100 85854
58577 87294
58116 85902
57352 83301
58750 87513
58290 86124
58774 87585
58302 86160
58476 86382
58485 86409
58963 87852
58502 86460
58506 86472
58672 86670
59742 89973
59167 88164
59173 88182
58696 86742
59339 88380
58877 86985
58876 86982
59368 88467
58903 87063
59064 87246
60141 90570
59795 89457
59089 87321
59569 88770
59742 88989
59271 87567
59282 87600
59285 87609
59774 89085
59939 89280
59467 87855
59960 89343
60218 90126
60615 91389
59661 88137
60390 90342
60150 89613
60165 89658
59690 88224
59854 88416
59861 88437
59869 88461
60743 91110
59884 88506
60777 90903
60542 90189
60066 88752
60073 88773
60571 90276
60974 91194
60250 89004
60260 89034
60267 89055
60770 90573
60441 89277
60450 89304
60462 89340
60961 90846
60477 89385
60644 89586
61142 91089
60655 89619
61413 91911
61417 91923
61318 91317
60847 89895
61337 91374
60855 89919
62008 93468
61523 91632
61538 91677
61050 90204
62111 93441
61560 91743
61230 90444
61730 91953
61246 90492
61253 90513
61764 92055
61417 90705
61933 92262
61449 90801
61950 92313
61457 90825
61624 91026
61627 91035
62142 92589
61652 91110
62163 92652
62565 93567
62329 92850
62342 92889
62352 92919
62362 92949
62016 91602
62029 91641
62036 91662
62032 91650
62051 91707
62218 91908
62729 93450
62234 91956
62747 93504
62244 91986
62911 93696
62423 92223
62929 93750
63206 94590
62956 93831
62607 92475
62614 92496
63129 94050
62627 92535
63418 94926
62804 92766
62816 92802
63331 94356
62829 92841
63353 94422
63006 93072
63515 94608
63011 93087
63024 93126
63550 94713
63711 94896
63207 93375
63727 94944
63226 93432
63230 93444
63395 93639
63402 93660
63417 93705
63420 93714
63946 95301
63594 93936
63603 93963
64124 95535
63616 94002
64149 95610
63786 94212
63797 94245
63803 94263
64323 95832
63820 94314
63991 94527
64508 96087
64790 96942
64534 96165
64544 96195
64184 94806
64977 97203
64987 97233
64210 94884
64218 94908
64893 96642
63355 92010
64919 96720
64401 95157
65199 97569
64579 95391
65097 96954
65121 97026
65120 97023
65402 97878
65296 97251
64778 95688
64795 95739
65327 97344
64800 95754
65491 97536
64975 95979
65517 97614
65510 97593
65006 96072
65167 96255
65177 96285
65184 96306
65190 96324
66009 98799
65368 96558
65895 98148
65385 96609
66191 99045
65397 96645
65556 96822
66090 98433
66385 99327
66117 98514
65593 96933
66288 98727
66567 99573
65776 97182
66734 100083
66602 99678
64905 94260
66494 99045
66504 99075
66517 99114
66526 99141
66151 97707
67187 100851
66168 97758
66176 97782
67004 100284
66351 98007
66361 98037
66906 99681
66374 98076
66386 98112
66543 98283
66548 98298
67103 99972
66573 98373
67401 100875
66743 98583
67289 100230
67300 100263
67309 100290
67318 100317
66941 98877
67492 100539
66951 98907
67508 100587
67519 100620
67141 99177
67689 100830
68122 102147
67161 99237
67171 99267
67334 99456
67884 101115
67896 101151
67360 99534
67370 99564
68063 101352
68362 102258
68094 101445
68104 101475
68397 102363
68276 101691
68561 102555
68291 101736
67751 100107
67761 100137
68468 101967
67931 100347
68771 102885
67947 100395
68509 102090
68662 102249
68133 100653
68141 100677
68696 102351
68155 100719
68869 102570
68880 102603
68338 100968
68898 102657
68353 101013
69066 102861
68526 101232
68526 101232
69095 102948
68543 101283
69263 103152
68722 101520
69288 103227
68736 101562
69308 103287
68912 101790
68917 101805
68925 101829
69776 104400
68936 101862
70088 105045
69113 102093
70254 105561
69982 104718
69699 103860
69857 104034
69870 104073
69318 102408
69326 102432
70343 105510
69500 102654
70348 105216
70075 104388
70088 104427
70101 104466
70257 104634
70264 104655
69716 103002
69721 103017
70292 104739
70458 104937
69902 103260
69906 103272
69919 103311
69926 103332
70083 103503
70955 106137
70110 103584
70113 103593
70686 105321
70848 105507
70863 105552
70869 105570
70881 105606
70321 103917
71330 106662
71348 106716
70499 104151
71078 105897
70519 104211
71247 106104
71255 106128
71261 106146
70704 104466
70714 104496
70875 104679
71459 106440
70888 104718
70898 104748
70906 104772
71076 104982
71658 106737
71093 105033
71102 105060
71110 105084
71275 105279
71856 107031
71287 105315
71867 107064
71300 105354
72046 107301
71475 105579
71474 105576
71488 105618
71505 105669
72233 107562
71668 105858
71680 105894
71689 105921
72584 108624
71866 106152
71865 106149
71873 106173
72473 107982
71891 106227
72055 106419
72066 106452
72656 108231
72086 106512
72677 108294
72834 108465
72266 106752
72853 108522
72864 108555
72870 108573
73036 108771
73046 108801
72470 107064
73363 109761
73377 109803
72654 107316
73242 109089
73251 109116
72671 107367
73274 109185
72850 107604
72856 107622
73755 110337
72868 107658
73475 109488
73044 107886
73053 107913
73058 107928
73662 109749
73669 109770
73829 109950
73837 109974
74149 110919
73855 110028
73868 110067
74329 111159
73447 108495
73452 108510
73459 108531
73463 108543
74224 110535
73645 108789
74246 110601
74254 110625
73668 108858
74422 110829
73834 109056
73848 109098
73858 109128
74467 110964
74029 109341
74929 112059
74944 112104
74651 111216
74053 109413
74825 111438
74235 109659
75444 113331
74253 109713
74262 109740
74423 109923
74429 109941
74437 109965
74449 110001
74458 110028
74617 110205
74623 110223
74635 110259
74644 110286
75254 112125
74817 110505
74824 110526
75432 112359
74837 110565
75765 113367
75616 112611
75017 110805
75631 112656
75038 110868
75047 110895
75207 111075
75215 111099
75224 111126
75843 112992
75849 113010
75411 111387
75415 111399
76030 113253
75432 111450
75442 111480
75596 111642
76216 113511
75617 111705
75622 111720
75637 111765
75799 111951
75810 111984
75816 112002
76436 113871
76443 113892
75998 112248
76005 112269
76624 114135
76023 112323
76028 112338
76803 114372
76193 112533
76208 112578
76214 112596
76845 114498
77003 114672
76399 112851
77019 114720
77030 114753
77044 114795
76586 113112
76593 113133
76604 113166
76606 113172
76616 113202
77397 115254
76793 113433
77985 117045
77427 115344
76820 113514
77599 115560
76983 113703
76999 113751
77625 115638
77011 113787
77182 114000
77186 114012
77195 114039
77823 115932
77831 115956
78480 117621
77385 114309
78013 116202
77401 114357
77401 114357
78195 116448
78200 116463
78928 118719
78226 116541
78235 116568
78394 116745
77771 114867
78727 117753
78420 116823
77803 114963
77963 115143
78582 117009
78934 118074
78946 118110
78631 117156
78792 117339
78170 115464
78809 117390
79303 118890
78828 117447
78351 115707
78998 117657
78371 115767
79336 118680
78390 115824
79510 118902
79190 117933
78566 116052
78582 116100
79223 118032
78749 116301
78755 116319
79395 118248
78774 116376
78784 116406
79581 118506
79592 118539
78961 116637
79927 119553
79956 119640
79144 116886
79154 116916
79806 118881
79173 116973
80431 120783
80558 120864
79352 117210
79353 117213
80011 119196
79378 117288
80181 119406
79552 117510
79558 117528
79566 117552
80222 119529
79739 117771
79748 117798
79755 117819
79765 117849
79770 117864
80578 119997
80585 120018
80925 121047
80607 120084
81115 121626
80770 120273
80138 118368
80792 120339
80145 118389
80155 118419
80973 120582
80338 118668
80994 120645
80350 118704
81012 120699
80529 118941
81177 120894
81190 120933
81193 120942
81212 120999
80715 119199
80729 119241
81384 121215
81398 121257
81411 121296
81563 121452
81577 121494
81583 121512
80943 119583
80948 119598
81758 121737
81779 121800
81124 119826
81140 119874
81151 119907
81307 120075
81319 120111
81986 122121
82328 123156
81997 122154
82165 122358
81519 120411
81528 120438
81530 120444
82544 123504
81709 120681
82370 122673
82378 122697
81729 120741
82397 122754
82564 122955
82567 122964
81918 121008
81929 121041
81929 121041
82097 121245
82767 123264
82119 121311
82115 121299
82131 121347
82298 121548
82308 121578
82971 123576
82312 121590
82998 123657
83153 123822
83503 124881
82513 121893
83180 123903
82524 121926
82689 122121
82702 122160
83367 124164
82714 122196
83392 124239
82885 122409
82896 122442
83910 125502
83580 124503
82923 122523
83083 122703
83086 122712
83774 124785
83109 122781
83792 124839
83953 125022
83952 125019
83971 125076
83303 123063
83989 125130
84148 125307
84146 125301
84167 125364
84171 125376
84188 125427
84677 126603
84691 126645
83688 123618
83699 123651
83704 123666
83872 123870
84552 125919
84568 125967
84572 125979
84579 126000
84747 126204
84076 124182
84080 124194
84094 124236
84782 126309
84935 126468
84272 124470
84963 126552
85311 127605
84979 126600
84462 124740
84470 124764
84481 124797
84490 124824
85527 127953
85340 127083
85349 127110
84677 125085
85895 128766
85377 127194
84854 125316
85543 127392
84865 125349
85561 127446
85924 128544
85732 127659
85742 127689
85065 125649
85759 127740
85086 125712
85930 127953
85260 125934
85951 128016
85958 128037
85282 126000
86654 129843
85458 126228
86150 128313
86509 129399
86168 128367
85644 126486
85649 126501
86352 128619
86360 128643
86729 129759
85841 126777
86533 128862
86550 128913
86560 128943
85872 126870
87076 130200
86048 127098
86749 129210
86760 129243
86771 129276
86234 127356
86936 129471
86948 129507
86260 127434
86264 127446
87120 129723
86433 127653
87145 129798
87153 129822
87163 129852
86632 127950
87330 130053
86648 127998
87352 130119
87365 130158
86824 128226
86834 128256
87540 130383
86842 128280
87553 130422
87013 128493
87030 128544
88284 132333
88107 131793
87053 128613
87912 130899
87927 130944
87235 128859
87951 131016
87960 131043
87416 129102
87425 129129
87430 129144
88146 131301
87446 129192
87604 129366
86222 125211
88696 132660
88701 132675
88342 131589
88512 131799
88525 131838
87829 129741
87835 129759
87843 129783
87995 129939
88014 129996
89090 133242
88030 130044
88749 132210
88909 132390
88924 132435
88218 130308
88224 130326
88232 130350
88404 130566
89114 132705
88416 130602
89130 132753
89144 132795
89304 132975
88601 130857
88617 130905
88622 130920
88629 130941
89506 133281
88799 131151
88802 131160
88817 131205
89548 133407
88990 131424
89000 131454
89004 131466
89016 131502
89743 133692
89899 133860
89913 133902
89917 133914
89931 133956
89216 131802
89380 131994
89393 132033
90119 134220
89411 132087
90135 134268
90297 134454
89590 132324
90314 134505
90325 134538
89613 132393
89774 132576
89785 132609
90518 134817
89803 132663
90535 134868
89975 132879
89986 132912
89989 132921
89993 132933
89999 132951
91260 136452
90183 133203
90914 135405
90920 135423
90207 133275
90367 133455
90374 133476
91480 136812
90391 133527
90402 133560
90568 133758
90577 133785
90576 133782
91320 136023
91323 136032
91485 136218
91499 136260
91509 136290
91512 136299
90791 134127
91686 136521
91699 136560
91709 136590
90981 134397
90990 134424
91152 134610
91166 134652
91169 134661
91919 136920
92304 138084
92087 137124
91363 134943
91370 134964
92108 137187
91382 135000
92287 137424
91553 135213
91564 135246
91574 135276
91583 135303
92485 137718
91758 135528
92504 137775
91771 135567
92515 137808
91947 135795
91948 135798
91962 135840
93090 139242
92721 138126
92141 136077
92147 136095
92901 138366
92165 136149
92915 138408
93644 140313
92343 136383
92351 136407
93104 138675
92374 136476
93277 138894
92543 136683
92548 136698
93302 138969
93319 139020
92725 136929
93478 139197
92749 137001
93501 139266
93509 139290
92926 137232
92937 137265
92938 137268
92953 137313
93712 139599
93873 139782
93131 137547
93883 139812
93151 137607
93159 137631
94071 140076
94081 140106
93341 137877
93344 137886
93352 137910
93522 138120
94277 140394
93533 138153
94299 140460
93549 138201
93714 138396
94476 140691
94480 140703
94488 140727
93748 138498
95030 142062
93921 138717
94677 140994
94692 141039
93944 138786
94857 141234
94119 139011
94114 138996
94893 141342
95488 143145
94303 139263
95069 141570
94324 139326
94333 139353
94341 139377
95261 141846
94508 139578
94518 139608
94522 139620
95297 141954
95455 142128
95466 142161
94713 139893
94721 139917
95494 142245
94898 140148
94902 140160
94908 140178
94913 140193
95700 142563
95849 142710
95103 140463
95111 140487
95112 140490
95129 140541
95293 140733
95292 140730
96069 143070
95317 140805
96093 143142
96248 143307
95495 141039
95507 141075
95509 141081
96287 143424
96446 143601
96458 143637
95697 141345
97184 145842
96488 143727
96647 143904
95891 141627
97060 145152
95908 141678
96682 144009
96079 141891
96090 141924
96099 141951
96869 144270
97283 145521
96268 142158
96282 142200
96295 142239
97466 145770
96297 142245
96471 142467
97253 144822
96492 142530
96491 142527
97280 144903
96667 142755
97450 145113
96686 142812
97470 145173
96703 142863
96865 143049
96877 143085
96878 143088
96885 143109
97684 145515
97066 143352
97846 145701
97081 143397
97869 145770
97874 145785
97261 143637
98047 146004
97279 143691
98069 146070
98071 146076
98232 146259
98242 146289
98256 146331
97483 144003
98672 147588
97657 144225
97665 144249
98460 146643
97676 144282
97683 144303
97851 144507
97861 144537
97865 144549
98667 146964
98678 146997
98044 144786
98842 147189
98064 144846
98071 144867
98081 144897
98247 145095
98253 145113
98263 145143
99057 147534
99074 147585
99227 147744
99242 147789
99647 149013
98464 145446
99271 147876
