839 531
826 561
679 441
791 507
708 438
1546 960
1566 954
1615 993
1722 1050
1514 924
2467 1530
2477 1506
2492 1512
2428 1452
2340 1425
3278 1914
3233 1869
3290 1944
3407 2013
3211 1845
4158 2400
4220 2463
4078 2349
4253 2469
4095 2367
4919 2829
4952 2829
4959 2787
4996 2868
4707 2661
6009 3453
6004 3456
5684 3261
6017 3480
5748 3300
6708 3828
6717 3825
6832 3909
6482 3666
6430 3639
7702 4407
7870 4473
7558 4365
7508 4221
7771 4407
8469 4737
8440 4827
8541 4806
8430 4716
7974 4374
9418 5316
9176 5106
9120 4989
9259 5172
9043 4962
10178 5664
9924 5532
10121 5703
10385 5838
9734 5382
11425 6405
11391 6456
11143 6231
11425 6387
11077 6126
12040 6645
12198 6882
12055 6693
11850 6555
11488 6306
12942 7260
13364 7587
12874 7209
13403 7545
12655 7131
13766 7665
13939 7731
13623 7572
13151 7227
13289 7344
15161 8406
14997 8319
15117 8370
14502 8034
14381 8013
15807 8649
15907 8814
15926 8766
14969 8226
15283 8379
16942 9378
16962 9399
16865 9357
16134 8898
16219 8949
17481 9591
17326 9474
17669 9768
16630 9033
16570 9030
18352 10107
18275 10197
17941 9882
17450 9621
17493 9639
19124 10503
19170 10497
19139 10446
18353 9873
18302 9879
20475 11253
20499 11283
19924 10920
19655 10704
19747 10812
20722 11223
21125 11532
21003 11475
20079 10887
21501 11748
22341 12246
22404 12303
22372 12300
22438 12378
21483 11730
22964 12522
22299 12186
22568 12270
21373 11532
21851 11808
23983 13101
24132 13224
24269 13350
23127 12675
23150 12732
24579 13527
24367 13425
24966 13740
25266 13896
25337 13947
25911 14328
26147 14385
25420 13932
25727 13956
24939 13614
26138 14340
26950 14658
27011 14748
25361 13710
25462 13698
27487 15102
27401 14982
27420 14946
26515 14397
26321 14325
28039 15273
27683 14964
28278 15447
26624 14307
26483 14298
29479 16179
29562 16158
29160 15882
28383 15306
28357 15378
29994 16218
30836 16800
30487 16755
30551 16725
28881 15570
30164 16398
31947 17352
31865 17256
30400 16509
30462 16479
31707 17154
32007 17412
31905 17223
29812 16014
29926 16035
33392 18111
33374 18120
32700 17817
31730 17103
31935 17169
34520 18672
33731 18213
33836 18222
32424 17337
32404 17511
35425 19176
35347 19083
35421 19185
35423 19194
33788 18195
35617 19371
34997 18942
35089 18996
34060 18408
33855 18402
36500 19695
36409 19602
35337 19023
34804 18708
35022 18864
37845 20532
37033 20109
37628 20400
37768 20388
35374 19164
38762 20892
38815 20970
37435 20076
39186 21189
36936 19902
39466 21171
38758 20673
38530 20673
37369 19956
37187 20007
40248 21591
40388 21783
39979 21558
40884 22083
39070 21066
39987 21474
40719 21930
40107 21480
38403 20508
38369 20367
43130 23157
42308 22809
42149 22743
40623 21789
40916 21825
42725 22977
41986 22452
43574 23367
43234 23283
40887 21930
44363 23919
44496 23961
44605 23997
42458 22791
42668 22842
45412 24282
42482 22683
42725 22752
45542 24567
43669 23319
45464 24507
45475 24363
45522 24486
43495 23202
43591 23310
46179 24723
46598 24987
46121 24579
43994 23460
47497 25557
47893 25767
47858 25848
47867 25749
46032 24666
45645 24234
48002 25554
48042 25662
48474 26007
46104 24543
46059 24498
50067 27048
50326 27057
50373 26967
48072 25734
47890 25803
46330 24609
48448 25713
49301 26352
47038 25116
46889 24972
51962 27948
52036 28023
50625 27222
49737 26652
51989 27894
51934 27900
51936 27831
51820 27852
52873 28413
52691 28155
54159 29010
53997 29019
52758 28281
51668 27537
51302 27573
53616 28701
54639 29280
54682 29412
51368 27261
50629 26877
54615 29277
54313 29076
53124 28311
52046 27774
54153 28815
55368 29511
56183 30150
54869 29499
56440 30153
52608 27999
57309 30708
57306 30738
57462 30846
54962 29367
54771 29202
56348 30102
56568 30249
56481 30051
59125 31812
53938 28593
59496 31947
59509 31920
59371 31782
56902 30387
59706 32142
57935 30918
57814 30774
58610 31383
58882 31488
59013 31389
61071 32718
61262 32802
60954 32652
58458 31125
58246 31203
60587 32307
60252 32127
61078 32739
57703 30588
58374 31044
63377 33981
60926 32493
63535 34134
60708 32490
60822 32475
63067 33624
64523 34611
63543 33927
64012 34209
60149 32037
64048 34200
63828 34068
63729 33927
61120 32463
60994 32430
64789 34554
63554 33657
62578 33132
61178 32577
62755 33255
66651 35466
66931 35607
65551 34911
63995 33975
63735 33912
66349 35202
66681 35688
67674 36204
63583 33720
65168 34935
68967 36828
69105 36954
66540 35496
66064 35265
66049 35400
66856 35616
68270 36381
66736 35253
63987 33804
65420 34584
70452 37485
70579 37455
69170 36864
71140 38085
66953 35487
70367 37659
72149 38673
71885 38448
67484 35784
67239 35742
72514 38739
72602 38778
72508 38790
69595 36984
69570 36957
72148 38529
70179 37158
73509 39273
68788 36486
68640 36501
73033 38856
72695 38691
72863 38814
69538 36858
69619 36858
73169 39000
73195 39054
73449 38952
75384 40089
71210 37719
75530 40080
75777 40428
75502 40239
72160 38457
72145 38283
74638 39531
74520 39441
76417 40731
77334 41520
71950 38124
77760 41226
77691 41268
76398 40734
74478 39357
74152 39426
77024 40785
75345 39888
75403 39735
71991 37845
73843 38961
79246 42117
79063 41931
77639 41043
75892 40317
80426 42867
79657 42363
78629 41772
79633 42354
75939 40272
74788 39411
82082 43701
81711 43707
81982 43707
78469 41724
78440 41844
83076 44403
83160 44301
82364 43923
77751 41190
77816 41235
82355 43596
81592 43347
81958 43548
81640 43218
78284 41331
83374 44217
81604 43101
83590 44535
78582 41364
77773 40881
84782 44808
85138 45021
84915 44868
81149 42795
82044 43299
85893 45570
84274 44475
85819 45603
83353 44052
80689 42540
87811 46866
87811 46824
87964 46686
83676 44478
84090 44475
85540 44997
83973 44328
85242 45057
82715 43797
80724 42495
89092 47388
85304 45207
89168 47256
85130 44985
84850 45099
86665 45897
88457 46977
88826 46923
84298 44556
84822 44640
91157 48597
91210 48408
88096 46488
90865 48258
91007 48213
90648 48003
89674 47433
92058 49098
91929 48858
88029 46665
91250 48216
91183 48303
90658 47811
90046 47670
90028 47589
91428 48453
91223 48447
93232 49356
93791 49713
93860 49926
94169 49872
94208 49902
94514 50091
90111 47727
95131 50502
93004 49188
91569 48315
94242 49746
95096 50175
88757 46614
96673 51291
96378 51198
96548 51252
92417 48759
92115 48861
95140 50136
92880 49038
94425 49650
88780 46650
94722 50328
98604 52575
98328 52212
95815 50727
99573 53058
94285 49917
97910 51597
96123 50637
99210 52758
93099 49068
94943 50202
96419 50883
100803 53496
98580 52308
95008 50142
95531 50346
99542 52794
99303 52593
101813 54162
97306 51414
96928 51591
100630 53331
100168 53334
99991 53253
95853 50562
95359 50343
98921 52053
99673 52539
102523 54366
95461 50541
103588 55044
103842 55047
104153 55218
103910 55053
104674 55524
99915 52992
98648 51990
102959 54456
105024 55737
98519 52131
98709 52092
106881 56856
107148 56859
106825 56868
106959 56814
102121 54039
101691 53559
101926 53526
102882 54168
103957 55071
98024 51498
102567 54291
107363 57036
107578 57114
102349 54081
102343 54282
107123 56538
107135 56505
107399 56892
108710 57459
102197 53754
109983 58161
110214 58422
106743 56172
109484 57936
105193 55296
108508 57372
110661 58497
111233 58914
102061 53475
110141 58146
109390 57945
103234 53949
106454 56067
104297 54939
102824 53814
109316 57843
110017 58089
111329 58776
112382 59430
104615 55143
112576 59592
113061 59595
112618 59604
108091 56805
113424 60012
110356 58275
111608 58893
114331 60453
106851 56190
105564 55632
115810 61194
114783 60777
115135 60891
110401 57969
110395 58155
111758 58755
113567 59895
113881 59898
113180 59718
106034 55596
118242 62808
116841 61998
113011 59649
111486 59013
111847 59082
116785 61749
115035 60657
114298 60264
113633 60129
113780 60174
119722 63513
119831 63477
119764 63399
113960 60345
114081 60216
120112 63396
117656 61995
120399 63522
120200 63795
115345 60870
113138 59475
118345 62622
117843 62220
112184 58899
116386 61461
119582 63207
117775 62259
117182 61728
113288 59775
115751 61101
120521 63411
122385 64566
121913 64245
116919 61557
115770 60939
123785 65442
121014 63867
122135 64542
115945 60942
115731 60966
125748 66636
125728 66669
119965 63330
119948 63084
119995 63162
118523 62190
120194 63423
123348 65100
122355 64569
122487 64623
126580 66999
126853 67017
126513 67086
120377 63579
120503 63708
126179 66588
125879 66489
125624 66561
119737 63003
122621 64659
129472 68574
129612 68745
129436 68880
123447 65280
123150 65166
123932 65538
130622 69348
130583 69312
121449 64239
120359 63204
127076 66747
127956 67455
125015 65922
126642 66675
122434 64461
130503 68976
127839 67347
127538 66906
121490 63783
121920 64002
131996 69558
131122 69078
128369 67605
125412 66006
132767 70095
131751 69399
129488 68022
129925 68364
122789 64440
122604 64266
134120 70599
134165 70752
134224 70611
128199 67458
128451 67602
129555 68106
129166 67686
131961 69396
123065 64443
123624 64833
135419 71370
136153 71757
130694 68754
129878 68550
129779 68457
137485 72756
133605 70356
137024 72531
137872 73023
131334 69384
138595 73416
139157 73572
138864 73443
138088 72978
132366 69702
133573 70653
140446 74331
137921 72924
130841 68937
140023 74115
137081 72318
137309 72474
133286 70005
130966 68736
136224 71592
137114 72114
135671 71259
137675 72318
132984 69855
130909 68424
135906 71604
140863 74316
140976 74337
135292 70992
134858 70944
139622 73359
139243 73272
142069 74988
136550 72009
132672 69849
143867 76041
144129 76098
144099 76179
143972 76113
137043 72198
130318 68226
136855 71982
141636 74817
140469 73839
131366 68877
145722 77013
145835 76953
145512 76974
146888 78081
139034 73152
143554 75633
143572 75681
147103 77547
136977 71934
140200 73479
147753 78246
148025 78171
143139 75507
141265 74370
141007 74514
144050 75942
143753 75441
145602 76806
142005 74628
147250 77577
145800 76884
144966 76170
142033 74685
143505 75291
139135 73137
146295 76683
141544 74046
145731 76470
149597 78732
149557 78693
149886 78774
149650 78831
149883 78828
151833 80022
143513 75327
148308 78111
148347 78264
147062 77334
140691 74019
140968 74007
152889 80196
152692 80151
152424 80376
145690 76611
145776 76674
146519 77016
147059 77397
149866 78831
140134 73335
140469 73320
153405 80724
153679 80844
149440 78132
146743 77103
146643 77046
152805 80592
150054 78831
153103 80472
145885 76653
148949 78153
157731 83274
157616 83250
157770 83235
157597 83094
154901 81618
158222 83289
154485 81102
156038 82002
147621 77400
151512 79842
154996 81435
155308 81705
148528 77589
153562 80547
147851 77445
155386 81429
153678 80595
157833 83091
147345 77133
158940 83991
159317 83883
159700 83943
159760 84072
152588 80115
160776 84864
160857 84495
160562 84609
159898 84003
150831 79131
154867 81576
163685 86559
164129 86559
163855 86571
156243 82347
156885 82485
156868 82512
155712 81567
160069 84138
159496 83766
146376 76512
164079 86457
164156 86328
159767 83976
156193 82161
156343 82047
166535 87678
162902 85530
162757 85785
155092 81291
157565 82638
167315 88122
167093 88053
160676 84249
159018 83673
158975 83655
164010 86337
164052 86241
162291 85389
154113 80814
154512 80763
164749 86649
164500 86667
160026 84090
156709 81975
156530 82257
164433 86601
164613 86580
164999 86724
156670 82056
169152 89277
168236 88272
168148 88218
168666 88434
160986 84294
161093 84237
166611 87369
157687 82482
166224 87279
159184 83445
163820 86139
171291 90105
171241 90087
172014 90195
161731 84564
164024 85833
164756 86247
164844 86376
167863 88044
156804 81918
167706 88056
173239 91053
172699 90864
166320 86898
165126 86781
174215 91530
171996 90411
174785 91977
175353 91998
176430 92817
175973 92751
176998 93201
177200 93273
177642 93321
168882 88659
168724 88665
174618 91737
174343 91749
174458 91563
165950 86997
165876 87051
174524 91692
173937 91341
174354 91362
173000 90669
166355 87204
173366 91230
170540 89085
176542 92466
177536 93324
165183 86583
170538 89670
178833 93882
175134 91851
170458 89553
179934 94848
176718 92874
176496 92427
180797 95262
182185 96288
173375 91068
182646 96045
182423 95823
182299 96036
173975 91308
173956 91314
174856 91752
169331 88647
178599 93690
165758 86766
164424 85962
181162 95139
183693 96585
179122 94062
174215 91554
184069 97083
181573 95502
185574 97704
182013 95823
172777 90579
172749 90399
185823 97845
176878 93033
179632 94254
177370 93126
184363 97038
183138 96393
184382 96690
187235 98706
185271 97194
171783 89922
183429 96432
183530 96447
178624 93849
174668 91677
175076 91623
182516 95637
182496 96078
186094 97815
173773 90861
177332 92868
186839 98223
187161 98328
182071 95646
179543 94122
179163 93903
188509 98964
188571 99108
188305 98808
176712 92349
176138 92247
189549 99519
189671 99507
190426 100077
181018 94794
181084 94857
186891 97992
182517 95475
185963 97242
186008 97479
174133 90681
192144 100848
191858 100476
186867 97881
183097 96210
182702 96195
188964 99267
185095 96708
193139 101442
193754 102150
184772 96948
186288 97713
192920 101196
194539 102297
194292 102120
186396 97743
191382 100494
190735 100026
194417 102114
195163 103038
182940 95736
191704 100821
183160 95787
183320 95529
182631 95676
182848 95730
195063 102534
189399 98898
194345 101916
181966 95310
197285 103971
189294 99525
197383 103404
196838 103452
188985 98952
188728 98805
195048 102333
194468 102171
199983 105111
185977 97656
186418 97461
201865 106299
201019 105807
201690 106248
192081 101139
191575 100872
192239 100830
189095 98562
189692 99123
194888 101916
179703 93525
200961 105408
201044 105357
196010 102585
191461 100335
191366 100323
199658 104613
199375 104595
189651 99150
202675 106581
189396 99096
205014 107820
205057 107874
204675 107463
203039 106857
195636 102537
201219 105627
201256 105492
205461 107955
204457 107382
195898 102693
201691 105783
201754 105828
196101 102693
192074 100608
192501 100644
200822 105393
200863 105381
201365 105462
191077 99936
191058 99957
206270 108273
206233 108264
201461 105651
197376 103365
198452 103953
200171 105120
199266 104178
208614 109440
210210 110511
193759 101742
210310 110532
209537 110277
207623 108657
200715 105057
208258 108948
201204 105471
199714 104178
202380 105792
196938 103074
191290 99942
201093 105405
211003 110748
202507 105732
201243 105357
200829 105336
206530 108396
206927 108435
206670 108387
213658 112368
199213 104346
214418 113208
215188 113235
209722 109938
204487 107448
204766 107646
205288 107598
210544 110703
205262 107523
214332 112548
200160 104841
200610 104730
209985 110295
202201 105738
200539 104895
200562 104949
210570 110514
207451 108630
214476 112683
196994 103041
204544 107256
215233 112764
215147 112707
215077 112653
207259 108507
206581 107763
212688 111660
217455 113925
215581 112719
203099 106107
209003 109551
219737 115104
219765 115350
220021 115446
219793 115332
209026 109560
210200 109920
208235 108744
210307 109809
213551 111312
199946 104175
209720 109692
219983 115353
220339 115347
209752 109746
209952 109659
222926 117240
218797 114606
222840 117159
208246 108867
207583 108708
223692 117150
224193 117651
216496 113616
213340 111771
223176 117129
219611 114729
223991 117720
222864 116925
206150 107559
214016 111690
219999 115044
217560 113379
218791 114063
209756 109593
206760 107520
218244 113922
218424 113997
222406 116145
224284 117408
207651 108351
224101 117402
224636 117711
224381 117657
215138 112272
225603 118005
221442 115776
220284 114918
219020 114594
212477 110832
210694 109752
228345 119478
228236 119781
228243 119220
226958 118839
217698 113763
219062 114288
218618 114021
219220 114360
208868 108891
222188 116064
228710 120105
227916 119418
218810 114318
231187 121599
218285 114666
224246 117381
227417 119130
227509 119295
232454 122211
226288 118173
233117 122349
233664 122313
233294 122181
221998 116385
232586 121974
228799 119898
229165 119898
228200 119538
223508 116709
218851 114075
228903 119823
228760 119811
229548 119736
217905 113844
226934 118761
230817 120888
227761 119295
225906 117945
217615 113406
221844 115866
234420 123030
234526 122994
226367 118278
224633 117543
222697 116619
236925 124311
230377 120423
234016 122520
238010 125061
220602 114876
238466 125490
238112 124902
238554 125499
238643 125688
227849 119256
229037 119874
234259 122640
234078 122211
212666 110526
217322 113310
240057 126072
237493 124380
234756 122877
228096 119742
225651 118230
240642 126186
241354 126753
237066 124083
224615 117186
224166 116943
242745 127434
243013 127386
233051 121896
231606 120864
231328 121005
239756 125382
243470 127671
240814 126342
241360 126717
226462 118368
227082 118548
237539 124281
237621 123987
226895 118317
226976 118536
236977 124095
237622 124293
241701 126648
225499 117459
225749 117552
242973 127179
244255 128145
234371 123000
233212 122169
233609 122307
241136 126132
240141 126066
243063 127566
245070 128781
230189 120495
248287 130170
248026 129864
240839 126201
232131 121620
236997 124077
236776 123591
242132 126522
238638 124323
225436 117450
241299 126390
247310 129537
246851 129312
247673 129489
235340 123180
236048 123438
230349 120165
242586 126843
250724 131343
233697 122091
238789 125310
253489 133071
253068 132810
253085 132762
241498 126624
240766 126498
253948 133125
253760 133017
253986 133200
235766 123147
241521 126657
248192 130008
235777 123264
235267 122664
236519 123468
236337 123423
234676 122859
246158 128286
251477 131553
251307 131481
231003 120270
253803 132774
254015 133098
249512 130362
256794 134499
243124 127173
254437 133500
249284 130314
255663 134286
238761 124740
245961 128826
259032 135825
258159 135912
257791 135264
246738 128904
246657 129213
250745 130950
247517 129273
249844 130524
234769 122331
240131 125169
257553 135300
258891 135333
251840 131919
243292 126936
246164 128637
256083 134535
256105 134427
255692 134262
261127 136968
243700 127500
261555 137712
261641 137592
261863 137568
249635 130761
248987 130587
256390 134364
253787 132867
258359 135240
244059 127476
243730 127467
244167 127332
256606 134682
249429 130548
252783 131622
245031 127680
256491 134310
243623 127356
257409 134391
244269 127530
243675 127320
261765 136800
262042 136986
264647 138480
249930 130467
249837 130434
261611 136911
258246 135123
264808 138489
246764 129012
266477 139971
266645 139440
265394 138789
265584 138819
266930 139788
252907 132429
254962 132936
248544 129420
260097 135678
259526 135324
241997 125715
265916 138918
266645 139386
266449 139263
253474 132720
254222 132639
264720 138417
267066 139788
265261 138510
271145 142464
257993 134967
269026 140532
270369 141819
266156 139200
258319 135108
258848 135192
265573 138855
252821 131754
271731 142212
253623 132585
259831 135957
266437 139356
252392 131682
264884 138042
253952 132261
249371 129786
269453 140856
268976 140457
256663 133803
251557 130977
256711 133986
271524 142095
271659 142086
265577 138531
259635 135669
259889 135660
268006 140331
268970 140358
273988 143526
255857 133728
257165 133788
277725 145950
277179 145338
269827 141069
265140 138762
264722 138540
267584 139767
261120 136098
270198 141552
252531 131529
247866 128778
277534 145368
278086 145599
274277 143457
279453 146850
264308 138225
275090 143958
274224 143730
275739 144426
261377 136293
260931 136122
280528 147591
267568 140112
281738 147456
277983 145515
267738 140169
276470 144534
281358 148083
281848 148266
262104 137121
263062 137487
276079 144543
276363 144549
268667 139902
272495 142233
262902 137415
273407 142791
279624 146406
274289 143082
265909 138876
266258 138648
280782 146841
282752 148101
277441 144933
284096 148866
270389 141243
275102 143595
274543 142998
270922 141234
259819 134958
271516 141612
283981 148509
284187 148476
277949 144756
282568 147645
285534 149544
272561 142098
279435 145848
277195 144543
259849 135000
265724 138813
285364 149193
285305 149436
274278 143085
271625 141744
271639 141654
281202 146664
277616 145008
278075 144774
288737 150912
289061 151056
290957 152061
290414 152226
290591 152109
275855 144552
273156 142716
284121 148764
285398 149010
284668 148737
270821 141126
270499 141135
285094 149292
285633 149433
284000 148317
281258 146613
271577 141399
283173 147630
280306 145983
288818 151044
291215 152715
287474 150006
291347 152646
291790 152763
291566 152607
274641 143472
280480 146631
287675 150615
293764 153708
287875 150411
274162 143457
289729 151842
294825 154428
296402 155427
296565 155391
297116 155598
281479 147192
282606 147264
281926 147078
282238 147249
268568 139674
268676 139866
294865 154098
294710 153948
295373 153930
280497 146385
280082 146451
292302 152973
291796 153003
297916 156138
277686 144966
278384 145362
299341 157116
300198 157182
300026 157257
285888 149715
285975 149601
295051 154380
300889 157599
294093 153582
295975 154788
275928 143334
293167 153204
294221 153801
286249 149229
290286 151131
276555 144051
297799 155769
281425 146418
297952 155505
300036 156885
279053 145290
299322 156276
299538 156369
300895 157380
300903 157239
288445 150702
294083 153288
300535 157086
300962 157581
304612 159450
278701 145362
303971 158745
302823 158061
303027 158058
288725 150696
288596 150234
291275 151737
298672 155877
297332 155028
277617 144174
277583 144216
304449 159414
304501 159063
292780 152583
289341 151203
290915 151836
301813 157872
297576 155490
307947 160917
286972 149886
309125 162279
309110 161682
308438 161736
309108 161838
305385 159417
290426 151659
287139 149808
308910 161850
302212 157947
287643 150033
287658 149916
302179 157596
301683 157380
302268 157527
287266 149577
287731 149643
301283 157464
298585 155877
297919 155082
310328 162342
287560 149412
308532 160662
308617 160953
302759 157911
294454 153531
292853 152346
303427 158271
290659 151131
308428 160920
291157 151596
290617 151200
314199 164514
315543 164976
315467 164859
300295 156774
300144 156822
299717 156342
296396 154662
304647 158721
305702 159528
285848 148701
299672 156894
314137 164634
306608 159711
299697 156078
298811 155967
310949 162291
311761 162885
316548 165042
296323 154464
296974 154641
320060 167715
319969 167727
310439 162126
304656 159360
304664 159204
316388 165771
309423 161868
319446 167385
298037 155604
294690 153273
311998 163107
311310 162576
312054 162696
297024 154620
303960 157947
309887 161679
310391 161733
315766 165069
294800 153285
300465 156441
317720 165711
318195 165699
317220 165420
303415 157953
303126 157980
313606 163725
309239 161124
317723 165633
300244 156600
295292 153651
324173 169341
323489 168789
323793 169407
320381 167466
304169 158523
308901 160983
309296 161142
308941 160746
314639 164442
294439 153192
309364 161631
323973 169233
315369 164538
328533 171678
328069 171858
320806 167841
305361 159420
327899 171693
326366 170817
312439 163551
329174 172374
328647 172134
329277 172275
313730 163809
323892 169137
330202 172983
323366 168948
323504 169275
307364 160773
307619 160716
322658 168672
322932 168507
313732 163440
307816 160479
307214 160284
320751 167688
318314 165972
326258 170103
329946 172701
300059 155793
328490 171972
329232 172077
323830 168798
314961 164181
314507 164280
322470 168321
322017 168189
325870 169902
317284 165798
317294 165789
334115 174657
334080 174411
319601 166518
330861 173040
332642 173766
318862 165945
315266 164115
325900 169818
299269 155625
299369 155559
335360 174882
334515 175071
326015 170166
336543 176040
318789 166200
336111 175701
319665 166650
336234 176049
335518 174867
318734 165864
337128 176031
338474 176751
329057 171933
322078 168258
321953 168045
331538 172926
329930 171744
338967 177213
329818 171795
314938 164394
331925 173124
325036 169269
330666 172641
322433 168135
315404 164505
318125 165384
329573 171795
335274 174780
312375 162423
313372 163128
337756 176085
338185 176331
337039 175746
341419 178056
323479 168300
332884 173703
333044 173910
341748 178494
314780 164202
323372 169164
341063 177843
327388 170553
341749 178596
325651 169767
323100 168138
327373 169800
334430 174183
334970 174585
310957 161721
310511 161124
340503 177660
340713 177408
328740 171138
344198 179877
325061 169338
340090 176937
344728 180351
337756 176361
321894 167817
315650 164163
347030 181608
347785 182022
347164 181659
331616 173358
331074 173253
339500 177048
347346 181302
348414 181959
324426 169140
324694 169038
340227 177327
340000 177285
340208 177240
323958 168720
324136 168639
329359 171489
343372 179010
343406 179211
322510 167664
329088 171324
347142 181299
349030 182325
349005 182517
350916 183267
330644 172266
341688 177843
351947 183843
345452 180030
326594 170094
326590 169836
354824 185598
354327 185289
344679 179886
337082 176193
336370 176238
329004 171684
332453 172596
345343 179910
341922 178302
315223 163539
353120 184161
336347 175554
349430 182253
336308 175479
335732 175173
349995 182433
355203 185904
358012 187302
332612 173118
332056 173172
357349 186891
358202 187272
357244 186708
341101 177957
340602 177954
350137 182706
350069 182628
349987 182784
332844 173493
329186 171111
350019 182550
350125 182547
340061 177246
333389 173451
333025 173571
348513 181866
331932 172965
351241 182730
331273 172638
359210 187950
355897 185301
355073 184902
355036 184896
341438 178098
359292 187506
350326 182550
344000 178815
359061 187383
362529 189540
334556 174471
360407 188184
340195 177105
362439 189075
357763 186468
344762 179409
328096 170076
343064 178089
344593 179331
328082 170598
327798 170205
344970 179772
360678 188559
346622 180219
344482 179622
344243 179526
349454 182472
352732 183648
364639 190416
340498 177378
336306 174672
368065 193026
369042 193125
367930 192735
350593 183195
350884 183438
360947 188715
360699 188574
363883 189969
343554 179265
343299 179064
360565 187863
360412 188100
359603 187665
356152 185661
342635 178743
351182 182853
351709 182955
363975 189873
340077 176841
338427 176796
365579 190755
365853 190935
359993 187554
350085 182367
349465 182355
368003 192129
368127 192144
360930 188136
345087 179730
370867 193935
372238 194325
373260 194730
372424 194346
356017 185985
355391 185382
355340 184908
359651 187368
364553 190017
337241 175188
337871 175509
371723 194220
372143 194082
363398 189666
374216 196035
354012 184707
367340 191829
368323 192066
367202 191805
375323 196101
349542 182346
375857 196290
375930 196362
367673 191739
358238 186933
373311 195117
369377 192363
365565 190665
377996 197559
352125 183282
347357 181020
366516 191040
368589 192183
367599 191589
362715 188448
344891 179394
372753 193986
365135 190518
370127 192645
348125 180780
348435 181269
373745 195363
373877 194988
373789 195030
357453 186210
360089 187599
366977 191034
371945 193692
376223 196140
380220 198837
351629 182700
376864 196560
377175 196467
369184 192525
356328 185289
360168 187596
361543 187872
361004 187107
368873 191874
352870 183399
344705 178860
380146 198261
362844 189105
365373 190524
362034 188640
363496 189180
381767 198717
366020 190536
374983 194952
383169 200184
347912 180846
366272 191229
384681 200868
376524 196239
361980 188544
365726 190410
376437 196095
382699 199605
367684 191547
385246 201207
358456 186756
377004 196389
376270 195978
359559 186768
355032 184404
358101 186207
373827 194529
382009 199803
363430 189351
356190 185166
381039 198915
385308 200634
385648 200874
386081 201660
363968 189393
367862 191721
389434 203796
390057 203721
378729 197301
391715 204804
362647 188598
373381 195207
391519 204471
376317 195741
391687 204420
373928 194562
372670 193833
364896 189099
379745 197466
353904 183783
354089 183381
388502 202542
387954 202404
388034 202401
391125 204030
370196 192636
392080 204258
390482 203733
390194 203610
365826 190434
373356 194793
394251 206118
394684 206175
395526 206331
376683 196452
375970 196077
390882 203892
381967 198702
394742 205992
368197 191598
363181 188841
386530 201231
377739 196686
386521 201126
376464 195651
367856 191472
392658 205341
393188 205560
385588 200445
394561 206007
394400 205482
392458 204522
393262 204675
392824 204429
377018 195837
397725 207270
386042 200985
380732 198006
396296 207024
363635 188925
380555 198477
399016 208236
398787 207996
387653 202140
380699 198282
380233 198189
380926 198027
386862 201225
389886 202770
363674 188661
387679 202062
398991 208251
398293 207897
399472 208134
400967 209055
378221 196578
395214 206385
398507 207675
403569 210681
395107 206310
380810 198798
400836 209427
405205 211854
394772 205911
385573 201444
385243 201339
404313 211329
396078 206529
394613 206088
402980 209991
383995 200037
395621 206415
375379 195063
394833 205692
376365 195786
374764 194982
383203 199530
403202 210201
402092 209523
406966 212607
383164 199914
402968 209829
403334 209772
395604 206037
406978 211890
387312 201390
397158 206520
406962 212445
400453 208485
379776 197124
379046 197169
409216 213483
410359 214005
409954 214029
390298 203562
410314 214158
391065 203169
399128 207822
395784 206217
396988 206379
370895 192177
389707 203022
408243 212805
399753 208203
389654 202746
389871 203115
405053 211206
404310 211161
404741 211269
385379 200544
385502 200757
414942 216891
415094 216786
393780 205887
394433 205512
412054 215208
395224 206220
413794 216144
416120 216843
395430 206118
386922 201432
406377 211464
405947 211410
394744 205257
386247 201051
386419 201093
409334 213036
401843 209079
406307 211107
382301 198189
389054 202335
412073 214683
412198 214812
399344 207873
393435 204765
393218 204870
405944 211467
416120 217080
412864 215460
388125 201867
388520 202104
417786 217320
418592 218007
417658 217656
397752 207006
419080 218658
407172 212085
408885 212673
408725 212271
406919 211428
380211 197157
417341 217446
417688 217740
416987 217650
398031 207351
422006 220272
417739 218043
406186 211059
421341 219642
386309 200634
392837 204645
422863 221349
423004 220881
412272 215175
398836 207519
403752 210279
423988 221331
414565 215994
423620 220836
395624 206175
396424 206385
412855 214821
414873 216030
414856 215991
410354 213570
390532 203271
411417 214926
414582 215844
419159 218067
399777 208359
400696 208371
405062 211035
422753 220719
425406 221862
405018 211053
407095 212247
414628 215430
423887 220869
425576 222018
428987 223665
396439 205635
429542 224070
427761 223008
428665 224319
406855 212190
430193 224352
384709 199344
419365 218442
403895 210357
387673 201414
388330 201858
429357 224478
428969 224478
429157 223938
408646 213378
408750 213411
421797 219624
421333 219552
424409 221094
429737 223881
400367 208242
433120 226122
434055 226539
420861 219141
412684 214941
429691 224175
429918 223953
418409 217851
403294 209868
404046 210093
431646 225033
421334 219342
423546 220677
417240 216978
402969 209424
402654 209403
431736 224730
420574 219105
429167 223404
399432 207273
407541 211737
411315 213759
433854 226089
431276 224370
411570 214293
412390 214380
427272 222225
420524 218640
436105 227664
406053 211179
437107 227832
436071 227286
436972 227742
426611 221865
415071 215976
416632 216828
416001 216060
422322 219090
407166 211485
421869 218799
407295 211542
434307 225828
432733 224994
434361 225837
438721 228630
413818 215268
429821 223692
429921 223158
425098 220767
409764 212484
404237 209385
443657 231447
443723 231459
433060 225210
442429 230454
424054 220338
442469 230250
433793 226047
443943 231855
413056 214824
441795 230346
433616 225330
433141 225483
420713 218352
411819 213480
412413 214254
435665 226824
423886 219933
425478 221001
402662 208521
418033 216918
441958 229452
437240 227781
425339 221253
446017 232743
421683 219585
433495 225270
436314 227226
439779 228516
437184 227337
425648 221241
426627 222045
449260 234129
430124 223281
427628 222501
426166 221643
433483 225384
428342 222405
423928 220107
416917 216477
406984 211053
447515 232890
447373 232863
446537 232188
451751 235620
426109 221544
442759 230487
442191 230244
452648 235926
440459 229320
450785 235038
451812 235548
430766 223866
441957 230157
447230 232857
449589 233880
440905 229572
433624 225246
429056 222765
447510 232461
428362 222303
440713 228771
418973 217179
429482 222870
420161 217914
413185 214425
439074 228297
448304 233052
439692 228174
417533 216810
419035 217473
448028 232491
446994 231852
435382 226059
428328 222306
428067 222225
448788 233352
450793 234216
448674 233241
418398 216843
421569 218682
455267 236802
453137 235260
453820 235887
432775 224412
432247 224301
412838 213903
433869 225072
443718 230247
413393 214344
412823 213837
454166 236109
453436 236190
431588 224022
459178 239448
433558 225258
449679 233802
442261 229503
459885 238989
420309 217500
421524 218091
461753 240462
461565 240588
461861 240684
440379 229101
440223 228984
452672 235590
452292 235485
462939 241041
442027 230427
431071 224250
447197 232368
451323 234732
450657 234156
427171 221682
429704 223272
442232 230007
443105 229995
456208 237300
450240 233616
434431 225207
459813 238929
461618 239778
460744 239853
463904 241980
442115 230223
452857 234906
462769 240390
459809 239076
432864 225144
431845 224553
447296 232911
467917 244173
468833 244302
446153 232536
446809 232212
417757 216498
446639 232146
456380 237291
453497 235887
423613 220041
465946 242658
466899 243543
455189 236541
469496 244812
439543 228360
471600 245580
469223 244254
461288 240111
438587 227853
448349 233184
471707 245898
469851 244614
471288 245991
469254 244248
448798 233850
462219 240897
457455 237852
472579 246687
439814 228798
443182 230415
