683 453
1028 624
716 486
634 393
617 387
1503 921
1530 918
1865 1125
1499 924
1478 924
2879 1638
3464 1923
2376 1443
2338 1419
2128 1221
3986 2304
4300 2391
3231 1941
5815 3018
3136 1860
4069 2325
4539 2625
4058 2373
4072 2382
4025 2406
8993 4785
4911 2784
4872 2784
4843 2808
4804 2763
5823 3339
5882 3408
5878 3357
5908 3438
13324 6813
6837 3894
6766 3942
19223 9012
6744 3897
6696 3861
7529 4311
7789 4410
7630 4335
7662 4371
7634 4338
8724 4965
8412 4842
10962 5874
8359 4740
8359 4692
9062 5076
11213 5916
9362 5175
27239 12561
9188 5040
10449 5772
10322 5769
10287 5715
10212 5763
10137 5571
11067 6156
11283 6330
11248 6333
10961 6312
10839 6201
110280 39006
12312 6858
12193 6810
12124 6792
12123 6897
12540 7161
12955 7422
13037 7347
13140 7329
12841 7197
13744 7620
13481 7644
13751 7575
13707 7551
13640 7635
163486 63162
14782 8244
14928 8289
14494 8220
14451 8037
15943 8862
15778 8772
15760 8685
15765 8709
23436 11847
16240 9096
16859 9348
17085 9612
16805 9267
16567 9087
17464 9780
17622 9720
17313 9699
17507 9657
17510 9678
17554 9639
18024 9840
18166 9987
17705 9978
17948 9753
19354 10668
50570 22875
19360 10557
18795 10401
18964 10494
19765 11025
20284 11319
20424 11379
20301 11271
19990 11283
20842 11688
20823 11592
20927 11550
20834 11508
20909 11481
21757 11742
21850 12087
21646 12084
22083 11997
22020 11907
22920 12531
22701 12336
22726 12402
23166 12816
22467 12276
23236 12948
24968 13962
23649 13167
23571 13206
23556 12783
24933 13782
60937 27789
25140 13725
24158 13641
24553 13554
24879 13701
25862 14070
25322 14103
25767 14058
25505 13944
26520 14712
26955 14949
26947 14661
27760 15360
26705 14631
26379 14445
26376 14622
27046 14598
27104 14754
27203 14763
28297 15636
28060 15507
28158 15531
28024 15444
28184 15552
28948 15627
29588 16092
28837 16032
29309 16032
29304 15879
31388 17235
30209 16362
30269 16737
30616 16725
30327 16593
31071 16845
31743 17277
31180 17199
31609 17211
31493 17214
31022 17229
31309 17172
31537 17082
31548 17091
30990 17151
31958 17454
32976 18141
33015 18078
32789 18057
32341 17904
34266 18561
36562 19869
34364 18564
34462 18648
34430 18618
34574 18750
34662 19341
34672 19266
34997 19269
35334 19179
35845 19791
35956 19545
35912 19626
118045 50808
35486 19617
34562 18849
36153 19527
35695 19563
35111 19458
35646 19263
36971 20298
37256 20220
37550 20253
37615 20352
37291 20190
37355 20424
39001 21096
38283 20952
38885 21102
38528 21012
39636 21465
39811 21480
39519 21357
39108 21411
39662 21459
38653 21198
40315 21771
40443 21894
40488 21966
39748 21582
40524 22020
40607 21897
44489 24015
40902 22281
41083 22308
41198 22281
42111 22653
42144 22488
41382 22761
41090 22656
43137 23244
42813 23109
42579 23067
43382 23307
42585 23268
43031 22863
43167 23511
44180 23733
42989 23625
43781 23475
50833 27132
45929 24873
45176 24357
44672 24444
45357 24336
43553 23751
45429 24291
44870 24264
44563 24300
45216 24282
46723 25158
46312 25098
46265 25056
46698 24993
46726 25005
46018 25134
48373 26052
47542 26019
47283 25995
47231 25629
48920 26265
49741 27087
49088 26361
48908 26376
48388 26340
49001 26286
49333 27096
50123 26973
49822 26916
49282 26892
49487 26847
49402 26526
49785 26583
49277 26625
48895 26574
49416 26922
51481 27648
51491 27888
51363 27822
51495 27711
57371 31143
52856 28323
52888 28398
51982 28200
51822 28107
52384 28119
62590 33348
53684 28989
53635 29043
53541 29115
54587 29586
54738 29310
54363 29343
54334 29244
53836 29325
52076 27969
53647 28680
54131 28878
53850 28626
53623 28617
55351 29901
55411 29745
55986 29799
55669 29817
54899 29481
55332 30102
57834 31164
57153 30927
57417 30921
56469 30978
57778 31254
57736 31179
57132 31410
58446 31320
57575 31560
57286 30627
58903 31614
59200 31701
58861 31395
58299 31059
58837 31605
59032 31569
59255 31632
59086 31470
58558 31269
59257 31770
59619 32268
60475 32484
60878 32490
60603 32505
61714 33342
61606 33384
60893 33123
62014 33357
61982 33387
61449 32790
63395 33960
63087 33744
62525 33543
61828 33279
63500 34557
64461 34410
64121 34494
63697 34542
64046 34431
61528 32934
63616 33996
63169 33903
62065 33864
62928 33909
64713 34500
64872 34539
63450 34356
65076 34554
65208 34731
65252 34665
66510 35544
66445 35889
66564 35475
65826 35370
72227 38556
67692 36210
66972 35994
66986 36222
66824 36285
67691 36108
68281 37023
68161 36915
68817 36966
67772 36750
67530 36054
67713 36072
67182 36351
68028 36237
67979 36033
67366 35997
68613 37356
70211 37668
70078 37215
68507 37149
72270 38601
71325 38427
71289 38604
71140 38385
71336 38580
70967 37758
72547 38637
72690 38700
72336 38667
72694 38757
72638 38904
72494 38709
71871 39015
72632 39117
73043 39210
69837 37194
72031 38175
72499 38505
71595 38148
71455 38478
74445 39819
74608 39651
74751 39705
73979 39402
74458 39591
74163 39651
75185 40662
76395 40641
75631 40665
74760 40254
76016 40890
75915 40989
76464 40950
76086 40920
75900 40491
74044 40038
77490 41514
76919 41490
77193 41448
76577 41052
76995 41052
77135 40752
76767 41004
94878 48267
77050 40917
77484 41073
78660 42084
79183 42114
77780 42096
79352 42045
80195 42891
79719 42726
79431 43014
80500 42915
79218 42795
77452 42120
81234 43104
80622 43419
80217 43185
80679 43458
82003 43941
83083 44202
81660 44187
83053 44169
82187 43998
78885 42333
79366 43032
81402 43413
81515 43014
79912 43011
83122 44346
83527 44466
83480 44388
83426 44103
82257 44232
82412 43692
84709 45171
83551 45186
83720 44880
84486 45204
86012 45651
85311 45891
85564 45777
86554 45789
106505 54012
85750 45261
87417 46317
85009 45330
87561 46422
87079 46233
85171 45756
86120 45459
85779 45579
85630 45363
85789 45387
86362 45933
86658 46944
88275 47190
86213 46218
85414 46194
88855 47838
89847 48000
89407 47904
88805 47436
90334 47838
88624 47274
90543 48390
90833 48558
89676 48429
90826 48384
92544 49140
91591 48993
91409 48966
90879 48903
91703 48777
87256 46170
88984 47943
89440 47856
89690 47223
89678 47247
92044 49266
92158 48741
92454 49233
92828 49014
91486 49005
91636 49356
94662 50613
94958 50610
95188 50583
93461 50679
95587 50463
93581 50205
94157 50379
94478 50463
93748 50424
92905 49074
95389 50595
96432 51048
94071 50529
95410 51042
94655 50592
94541 50613
94734 50562
94079 50247
93543 50079
94727 50928
97960 52062
96009 51678
96527 52002
97272 51519
99223 52578
99640 52716
99163 52644
98306 52818
98568 52206
97004 51408
97460 52725
98387 53142
99698 53268
99470 52701
100983 54054
100806 54075
101248 54012
100582 53973
104767 55773
96848 51225
99874 52554
98831 52893
98828 52359
99631 52860
99574 53631
101541 53871
101480 54201
99911 54306
100633 54156
100098 53499
102678 55533
104012 55551
102601 54951
102973 55563
104714 55890
113026 59664
104746 56244
106019 56346
104835 55866
102770 55218
104753 56643
106421 56514
105696 56604
105629 56496
104190 55305
104926 55512
105099 55512
103643 55344
104396 55425
104079 54864
106078 56412
104750 55503
106066 56217
105505 56256
109461 57924
109498 57885
109181 57975
108392 57891
107785 57822
107657 56688
110143 58548
109352 58497
109937 58476
108661 58353
110319 58896
110167 58980
109859 58782
109743 58824
109943 58536
103939 55311
108138 56910
107895 57507
108717 57447
106455 56379
110316 58881
110245 58974
110879 58926
111263 58929
110862 58935
109968 58905
113860 60387
113176 60372
113238 60213
108400 58812
113341 60435
113532 60381
113794 60459
113286 60330
112489 60324
110563 58776
115166 61155
115529 61086
114124 60333
114199 60558
113588 60291
112924 59670
112990 60153
112825 60231
112746 60174
110391 59790
116264 61563
114042 61581
115483 61275
115547 61449
117473 62853
115513 62355
116985 62757
118216 63006
117808 62814
115710 60987
116018 62511
117599 62991
116154 62658
115994 62580
119834 63219
118533 63381
118305 63384
118193 63264
118716 63180
115026 60807
116805 62391
113950 60825
117856 62352
115806 62172
119788 64050
120203 64047
120122 64140
120670 64167
120275 63963
118117 62565
120432 64218
122703 64752
119815 64092
120249 64770
123234 65739
122516 64647
122546 65643
124043 65514
123221 65559
121002 64722
124057 66453
125548 66453
124632 66459
123707 66303
122617 65076
121627 64623
123085 65109
120669 64746
122576 64989
121293 64407
125291 66123
122681 64644
125223 65889
124052 65523
127201 68073
127789 68034
127063 68046
126930 67890
127512 67983
126568 66996
128773 68763
129326 68652
128468 68706
127080 68622
128920 69219
129368 69096
130170 69255
129996 69213
127855 68847
123137 64890
125352 66591
126995 67359
124524 66552
125626 66474
129846 68589
129006 68520
128925 68619
145430 75402
129226 68661
127592 67800
130722 69873
130667 69897
131908 70014
131763 69750
131362 70215
132119 69858
132364 70095
131888 70365
132611 70332
129189 68307
133310 70623
134387 71052
132274 70296
132515 69687
131469 69120
131927 69999
131323 69960
129532 69483
129819 69360
131804 69990
133601 71196
133234 71490
134159 71676
133214 71466
136456 72621
136348 72558
137535 72762
137193 72648
136546 72846
134138 70671
135222 72378
137729 73035
136373 72315
135848 72273
139390 73977
139676 74763
139397 74040
139258 73938
138440 73974
132027 70185
134792 71994
136228 72120
135636 72078
134882 72015
137986 73140
137484 73038
139625 73527
137943 73395
137905 73488
135338 72459
139769 74442
141495 75315
138469 74310
141597 75336
141172 75351
142913 75384
141966 75465
142011 75462
138858 74232
139937 73959
140913 75816
141662 75804
142151 75810
144200 75924
140983 74601
141796 74712
141839 74658
140204 74688
141195 74721
139303 74319
146115 77157
144491 76980
143271 76254
143111 76311
146274 77607
146746 77640
146697 77652
146629 77586
146110 77469
142802 76083
148739 78237
147250 78339
145709 77940
147335 78273
148273 78465
146407 78315
147797 78396
148264 78756
147416 78765
139127 73524
144673 75753
145038 76476
143604 75762
142069 75693
147144 77820
147209 77913
148528 78081
148551 78054
146198 77514
146705 78006
151095 79968
145634 77907
150202 80103
150158 80025
150814 80301
151039 80388
150664 80085
151138 80280
150786 80400
145996 77700
150844 79830
152778 80712
150868 79962
150015 80064
149725 79206
150499 78921
149910 78909
148679 79287
149190 78873
147971 78498
152820 80397
151364 80268
151691 80310
150970 80463
156080 82074
152328 81630
154457 82107
153564 82029
155186 81579
151094 79965
154188 81894
155895 83019
154383 82161
156006 83100
157399 83661
156613 83340
157958 83382
158448 83550
157138 83241
150227 79125
154265 81138
153814 81021
153422 81315
154440 81129
156120 82854
156419 83040
156808 83157
158012 83070
156255 82917
153993 81597
157817 84717
160023 84663
159084 83745
156830 83610
161052 84882
159800 84975
159650 85050
161139 84957
160170 84957
158783 83433
161743 85890
160969 85776
159577 85734
161100 85602
159956 84210
157574 83637
159974 83943
158921 83748
158297 83901
157035 83154
162575 85086
163360 86034
160817 84822
159589 84180
164311 87708
173138 91356
164185 87858
163369 86961
165086 87543
162294 85782
164729 87990
165861 88131
165287 87936
163645 87084
166421 88182
165810 88389
166418 88152
165491 88245
165640 88242
157549 82944
158917 84930
163719 86097
162427 85878
160440 84801
165454 88113
164399 87858
165864 88110
166955 87936
165470 87888
165203 87168
169942 89424
169662 89463
167277 89571
167379 89262
168986 89922
169516 89754
169242 89640
170074 89688
167270 89730
165610 87057
171446 90324
170500 90273
167465 89424
168199 89355
167954 88560
167302 88368
167790 88404
166916 88272
165709 87633
167716 88407
171736 90498
172303 90504
171089 90351
170861 90492
172868 92301
173634 92346
173299 92049
174804 92094
174230 92016
169892 89661
171933 91881
175027 92847
172508 91719
172072 91644
177562 93669
175338 92409
176343 93672
177418 93564
208188 106665
168907 88524
172168 91395
167162 88995
171904 90852
171893 90723
175970 92961
174127 92379
176020 92190
174285 92394
175035 92541
172213 91029
177775 94011
176112 93864
176804 93411
175714 93423
179098 95463
180887 95400
180001 95196
359965 167742
179681 95157
177383 93693
179802 96240
180647 96198
180270 96012
179092 95118
177652 93741
179288 93957
175840 93615
175570 93348
177481 93630
175015 92607
181062 95349
182969 96348
182136 96336
180635 96048
184103 97722
182834 96378
184405 97536
182699 97473
184611 97422
179688 95652
185089 98115
182751 97863
185419 98004
183990 97890
186377 98901
185982 98145
185697 98568
184134 98046
183875 98493
175238 92556
179751 95370
182741 95748
179238 94614
174816 92295
182185 96777
181628 95793
186071 97473
183113 96771
184178 97503
183615 97431
189909 99891
188538 99876
186611 99720
187561 99816
188024 99078
188101 99339
188219 99447
185519 99237
187453 99438
181005 96240
187472 98823
189480 99834
187306 98568
186941 98442
185943 98304
185143 97842
184990 97707
185066 98076
186287 97935
186584 97548
190168 100140
189147 99672
188887 100068
188439 99933
190595 100941
188567 100416
191067 100779
190345 100746
190237 101106
185207 98514
190733 100782
192482 102294
193729 102150
190735 100482
346467 161109
192360 102585
263708 130218
194502 102648
344302 160185
184315 97695
189371 100293
189258 100341
189928 100266
190427 100368
193330 102315
194925 102312
191646 102399
194828 102345
191377 101244
190444 100611
195555 103284
197467 104007
195944 103881
195081 102519
197929 105141
194737 103605
198443 104703
196464 104916
196414 104472
194742 102951
199151 105861
198109 105756
199902 105459
198960 105171
196918 103308
192310 102393
195704 102981
194601 102822
195280 102597
191994 101385
197884 104178
199433 104955
196712 103659
197327 104820
200349 106137
203495 106845
202947 106677
200629 106470
200644 106629
198374 105192
204961 107871
204941 107937
203131 107718
204193 107769
203962 108576
204646 108291
204281 108243
204763 108099
204833 108180
193055 101325
197705 103938
197684 104805
197261 103635
196611 103974
202980 107205
204153 107154
203739 107262
203818 106977
202131 107295
200637 106767
205177 109632
207379 109782
206686 109521
207998 109341
207562 109500
206483 108918
204367 108810
206342 109353
206149 108765
201312 105948
203857 108768
207125 110199
204043 108723
206924 109587
203747 108132
202551 106149
203937 108138
204949 108297
206700 108306
204328 107694
210087 110292
208220 110310
210014 110199
206309 109182
213878 112380
211489 112512
212058 111933
211958 112173
210451 112245
205105 108438
211995 111378
212613 112584
210996 111297
209953 111273
213135 113181
214101 113076
214434 112956
214139 112986
215052 113001
202863 107607
209711 110583
207895 110427
208183 110553
208052 110421
213512 112812
213226 112095
213646 112611
211824 112080
211458 112713
210220 109848
215585 113892
214179 113679
215111 112674
215162 113457
216014 115116
215533 114708
216293 115191
215857 114882
216318 114783
213743 112545
217474 115371
218544 115206
215535 115359
218833 115011
215893 112824
211896 112692
212970 112668
213766 112782
212817 112725
211964 111375
215325 114285
219342 115530
216381 114162
219298 115569
220868 116811
221255 116979
221993 116982
220940 117114
222362 117186
216559 114756
221261 117669
222285 117615
220032 117444
223692 117642
223798 117900
222720 116934
219558 116976
221641 117759
220747 117276
210786 110265
214618 112908
218760 114183
214132 113079
213400 112527
220718 116571
217848 114204
221953 116370
222600 116181
219825 115680
217942 115989
223266 118656
224590 118842
224076 118764
224876 118731
225209 118977
226261 119334
224864 119337
224544 118518
222630 118647
218349 115266
227097 119838
226645 119745
227779 119745
225089 118329
222441 117684
222340 117258
221856 117255
338668 163587
221544 117636
221353 116958
225191 119631
226440 119580
225808 119646
226709 119661
229977 121431
229551 120606
229058 121113
229229 121455
228086 121329
224232 117735
229174 121974
230749 121827
229304 120708
226422 119751
232644 122793
232173 122307
231742 122613
230408 121980
233350 121920
219710 116268
227975 119505
227783 119439
225027 119043
224411 118323
230526 121686
231394 121587
232157 121683
230886 121515
231743 121911
226947 119793
236548 123963
234512 123993
234379 123738
234278 123267
233630 123771
232952 123987
235534 124038
234553 123774
233272 123720
230071 121344
236909 124263
236700 124731
235240 124362
236608 124620
231096 122946
230275 121623
231130 121677
230067 121806
229922 121380
231070 121401
235106 124527
236347 125700
235204 123765
233674 122706
238690 126069
236913 124131
268816 138744
239852 126204
237069 125343
235070 124290
240514 127275
239992 127521
241705 127089
238234 125907
240733 127659
241009 127362
243110 127512
238904 127335
241811 127656
225823 119391
234259 123846
234556 124146
232930 122556
232413 122460
240606 126291
239745 126126
241777 126126
255728 133287
238220 125835
238509 126336
245738 129555
245279 129624
243031 129483
246984 129546
242850 128958
244368 128805
242924 129714
242010 129033
243108 128796
237654 125232
243930 128310
245960 129708
242027 128397
244744 129804
240368 126750
237525 124482
241009 126879
241123 126735
236999 125760
239595 126012
245956 128757
244864 129054
246951 128952
241117 127587
247903 131172
247799 131427
247778 130998
247858 131151
246553 131064
241562 127884
248942 132183
249893 132450
247570 130671
247442 130794
252832 133149
251462 132675
251205 133047
251699 132843
249675 132645
237437 125637
245367 128976
244472 128871
247051 129108
245709 128586
251235 131646
247049 130872
250676 131097
249235 131517
248897 131349
245515 129279
250230 132633
253296 134037
252423 133779
254639 133809
253275 134781
255126 134505
254799 134562
332584 165891
254630 133698
250655 132036
255682 135468
253921 135369
255377 135342
256483 135297
250371 132351
249773 132498
250705 131805
249559 132270
250401 132180
247735 130545
254709 133932
257364 135420
257432 135534
256021 135438
258786 137751
260188 138720
260810 137313
261147 137727
260709 137796
256272 134049
260594 137763
260351 137853
260471 137730
260763 137709
258795 136971
260696 137919
260576 137835
260096 137874
260544 137775
244148 128793
250975 132147
242076 128670
249307 132324
250622 131499
258716 136953
258367 136677
258064 136854
257603 135990
258665 136056
256599 135081
264043 138534
262937 138480
262736 138426
261271 138414
264232 138441
260699 138798
261877 138666
263034 138591
264509 138630
254902 134199
265422 139281
263063 139347
261319 137724
260432 137619
258069 136098
258622 135915
257889 136383
258612 136164
258456 136101
257999 135474
262626 138531
262373 138204
265623 138612
262240 138621
266248 140979
265435 140238
267946 141180
267994 140949
267700 141321
261174 136779
266045 139620
266390 141114
265937 140001
266096 141534
270743 142308
269205 142008
269838 142644
269703 142479
268357 142740
258363 135072
262375 138318
263395 138342
263547 138474
260311 136980
267116 140913
267320 140709
264369 140385
268939 140601
265787 140205
264155 138216
270307 142998
272595 143124
268667 141375
268026 141279
273669 144648
274796 144135
271656 143928
272564 144273
271588 143832
269465 141693
273404 145563
274037 145572
274782 145407
274194 145149
265458 141294
270101 142026
268851 141948
268043 141561
269104 141615
267505 140100
274611 144873
274361 144981
274539 144771
270363 142443
279352 147045
277734 147072
277163 147042
277129 146877
276106 146808
270365 143844
278472 147561
277606 147369
277942 147765
276449 146694
279723 148551
281923 148146
281703 147996
278727 148254
279768 148176
262997 138423
270697 141936
274535 143568
269429 141852
273467 143436
277901 145497
276242 145719
278680 145515
275176 145770
664019 300816
273026 144801
280098 148737
282988 148980
280430 148566
280279 148491
278758 147867
279999 146940
278744 147534
279610 146916
280233 146946
269575 142818
279737 148494
281490 148062
278080 146427
279279 146634
276636 144570
276535 145791
277419 145845
277977 145848
277153 145797
278246 145536
283544 148944
283750 148914
282058 148974
280367 147723
285548 150507
286479 150333
286364 150591
284282 150195
284957 150534
278794 145989
284208 149541
286420 151152
286309 151170
286229 151236
289958 152316
289419 152427
287513 152460
288517 151920
288802 152109
274545 144396
281969 148098
274341 144423
279923 148077
280917 147960
285835 150783
285542 150021
285884 150795
282666 150795
287645 149979
283215 148392
290169 152631
291828 154386
288184 152340
289401 151578
294420 154287
292953 154869
293863 155226
293866 155112
293597 155130
286504 151122
293658 155097
293797 155256
294020 154941
293850 155058
286266 151242
287839 151230
287876 151125
286024 151113
286280 151170
281611 148449
288885 152523
293231 154116
293519 154098
289351 152307
309155 162330
297135 156609
294899 156321
297023 156348
295217 156420
286440 152901
296391 157185
297799 157335
294983 157320
297265 157104
296744 156699
297634 157065
296939 157149
301031 157749
296075 156876
287506 150378
290995 152901
288354 152841
288287 151005
287410 151236
295738 155355
292956 155241
294323 155412
293330 154338
295406 155616
293290 153948
300651 158391
300428 158421
301745 158658
298619 157341
298982 157413
299310 157743
297542 157467
298142 157647
298316 156894
294968 154947
299261 156915
302694 158664
300985 156870
298404 156993
296940 155859
294454 155439
297805 155895
294653 155634
293464 155418
294843 154668
299172 158004
301347 158073
300241 158127
302876 158352
304694 160161
301695 160143
302485 159957
306738 160974
305335 161112
295504 155343
303304 159246
298857 156912
305453 161421
305629 160968
305010 160215
306442 159957
306467 161070
305844 161436
305793 160734
291741 153477
299817 157296
298600 157128
298868 157206
298034 156153
302857 160437
306207 160686
306645 160854
305255 160533
303347 160509
297458 156384
305397 160404
305611 161910
301499 160443
307121 161718
310588 162543
306404 160599
307740 162567
310444 162666
309202 162624
305970 160311
311648 163494
310046 164160
312091 163416
311571 163758
303206 158700
306163 160620
300673 160362
302949 159876
304885 160263
299374 158223
310263 161979
310871 163527
307884 161415
308225 160422
316119 166707
314054 166782
316257 166836
315325 166212
314398 166296
310401 163068
318630 167169
314713 167400
315892 167025
315491 167301
319237 167856
319172 167523
317542 167691
314333 167682
318266 167109
297293 156300
305856 160452
306405 159903
304194 160167
304309 160149
312639 164466
314258 164430
314122 163725
313275 164211
313050 164220
311005 163626
316176 168111
321176 168135
317629 168075
320455 168051
318242 168357
316046 167229
319498 168258
320443 168048
320488 168276
310551 163029
315942 167208
322942 168900
316802 166977
316951 166689
314155 165360
315242 165207
313508 165390
315410 165312
312931 164178
312535 164541
320041 168444
321889 168492
318593 168036
320739 166968
326145 171204
325231 171108
324528 170832
326016 170919
323757 170670
316186 165585
324299 171327
325790 171297
321985 169260
318833 169095
328160 173067
326735 173097
322128 170226
327112 173037
326091 172341
311638 163302
310380 163053
318913 167460
320868 168081
318833 167868
321961 169956
322061 169641
324875 170316
324926 170550
322772 170124
319890 167349
328061 173115
319182 168447
324510 172134
321653 169872
328464 173241
330138 173454
327894 173130
326818 171399
329457 173442
323964 169704
330190 174123
331802 174051
329898 174150
325270 172230
326118 170445
324913 170460
326175 170175
323222 169653
323866 170166
320914 168645
326281 172758
331140 174879
332634 174999
329248 172575
332091 175851
335470 176145
333491 175911
333450 176007
334852 175713
328261 172632
336438 176991
336142 176850
336554 177009
336648 176895
336471 177498
334255 176145
337403 176967
334263 176193
335142 176337
315473 165651
329819 171960
326521 171951
324571 170229
320911 169917
333276 174648
332814 174876
330242 174552
331874 175005
332243 174927
330403 174378
336881 178938
341373 178758
341136 178920
339427 178773
338439 178638
342516 178716
339468 178569
337215 178755
337458 178686
327351 172176
334375 176664
340178 178701
339882 178788
336752 176421
333691 174561
331423 174534
332674 174063
333458 174516
333531 174468
329533 172092
337248 176595
334651 176541
334437 176334
335740 176007
339740 179439
339495 178695
342954 179454
339905 178455
341279 179658
334581 175029
338874 178662
343236 180495
341794 179637
344040 181185
345875 182196
339384 178491
345783 181800
345523 182025
344654 180786
329176 172302
336369 176613
333621 176133
336402 176751
336091 176406
340674 179871
343404 179709
344061 179730
339953 179589
341980 179634
335227 176433
347426 182499
345220 182550
344492 180807
343730 180489
349094 182886
348315 183072
346311 182769
348412 182688
346915 182436
341688 179769
349738 184452
349548 184470
349870 184179
349530 184116
342692 180360
343129 179097
343464 179955
344728 180240
342168 179739
336980 177714
348167 183828
351958 183693
347236 181638
343241 180519
356047 187047
352983 186738
354912 186951
356872 186789
355037 185253
350004 182433
356004 187296
354909 187173
354520 187056
355157 186951
358100 187374
358614 186981
352612 186753
356079 187335
353330 186978
333474 175062
343594 179202
333449 174996
342812 179007
342504 179091
354489 185292
351269 185619
350169 185604
351728 185502
351233 185481
348031 182319
358813 187935
358977 187845
355397 187065
356483 187953
357525 187974
353528 186660
356245 187302
354587 186555
356259 187455
347132 181236
356592 186135
357769 187317
357113 186246
353354 185955
349118 183729
349780 183957
353851 184182
351336 184266
351297 184176
348820 183369
358099 187674
356878 187890
356923 187578
346524 181335
360959 190920
362220 191136
364035 191106
361382 190263
361216 189654
351339 185310
361379 189582
362545 191994
361241 189570
361281 189654
365089 193209
369038 192621
365941 193113
366186 193137
366760 192963
346449 182625
357669 187308
357119 187254
355304 187356
355144 186561
359222 188859
360603 189519
359157 188718
362249 188988
361333 189360
355242 186057
360781 190494
365701 192819
366490 193113
366008 193128
369816 193956
367908 193926
370731 194289
368395 194256
364700 192894
359836 189942
370775 194766
368806 194715
371632 194928
367561 193227
360620 189858
358670 189708
363250 189906
360682 189948
362930 189903
355331 187317
365281 192369
369069 194157
364404 192255
369097 194514
371506 196812
371860 196209
367496 193968
373092 196590
372523 196557
365016 191100
374166 196878
374193 196431
373811 196725
370428 195990
375445 197388
371396 196380
371908 196377
372724 197583
372083 196575
352893 184155
360980 189177
362500 190083
359134 189261
357038 187266
368237 194670
369111 194016
369857 194373
523330 252732
368804 194421
370470 193431
378083 198378
376653 198177
377110 198276
373041 196332
372177 195984
373514 196716
374025 196740
375156 196824
373421 196875
364462 189921
374125 197271
375241 197184
371539 195126
372771 195090
366622 193455
369304 193143
366644 193332
368385 193374
366790 193095
368315 192630
375183 197271
377839 197073
376906 197631
373335 197343
378618 198579
375719 197295
375439 198618
377989 197754
378163 198285
369513 193290
380567 200361
381399 200163
377600 198021
380255 199539
382566 201045
380371 200439
384592 200475
381243 201096
381741 200979
364208 190539
369923 194844
368132 194952
373177 195171
371343 194106
377694 198759
378032 198723
378634 198852
376800 198744
377718 198516
372748 195126
385974 202143
383654 201999
380965 199983
382188 199653
383740 202491
384743 202860
386054 202830
383308 202014
385688 202569
375344 198216
386147 203376
387607 203505
386964 203067
385803 202926
376700 198348
376587 197886
378172 197118
375693 197361
379735 197568
372473 194847
381477 199269
382195 201399
384178 200199
379893 199038
388914 204993
389017 205164
389225 205200
387120 202380
383852 203448
383985 200835
391093 206034
392747 206100
391409 206022
391130 205776
392053 205989
388617 206142
393615 205644
389986 205371
391233 205698
368782 192372
378231 197379
381800 200028
377495 197286
374885 197238
390255 203709
386781 202983
388474 203604
387956 203412
385715 203463
383462 202680
392669 207876
396084 208107
398296 208263
396108 208203
396155 207120
392802 205416
393961 206847
392425 206964
392112 206754
379964 200454
395549 207558
394330 207639
390666 205494
388043 203904
386453 203436
387998 203226
387269 203379
386151 201948
383537 201876
386844 202404
394312 206820
391749 207051
394257 206676
395353 206883
401994 210882
401319 210837
401030 210510
400469 210324
400305 210393
385823 203442
395322 208089
400203 210693
399538 210099
398482 207771
404194 211494
402845 211071
400123 211188
401413 211113
402512 211104
381919 200481
392398 205788
391954 205590
392694 205743
391414 205647
397019 208947
395907 208938
398787 208110
398614 209649
396853 209391
390092 203601
400011 210918
403436 211575
402354 211443
401644 211413
406008 212769
404819 212250
403123 212205
402454 210396
401517 210897
394406 207846
406338 213255
405952 213102
407258 213030
402617 210900
397630 208383
397284 208467
396600 207396
396363 208161
398500 208260
392431 205128
404469 213345
405569 213234
401802 210669
402602 210735
411507 216435
411728 216441
411651 216375
411655 216360
414288 216234
405024 211782
413050 217287
413850 217143
409264 217032
411958 217002
413066 215949
412008 217305
413067 217425
414714 217287
411150 215853
384872 202761
400891 209034
400751 210330
395626 209097
387655 202458
403934 212901
406386 212772
408629 212694
405870 212880
406056 212874
403696 211725
415019 217056
414640 217158
413486 216906
408982 215469
414502 217350
413079 217395
412184 217269
413932 217242
413722 217227
402163 210132
410145 215406
412719 218184
415303 218274
415133 218127
405886 213534
404626 213117
404613 211968
406228 213327
405581 212868
403413 211761
410264 215958
414265 216858
411521 216117
412643 216075
416987 219012
417054 218493
418037 218574
421571 219789
419163 220161
407955 212496
415380 217416
412246 218004
415609 218070
410916 215433
420998 221667
419187 221172
421250 221649
418516 222096
417233 220026
400490 209640
411128 215340
410224 214812
407852 215265
406096 215079
416351 218244
415650 218223
418098 218916
416021 218475
414402 217329
410630 214905
419428 220389
423857 222477
423335 222333
420794 221181
421583 221766
416814 218325
418533 221658
423814 221676
422673 221403
414394 216879
426925 223152
424507 222927
421950 222552
424752 221754
416883 218691
414884 216975
417285 218718
415492 216657
414352 218046
411318 215970
421381 221094
425697 223422
422373 220914
417498 220512
427256 223257
430571 225246
430238 225216
427805 224877
430189 224895
417260 220665
428037 226488
432534 226365
428930 226311
429510 226233
430256 226782
432415 226599
431097 226704
429824 226398
431002 226620
404693 211602
413702 216963
415852 219690
414365 216960
413795 216924
424378 223254
426569 222972
428065 223383
426766 223248
425203 223452
424230 222081
435149 227646
431895 226932
431667 226923
429394 227097
427258 225477
431032 226839
431929 227727
433796 227859
431665 227886
419570 218943
430053 224409
431724 226065
431729 226968
426000 224850
426692 221895
415983 218895
422309 221820
419144 220011
423657 220905
419121 219882
429919 225003
428998 224961
429716 224859
425582 222753
433851 228927
433846 228975
433681 229278
434380 228882
436718 229143
423925 222780
438018 230565
441088 230502
433530 227700
435718 227643
437009 231186
441459 231363
440705 231399
442942 231129
440663 231063
417279 218544
426391 224367
427306 224589
427157 224238
429608 224370
435955 228258
434516 227025
432893 227370
436861 227841
435167 228309
425643 223812
443088 232794
442030 231381
436653 229995
444581 232761
444478 231246
435460 228354
442514 232905
442585 232269
441412 232902
438071 227478
443534 233256
446313 233265
448570 233232
442164 232374
436488 227748
434857 228036
434159 228258
434129 228135
432330 228231
425927 224622
438460 230397
446648 233142
438640 230433
439691 230526
451356 235848
446649 236067
449739 235977
450246 236058
449869 236007
435993 229212
447723 235503
448872 235710
447682 235524
445949 235680
452932 235242
447973 233664
448243 234822
448734 235377
445803 235389
420695 219621
428462 225576
431691 226179
429160 225768
426334 223443
444815 231405
444076 232593
442543 233091
442212 232842
444662 232902
437673 229695
447245 235401
447070 235434
451273 235407
451681 235461
447212 234573
449573 234936
448144 235359
449070 235221
448376 235515
437688 227544
450439 236043
450802 236478
445870 233784
451542 235242
437864 231336
439323 230136
442149 231288
441852 231330
442273 231258
439143 229641
446524 235269
449145 234627
446816 235536
447964 235062
454949 238743
452406 237495
456586 238359
454966 239073
453074 237990
444081 231678
448652 236607
458083 239790
452955 237621
450387 236757
456262 239115
458189 240417
458057 240798
456939 239916
456875 239859
435505 228120
448738 234000
444014 233766
446901 234024
444093 233916
454789 236514
453136 237279
453891 237471
454056 237273
450480 237132
443440 232032
458890 240879
462192 240693
455801 238041
458867 238422
460396 240804
462704 241845
458388 241686
458569 241311
460869 241674
452676 237678
462617 242940
464264 243510
461279 242436
463452 242409
450465 236427
453180 237219
454477 237381
448723 236034
450616 235554
447796 234096
456849 240738
456605 240969
455666 238770
453978 238524
468619 245292
466367 245100
464259 245538
464692 244074
466753 244629
455889 239628
470030 245847
467996 245859
467166 245202
466590 245721
467732 245757
467723 246186
467450 246585
467312 246165
468767 246306
