690 450
660 429
408 252
719 468
699 441
1483 915
1544 924
817 480
1515 936
1451 849
2379 1488
2343 1443
1227 750
2326 1449
2326 1440
3179 1869
3243 1902
3022 1734
3092 1860
3123 1857
4044 2334
4000 2337
2180 1209
3931 2238
3991 2361
4829 2763
4791 2727
2478 1359
4895 2799
4647 2616
5669 3216
5866 3411
3125 1755
5684 3273
5748 3300
6411 3660
6713 3885
6445 3651
6911 4032
6393 3609
7535 4314
7613 4329
4002 2232
7335 4164
7403 4179
8327 4680
8464 4758
4413 2424
8084 4494
7961 4455
9324 5247
9237 5214
4774 2580
8892 4932
8960 4953
10191 5703
9594 5283
5269 2916
10328 5712
9798 5376
11193 6255
11050 6234
5879 3210
10920 6018
11255 6279
12084 6774
12046 6732
6319 3438
12089 6792
11359 6306
13078 7374
13053 7308
6737 3741
13128 7374
12494 7032
13726 7587
13666 7596
6916 3780
13755 7686
13299 7386
14776 8205
14718 8205
14785 8268
14335 7920
14351 7893
14920 8133
14887 8220
8161 4383
15896 8697
15207 8346
16772 9279
16818 9315
8577 4695
16118 8811
16132 8841
17396 9594
16385 8919
9155 4941
17427 9552
16408 8919
17970 9885
17423 9522
9246 4971
17441 9552
18113 9837
19314 10602
19116 10521
9952 5421
19321 10638
18487 10086
20426 11280
20254 11190
10372 5646
19602 10674
19457 10677
21012 11469
21069 11436
10923 5910
20024 10731
19788 10674
21837 11949
21909 11916
11394 6132
22198 12180
21171 11553
22565 12264
22567 12291
11346 6066
21245 11442
21336 11481
23018 12627
23883 13098
23840 13083
24295 13416
22951 12549
24419 13416
24923 13689
12897 6924
24866 13647
23336 12612
25596 13932
25659 14013
13292 7137
25970 14172
24853 13596
26697 14595
26489 14517
13604 7293
25235 13647
26566 14529
27176 14769
27214 14721
13673 7200
26905 14685
25940 14064
28147 15372
28446 15501
14728 7911
26934 14607
26857 14508
29318 15939
29155 15909
14950 8106
28279 15354
28413 15567
30083 16368
30319 16500
30134 16347
28717 15561
28750 15486
31404 17130
31388 17127
31249 17067
30222 16263
30036 16278
31462 16968
31680 17121
15956 8412
31652 16995
31280 16932
33080 17889
32901 17808
16941 9222
33299 18192
31825 17130
34284 18579
34132 18480
17620 9378
32300 17373
32248 17349
35319 19221
34994 18993
18014 9597
35097 18873
33753 18240
35836 19518
35974 19479
18595 9933
33998 18360
33718 18114
36026 19371
35724 19302
36339 19656
35911 19401
34844 18777
37451 20286
37352 20190
19208 10287
35262 18825
35231 18936
38727 20979
38619 20856
19814 10509
38603 20772
37074 20064
39124 21144
39321 21165
20308 10854
39893 21690
36925 19731
40345 21681
40703 21894
20786 11082
40605 21834
39017 20931
38255 20316
40753 21888
20472 10719
38129 20304
40526 21792
42289 22692
42245 22710
42280 22698
40596 21759
40629 21795
43053 23064
43095 23223
22053 11730
40920 21984
43789 23670
42143 22509
43941 23439
22646 11886
42457 22701
42614 22842
44753 23976
45173 24216
23079 12201
45191 24468
43243 23373
45375 24357
45050 24081
22586 11874
43167 23073
43118 23010
43464 23199
46638 24927
23921 12663
43964 23379
44589 23910
47810 25725
47541 25467
24254 12978
45862 24561
46327 24906
48499 26040
48523 25965
48739 26067
45723 24465
46900 25188
49883 26853
49977 26652
25408 13512
50088 27057
47893 25656
49828 26652
49469 26493
24749 13038
46745 24906
46123 24456
51257 27555
51288 27552
26525 14169
49758 26727
49633 26679
52334 28074
52402 28152
52630 28308
49531 26349
49478 26352
53845 28959
53757 28812
27418 14496
51508 27462
51313 27600
53903 28848
54367 29178
27846 14718
54498 29130
50438 26832
54094 28959
53711 28551
27086 14145
51805 27672
53889 28806
55786 29829
55845 29862
28565 15096
56510 30348
52308 27810
57432 30891
57336 30780
29318 15432
57252 30684
55063 29565
57268 30702
57778 31020
29799 15825
58835 31689
55963 30165
58460 31281
58516 31200
30364 16053
59511 31965
56940 30534
58539 31200
57775 30696
29388 15369
55182 29352
55009 29163
60798 32454
60610 32361
31182 16467
61272 33012
58255 31095
62061 33264
62065 33225
31610 16674
58267 31068
59585 31827
62414 33471
62425 33480
32293 17082
60617 32388
60690 32442
64014 34317
63877 34224
64220 34389
59882 31920
60028 31725
63717 34032
63560 33912
63694 34089
63338 33678
60755 32286
65341 34869
65285 34833
65342 34851
61084 32445
60609 32040
66000 35352
66570 35514
66227 35388
63472 33876
63719 33939
66984 35799
67570 36171
34368 18288
63475 33729
64894 34731
68688 36639
68625 36591
68692 36660
65672 35157
65671 34992
67919 36285
68219 36333
33994 17763
67898 35991
62852 33234
70637 37611
69591 37173
36185 19035
67203 35667
70709 37860
71978 38607
71555 38610
71847 38538
67024 35733
67152 35742
72595 38649
72714 38787
72395 38691
69281 36807
69507 36921
72875 38967
73016 39024
37228 19605
68523 36441
67737 35925
71441 37806
72429 38622
35661 18750
69145 36744
69383 36924
74021 39378
74636 39756
38339 20124
75273 40182
71258 37788
74186 39456
75672 40419
38676 20268
72018 38226
75671 40404
77384 41301
76452 40668
39275 20715
71612 38013
71103 37647
77158 41034
77079 40938
77195 41034
74115 39387
74646 39606
76927 40941
77285 41037
38227 19878
71748 37836
71826 37683
79163 42072
79040 41946
40789 21381
76170 40140
80119 42747
75175 39624
80667 42981
41218 21579
75580 40161
74936 39534
81141 43173
80972 43089
41556 21858
78240 41610
81596 43572
82013 43818
81538 43254
82417 43998
82912 44202
77596 41076
81572 43281
81967 43590
40512 21231
78328 41493
81426 43113
83793 44511
83506 44484
78352 41250
78246 41226
83636 44316
84766 44928
84370 44616
43175 22536
84821 45048
81801 43311
85999 45675
85884 45432
44076 23106
86772 46230
80653 42651
87375 46236
87243 46359
86994 46338
83586 44205
83314 44262
85641 45054
86203 45549
42835 22413
86041 45474
79644 41985
85237 45264
87594 46332
45495 24069
84961 45108
85147 45198
89688 47538
89956 47676
45850 24159
90077 47838
86223 45564
90932 48075
90733 48120
46412 24282
90497 47979
87102 46227
90921 48153
91886 48879
46945 24690
91866 48717
85168 44937
90077 47562
86773 45693
90409 47889
86761 45831
86425 45651
93072 49317
91796 48630
92738 49329
86860 45780
86917 45849
94528 50247
94488 50202
48035 25236
90030 47556
90605 47952
94026 49722
94809 50133
48445 25425
95619 51084
88241 46356
96349 51117
96168 51054
95279 50445
91874 48696
96823 51630
95334 50337
95421 50580
47190 24465
94543 50034
88697 46812
97762 52002
93956 49896
98128 51999
93762 49779
99365 52947
99073 52605
99056 52650
50229 26466
99690 52857
94878 50253
99158 52596
99518 52647
99287 52590
95654 50910
96501 51003
101340 53778
99473 52623
101442 53820
94741 50079
97003 51459
100040 53142
100399 53034
49578 25839
95217 50430
95870 50622
102373 54276
101847 53880
101208 53580
102911 54996
103317 54975
102944 54450
103036 54468
103367 54855
99426 52626
99840 52926
104489 55254
104966 55737
104165 55212
106114 56469
98512 52155
106431 56598
105990 56205
53930 28593
102033 54162
106414 56805
104621 55398
104384 55272
104823 55410
97384 51396
100023 52722
106737 56268
106167 56004
54663 28755
108095 57246
102951 54432
109173 57924
108644 57585
55110 28890
102051 53676
101902 53634
110203 58302
110249 58506
55629 29286
105338 55611
105337 55686
110936 58683
110651 58689
56104 29499
103468 54465
110267 58095
108174 57066
104065 54777
53864 28200
108178 57096
108354 57117
111468 58977
109769 57804
57210 29877
104246 54810
104380 54900
113351 59877
113178 59937
57298 30027
107546 56646
108365 57363
113431 59961
113869 60024
58277 30546
106793 56193
105879 55602
113963 60153
115036 60960
115058 61059
110041 58083
115918 61341
114018 60255
113659 60207
56325 29208
106316 55716
106509 55758
116221 61416
115951 61440
111393 58812
111445 58977
111250 59022
118410 62757
118383 62793
60160 31449
118881 63219
113508 60198
118197 62640
119286 63138
118464 62655
119346 63285
113900 60465
119002 62847
119718 63309
119115 62808
112039 59205
114857 60732
112659 59439
117765 62007
58392 30330
117338 62055
117262 61887
119424 63276
120886 64230
119443 63228
121980 65049
112209 58917
120764 63645
120770 63588
61883 32280
122070 64455
117621 62064
123226 65106
123256 65343
62952 33057
115421 60981
118864 62835
125258 66360
124870 66156
63698 33456
119820 63270
122595 64923
122907 65019
123109 64962
61035 31659
114508 60273
113111 59460
121002 63831
123899 65415
124889 65874
120710 63705
121021 63795
127809 67605
127917 67893
64939 34023
119662 63123
120003 63228
129767 68751
128860 68301
65317 34428
123527 65241
123455 65379
130270 69165
121584 64206
66140 34746
121253 64242
124253 65643
126586 66642
126600 66723
63492 32919
126835 66801
122027 64386
130133 68730
130143 68643
66220 34626
121627 63795
131615 69585
131740 69441
125931 66420
125760 66372
131365 69387
126363 66519
132267 69879
123622 64950
67985 35508
124429 65439
123065 64635
132610 69834
133873 70785
132418 69765
134072 70968
128298 67437
131412 69114
132212 69672
131407 69003
131199 68877
123047 64611
135550 71844
134489 70983
69174 36372
130024 68316
137227 72726
128585 67455
137242 72582
69752 36414
128598 67614
127024 66456
137194 72462
136564 72225
136825 72234
132269 69705
132342 69747
139838 73944
136795 72306
70606 37089
139402 73737
130200 68325
136817 72021
137584 72447
67774 35175
130743 68703
130637 68733
138666 72996
139232 73785
70814 37134
130307 68388
132695 69801
135035 71064
135242 71205
71753 37458
134814 70896
135635 71439
141730 74553
139995 73575
72174 37812
132920 69870
143162 75675
142387 75255
142512 75306
72559 38037
137027 72318
136730 72099
141743 74631
141362 74601
141292 74583
131318 68766
140263 73728
143965 76164
145619 77031
74214 39042
146750 77775
139127 73353
146501 77457
146815 77442
147008 77451
146195 77088
139724 73281
147418 78120
140918 74316
74450 39327
141366 74352
141017 74430
148447 78390
148579 78597
148050 78375
147485 77904
137343 72063
144751 75951
144565 75819
71983 37434
144199 75954
139391 73281
138174 72372
140841 73644
75768 39441
138222 72516
139015 72750
144156 75897
150713 79368
144580 76161
150498 79221
144369 76080
151253 79959
151319 79851
77356 40704
142186 74604
140318 73845
151169 79911
151133 79440
77913 40689
145787 76548
145785 76782
150058 78816
149757 78654
74168 38490
139507 72849
139579 73017
152841 80358
152646 80073
153010 80202
146543 76908
146573 77019
155712 82119
155482 82077
155206 81939
156329 82668
143528 75252
155847 82203
155409 81888
79900 41751
150266 79356
150262 79314
157081 82962
157988 83544
80125 41904
147625 77535
157755 83070
148146 77445
155213 81666
155160 81837
153648 80799
154081 80772
158425 83535
157875 83184
80642 42159
147495 77265
159276 83997
158182 83307
158539 83493
80962 42390
152296 79953
154150 80832
150415 78804
160367 84327
81879 42870
150850 78777
150659 78876
162925 85893
162692 85839
82867 43449
163615 86559
155388 81645
159743 84126
160213 84084
79009 41118
149171 77910
152518 80214
161703 84900
163140 85749
161722 84840
155818 82059
156338 82260
164896 86889
165250 87219
84319 44031
154891 81318
158152 83283
159289 83850
165817 87255
167235 88071
165728 87267
159155 83700
165295 87027
166857 88044
84487 44229
155961 81753
154301 80673
162369 85608
162568 85278
80837 42054
163370 85653
156781 82437
168611 88908
167567 88281
85331 44799
156433 81858
156947 82059
169384 89160
169724 89142
85591 44604
160970 84078
161575 84876
169857 89301
170061 89370
167905 88167
159231 83331
157619 82398
169837 89181
171779 90342
87111 45657
163251 85869
171658 90834
168218 88296
168607 88479
167902 87891
156899 81552
167459 87774
164987 86529
171449 89748
88566 46107
165151 86412
164906 86376
172973 90909
175258 92244
175449 92130
175580 92622
161273 84219
176826 93105
174133 91722
89078 46809
168792 88674
168979 88704
177600 93516
177358 93564
177803 93537
177201 93474
165568 86892
174161 91524
174330 91536
86007 44709
173283 91056
166462 87264
164474 85848
176861 93021
89777 46923
165128 86592
163350 85338
176512 92394
176644 92682
89857 47037
170958 89715
171187 90084
178921 93996
179467 94518
91563 48114
181751 96072
168715 88539
181571 95532
181749 95457
92460 48474
173953 91698
173582 91284
178586 93732
178769 93726
88417 45921
176816 92844
164506 85827
180889 95118
180782 94920
174872 91923
174730 91521
175150 91827
184984 97455
184751 97317
184984 97389
172466 90555
172742 90639
185941 98055
185974 97866
93715 49146
185088 97356
177369 93198
186950 98424
185575 97785
187148 98463
174198 91344
185084 97566
181172 95109
180938 94980
182514 95985
174822 91635
175146 91704
187237 98322
186293 97968
94932 49506
187465 98787
173758 91083
188391 99216
188108 98634
95248 49854
187457 98631
180314 94704
186698 98058
187512 98601
95908 50175
176275 92379
181434 95325
188012 98607
187467 98550
96083 50166
181061 95094
180721 94923
186414 97683
186862 97920
91799 47520
184864 96819
173843 90606
190464 99837
190621 100053
97730 50976
182916 95757
183014 95667
192200 100608
192562 100953
97410 50577
193724 101862
177361 92544
194367 101895
193212 101679
193259 101379
185843 97773
186060 97749
193643 101673
194739 102300
193773 101661
182522 95541
182052 95307
191649 100560
190799 100092
94862 49077
182795 95676
183205 95778
192863 101160
194607 102348
182155 95280
181561 95151
181768 95019
195063 102477
189316 99405
99726 51966
198279 104019
189956 99591
199309 104778
198452 104016
101177 52962
186246 97644
186692 97485
200334 105768
200298 105417
101839 53304
191797 100662
201217 106077
196681 103089
196457 103119
97104 50409
195579 102531
180795 94353
197851 103821
198112 103626
191342 100530
190960 100221
191724 100509
203880 107226
203227 106887
102297 53454
202619 106617
189355 99276
205073 107943
203897 107211
103776 54138
195009 102657
203802 107103
203655 106671
205263 107979
205454 108009
204097 107037
191443 100371
199132 104052
198680 104043
99436 51597
192498 100674
191449 100026
205228 107622
204845 107622
104105 54402
191156 100215
191481 100113
207635 108993
207238 109017
104832 54645
206623 108522
198609 104043
205153 107388
206585 108582
106091 55275
194151 101823
200124 105009
208335 109050
208952 109614
106101 55419
200186 105051
210552 110505
204799 107547
189611 99096
101235 52623
191898 100338
203976 107169
208981 109344
207735 108972
107083 55962
212819 112005
200712 105399
212986 112212
205824 107865
108156 56223
199385 104307
196341 102561
214010 112422
211592 110757
108072 56580
214124 112725
204440 107412
214447 112758
214575 112968
214650 112821
214111 112758
199889 104667
210653 110436
210929 110727
103383 53721
200957 104949
209324 109587
215496 113070
215089 113028
109265 57237
216315 113835
198287 103491
206068 107775
213700 111831
109249 56658
205673 107694
206875 108390
216124 113403
217117 113979
110578 57741
203163 106239
208843 109425
219019 115236
219249 115200
219574 115260
209820 109791
209107 109515
214806 112758
215396 112815
200522 104463
213324 111351
197500 102954
220667 115518
219828 115515
112558 58500
221825 116298
210521 110133
223305 117156
222791 117087
223244 117117
207685 108846
207958 108819
224485 117489
223874 117501
113424 59007
213678 111765
213968 111960
223982 117456
224950 117834
113582 59130
209062 109428
207337 108087
216820 113130
217748 113463
108259 56046
209581 109314
217746 113646
221359 115593
221796 115920
113071 58803
207589 108291
224814 117603
226127 118314
224000 117192
225672 118335
224598 117378
215337 113049
225953 118428
226035 118398
226144 118395
228765 120270
217713 114150
225478 118206
224551 117750
228510 119832
228299 119553
217293 113607
224179 117342
223433 116910
110293 57189
208419 108813
221016 115713
228359 119916
222588 116343
218295 114357
218871 114441
231602 121746
231524 121407
230838 120735
117118 60915
216448 113385
221547 116451
230104 120408
228937 119739
117792 61137
222448 116610
222519 116613
232470 121623
233199 122274
118371 61506
218308 113928
217608 113634
227307 119079
227710 119055
112738 58479
218019 113895
218319 113838
231044 120819
232821 122196
118499 61533
234746 123036
214226 111468
234518 123018
232996 122076
119080 61851
223750 117207
225839 118359
234937 123015
220333 115047
119274 62277
220077 115101
220308 115197
227431 119217
237848 124695
237337 124542
238638 125532
227466 119325
232342 121839
232784 121989
114786 59535
217153 113385
222877 116553
235848 123843
234819 122958
236298 123837
228833 119994
228372 120087
239941 125805
239992 125832
121677 63264
224148 117048
224314 117189
241187 126873
241958 126726
122400 64020
240967 126651
231022 121248
226808 118428
242538 127203
122839 64065
226077 118251
223693 116787
235342 122958
234742 122457
235445 122898
226952 118491
226900 118746
242063 126651
241364 126411
241877 126708
225627 117645
243291 127743
243743 127842
245031 128721
124045 64446
244863 128541
234172 122811
245163 128586
244931 128451
125009 65604
230125 120540
248780 131094
244139 127965
242849 127065
246513 129135
236216 123609
236924 123927
240851 125685
236582 123909
118975 61791
240554 126084
230725 120405
246031 128595
246431 128769
246409 128985
236280 123303
249121 130677
249605 131142
249720 131046
126373 65670
233559 122106
251074 131958
241162 126645
248826 130764
249006 130596
252028 132474
241390 126555
252474 132558
253051 132798
128011 66588
236223 123354
235354 123036
247421 129837
245671 128769
122000 63111
246003 128829
245379 128499
251939 131622
251700 132060
249874 130653
234721 122739
232700 120939
242272 126555
254399 133362
254337 132996
242707 127131
244144 127911
252816 132339
254839 133338
130002 67641
238515 124836
238605 124776
257857 135738
255507 134034
256464 134529
246657 129330
246848 129522
253066 132516
252449 132045
252808 132516
249627 130800
231972 120774
258058 135717
254916 133443
259373 135726
245451 128475
246184 128823
261986 137802
261081 137244
262131 137823
243366 127395
248775 130368
262094 137823
261855 137838
262627 137817
260705 136614
249659 130896
262236 137811
262560 137775
132027 68658
259935 136083
240664 125988
255893 133944
256674 134586
125249 65133
253623 132549
243364 127047
262056 137523
256781 134556
133350 69549
243873 127323
263452 138279
263460 137835
263589 137874
262160 137004
250065 130269
251382 131418
261446 136887
264164 138027
135289 70278
246400 128751
254778 132981
262864 137610
265887 139287
135172 70281
253889 132411
252923 132204
260632 136254
260947 136176
261007 136326
241495 125580
241987 125742
264808 138393
253713 132417
135443 70536
254351 132570
253826 132819
266543 139701
268804 141033
135861 70875
251394 131565
258420 135114
269438 141039
267288 140022
256310 133821
258789 135615
271204 141858
269363 141018
271819 142206
137406 71541
271557 142302
252865 132033
265809 138828
264548 138261
264587 138522
264285 138021
254066 132321
267222 139437
269846 140976
136580 71076
251342 130923
256209 133809
269670 140763
269707 140916
137266 71337
272518 142575
261900 136809
273660 143190
272519 142668
139348 72684
256315 133932
276911 145482
276421 145089
276727 145311
140331 73221
277647 145959
278139 145953
271432 142248
271675 142122
133396 69276
269309 140943
269519 140919
265138 138459
274329 143388
141273 73581
264034 138072
279362 146793
278823 146235
260053 135711
279176 146271
279468 146397
261511 136326
272977 143046
279746 146514
141293 73680
280173 146538
268249 140325
282330 148233
282529 148239
282359 148206
262994 137247
259796 135447
272775 142425
272321 142512
276612 144732
262554 137175
261996 136569
279936 146421
279873 146334
141743 73671
282345 147897
281854 147591
282526 148122
268473 140127
142803 74157
268441 140223
270243 141165
280594 147168
281602 147159
281744 147135
285133 149361
271739 141762
280363 146217
284086 148332
143004 74346
270540 141270
285331 149442
276971 144552
278628 145566
277455 144549
259000 134454
259715 134871
284974 149151
282584 147726
146192 76266
273337 142752
272715 142482
287648 150450
287448 149856
144413 75060
267232 139329
264212 137175
289705 151503
285136 149121
286158 149733
289646 151215
276315 144426
290944 152244
290016 151707
146715 76395
270934 141147
270346 140802
271351 141480
285221 149106
285217 149112
282344 147705
271524 141360
289802 151662
268711 139989
146056 76335
268340 139968
265849 138171
290444 151986
289940 151764
147496 76827
278948 145590
279910 146619
292727 153420
294254 154197
149361 78063
273708 143253
282053 147885
295775 155112
296274 155181
149588 78048
283067 148155
281627 147564
289215 151269
289315 151233
286026 149493
268818 139743
269026 139992
293919 153675
291370 152310
149579 77703
297255 155529
297053 155346
298296 156378
298341 156321
149825 78162
297263 155811
277549 145005
299134 156927
300193 157221
299350 156876
286138 149919
286103 149682
300583 157407
276483 144276
152261 78978
279379 145908
300442 157254
291509 151911
290809 151770
290397 151332
279058 145779
280233 146190
296068 154893
296734 155241
152120 78951
278198 145119
278361 145110
301081 157293
300371 157128
152433 79128
285895 149148
288675 150648
282377 147456
299694 156540
279131 145458
282020 146739
303598 158829
300055 156576
299559 156282
304003 158595
302857 158373
289132 150669
297567 155556
296982 154908
297578 155502
275874 143427
276382 143916
302645 158049
302406 157974
154545 80331
290194 151527
289680 151254
303843 158766
307249 160911
155257 80679
287129 149988
308987 162159
292861 152844
308157 161547
155419 80970
294566 154125
308315 161349
308438 161247
303539 158529
155371 80715
287466 149964
286955 149607
287307 149304
302608 158088
302326 157680
288178 150165
287193 149778
308414 161427
287255 149556
156824 81600
287237 149364
283101 147306
305688 159336
305484 159396
309437 161532
294940 153474
310947 162507
309942 161694
310381 161700
310176 161793
314248 164469
290829 151431
314237 164211
300008 156780
311659 163377
300112 156450
298606 155865
282252 146844
306733 160029
303698 158199
304765 159225
304764 159231
309344 161328
309230 161070
160552 83424
299902 156354
299578 156627
315957 165189
317472 166818
316393 165465
296578 154674
296301 154713
319281 167514
317804 166569
161481 84117
304565 159387
304689 159366
293904 153801
319889 167430
161331 84312
318742 166254
294782 153504
309596 161319
297653 155271
153766 79605
297983 154971
298191 155376
316316 165399
315884 164679
160524 83277
294360 152916
294426 153312
320286 167223
319668 167436
160555 83595
303573 157935
305373 159318
300367 156600
320230 167598
163953 85293
324802 169761
308629 161364
319374 166920
317851 166131
163517 85248
306728 160200
307714 160749
315303 164073
316339 164970
155024 80493
293570 152742
294401 153222
323056 169152
322821 168519
165357 85836
309146 161352
308445 160923
326878 171114
326874 170973
165013 85977
328177 171828
300305 156510
324103 169149
323808 169143
165485 86172
312989 163716
313321 163629
330389 172674
329792 172821
166625 86838
307780 160488
306742 160104
321399 168078
322478 168165
322958 168531
307069 159933
305860 159279
326565 170727
327285 171222
327635 171153
304426 158796
301199 156492
325392 169668
326465 170448
166560 86541
330195 172767
315957 165390
329492 172059
327997 170775
167244 87027
333272 174594
317346 165927
315728 164928
330559 172656
167903 87333
334239 175107
316829 165354
325640 170049
325713 170052
159766 82659
302791 157413
299148 155142
330466 172704
332889 174114
170090 88563
318236 166110
318941 166596
336094 175377
335062 174993
335274 175533
312412 162777
312750 162846
337954 176727
338448 177000
337963 176985
322143 168150
321959 168120
339445 177060
338107 176835
170559 88878
335188 175200
311506 162063
327758 170868
327428 170907
162230 84156
327211 170712
314850 164442
334303 174510
335590 175542
170532 88581
338397 176640
312876 163017
340522 177777
338262 176733
171795 88965
324571 169206
325214 169533
339651 177540
340216 177663
174231 90618
318101 166116
315420 164127
339000 177234
338346 176646
342144 178809
326658 170280
325413 169959
310993 161364
334899 174444
163798 84996
331006 172425
331303 172488
338684 176055
338606 176307
172090 89460
325041 169113
323855 168825
340229 177267
344274 179736
343877 179649
346435 181110
330169 172254
342539 178788
342532 179178
344353 179868
332522 173706
331505 172995
344868 179994
347550 181557
175719 91335
324347 169071
322993 168519
339001 176940
339199 176757
339651 177015
323795 168459
336377 175242
342665 178461
345696 180498
345866 180570
322140 167520
329042 171282
344608 179730
347094 180960
348556 182154
332599 173436
334764 174810
349533 182529
347706 181014
348747 181716
326468 170028
352930 184608
353013 184359
352617 184164
352119 184281
354592 185409
354535 185409
345315 180063
345154 179931
345093 180033
321298 167073
342931 179163
348665 181653
348433 181506
179445 93354
356826 186375
336350 175614
354915 185520
356737 186870
180349 93855
332076 173025
332371 173139
355295 185781
357894 186825
180053 93585
341257 177924
340797 177888
358265 186618
357964 186693
357216 186624
333176 173289
328198 170967
344811 179796
345924 180111
171032 88491
332421 173265
333348 173682
356884 185955
356161 186033
356775 185910
330961 172458
359846 188226
355644 185037
358304 186555
357573 186555
355550 185478
359343 187194
356514 185847
357203 186273
182737 95079
335410 174369
331231 172443
354941 184950
356219 185520
182937 94938
362075 189102
344111 179649
351380 182796
350335 182484
173273 89442
328517 170682
328269 170490
357553 186498
356524 185337
183725 95484
344366 179550
343698 179256
364725 190377
364290 189798
365561 190404
340064 177426
335997 174666
366561 191685
365598 191262
185339 96789
367045 192099
350566 183279
367878 192504
369103 192633
186512 97095
343604 179346
342643 178920
360058 187683
359550 187467
359490 187527
357070 186465
341385 177894
361288 188343
365238 190440
184545 96057
367152 192132
339511 176478
363740 189648
367819 191844
184529 96039
368121 192162
351844 183516
345176 179943
369617 192924
363320 189276
344841 179814
372309 194805
371485 194268
370090 193005
188667 97896
355471 185691
373137 195519
363685 189339
363386 189264
179161 92313
337854 175482
345562 180018
368020 192105
368025 191880
189561 98280
374689 195963
353550 184548
349833 182289
375566 196317
189272 98544
350105 182484
349622 182472
375998 196395
375743 196143
188926 98298
374287 195339
358753 187116
376097 196509
376903 197274
189959 98967
373970 195258
346788 180894
363084 189165
363884 189324
365602 190731
350357 182454
364188 189591
374404 194892
372860 194385
373295 194388
348273 180975
348172 181149
360831 188106
374686 195519
190280 98868
376319 196194
360264 187920
371653 193383
374048 194718
191369 99156
350783 182766
380328 198411
374201 194916
377319 196476
190668 98952
359838 187530
359774 187368
370496 193176
369945 192396
181031 93492
366530 190785
344831 178779
378172 197202
377450 196275
362219 188601
362176 188838
361661 188658
379968 198294
370302 192570
191972 99306
355100 184932
354536 183990
379506 197880
379426 197589
193770 100782
366713 191403
366196 190902
382031 199359
382448 199377
194207 100980
384886 200934
357664 186117
376995 196527
374502 195159
376505 196050
358128 186249
357901 186054
382148 199695
382369 199602
383015 199755
355191 184779
350988 182256
381362 198882
382608 199296
194656 101064
368440 191580
371114 193068
362043 188406
387039 201312
386477 201363
392148 204984
362733 188568
372838 194589
371725 193899
197524 102753
391012 204549
371069 193683
376098 195390
380165 197586
186973 96912
353693 183696
349901 181263
381326 198225
382476 198846
367163 190902
370072 192636
370045 192798
364269 189858
391674 204402
388903 202536
365162 190170
365577 190428
393675 205203
391891 204330
199731 103668
376696 196422
376767 196470
389269 202716
394507 205803
389308 202905
368519 191688
363950 189006
383623 199641
384799 200079
381210 198492
367472 191478
368324 191574
393286 205098
391336 203751
366393 190335
395172 206103
365107 189993
396267 206772
396549 206907
396018 206748
375722 195606
377909 196971
390304 203424
365758 190134
368498 191382
399029 208494
369226 192441
393327 205284
393934 205374
397337 207129
381235 198432
380159 197868
387529 201963
388497 202203
191956 99051
363788 188619
363275 188643
395202 205485
394587 205473
201955 105006
379606 197985
379237 197568
403118 210444
403397 210438
203355 105567
376045 195744
370163 192426
398760 208011
398457 207783
203603 105774
386047 201576
385693 201165
404590 211209
404432 211272
203256 105450
402939 210318
385269 200940
395238 205845
395936 206382
193661 100035
392337 204660
376428 195975
398155 207294
403106 210177
204638 106449
375353 195405
370463 192663
399531 207687
396272 206022
203226 105333
384879 200274
406485 211926
404869 210870
405237 210954
206834 107148
409492 213882
378873 197157
408986 212940
404914 210942
407454 212451
389376 203520
409874 213996
399970 208203
371498 192834
196054 101496
371129 192621
366516 190209
404664 210711
402790 209955
208246 108180
388654 202704
390523 203175
413929 216402
413720 215541
385758 200658
385812 200643
393996 205188
415545 217026
415027 216921
395656 206235
412539 215616
396068 206157
415587 217251
416524 217185
209890 109026
386222 201396
394824 205779
402092 209088
398660 207117
198669 102912
401247 208917
386915 201186
409319 212853
410193 213351
207981 107670
382654 198798
382546 198699
414696 216084
411942 214629
414663 216075
393327 204894
396528 206451
414981 216162
414818 216063
414801 216126
397364 207009
383571 199827
413633 215439
413580 215280
211677 109902
418775 218403
397680 207129
409288 213153
409306 213219
408620 213030
379272 196482
379545 197118
415389 215955
415844 216540
212450 110295
422167 220353
398217 207417
415192 216279
422335 220431
213141 110469
393345 205056
388104 201762
422464 220182
422193 219888
212938 110571
403220 210633
402892 209988
391423 203589
423139 220638
214236 111327
423869 221262
405083 211413
414602 215856
412085 214173
203652 105213
394527 205173
394755 205407
415138 215994
424367 221169
420533 219645
391599 203712
399878 208200
419202 218508
418428 217911
405303 211362
405079 211104
406607 211869
423314 219945
421407 219204
396697 206070
395581 205602
407509 212355
426806 222612
425864 221937
426711 222585
408874 213009
407297 212052
413373 215523
383826 199245
204526 105984
415431 216330
398572 207378
427302 222765
422036 219762
218612 113562
409218 213336
431978 225672
431175 224442
430343 224490
400474 208650
400201 208245
428744 223833
433702 226296
434179 226395
217903 113439
412802 215232
413038 215190
433628 226359
433205 226185
432659 226350
430368 224595
398671 207348
419045 218043
418703 217662
418720 217866
419667 218304
404007 209874
431202 224313
430010 224040
217594 112989
400474 207744
432708 225348
434577 226221
434487 226098
218623 113184
432050 224637
415554 215730
433960 226197
433870 225966
404530 210138
405878 211065
401612 208722
430744 223902
431300 224616
220561 114318
416353 216591
416475 216657
423832 219834
424992 220431
423385 219777
396474 205398
397438 205911
413878 215430
430232 223611
220307 113856
437520 228387
413401 214968
439005 228855
437867 227994
220982 114336
409223 212511
403584 209412
423090 220278
436512 227034
224037 116175
423107 220173
422836 220200
444222 231498
437435 227772
443841 231456
413073 214953
441873 230133
433420 225615
433681 225633
212443 109854
429650 223749
410820 213642
440694 229485
440895 229479
223812 115785
409338 212388
442976 230631
424445 221007
439334 228513
439681 228660
443599 230823
425337 220959
448155 233628
443832 231300
225692 117135
414781 215589
413521 215448
448910 234537
445104 231810
226382 117507
428190 223041
426181 221607
437935 228321
438811 228264
438462 228306
407276 210936
401518 208419
442600 230430
442921 230613
227852 117831
450605 234996
426945 221934
452545 235860
452501 235878
227728 118344
421149 218919
430124 223728
451804 235530
451299 235311
452079 235530
430674 224121
430610 223923
451979 235446
451385 235185
447079 232779
419625 218016
447842 232449
435847 226170
425952 220977
215711 111348
435217 226017
420271 218055
452908 236376
448542 233421
228276 118329
418847 217182
418140 217269
430237 223389
449167 233337
431143 224115
428010 222066
430807 223818
445458 231264
449355 233232
231194 119304
422262 218712
434816 225912
449092 233154
447312 232506
449021 233301
432653 224784
434559 225978
443792 230610
444816 231159
217838 112446
439303 228015
422195 219009
431765 223986
450926 234900
450996 234573
458968 239283
432226 224754
457666 238254
456409 237030
231895 119811
461333 240627
422436 219231
459239 238734
439669 228837
233232 120687
440139 229164
439326 228780
462313 240915
461615 240882
461854 240924
461568 240723
461366 240591
452085 234855
449834 233625
449705 233805
447731 232374
429318 222924
453070 235437
457772 238134
231626 119856
425038 220617
419810 217611
458951 239232
460157 240003
231076 120096
441533 229560
438784 228228
461733 240330
461997 240237
235042 122067
432851 224784
433200 224949
465289 242238
466450 242901
466522 242961
445555 232227
444457 231474
451875 234786
456002 237183
455180 237201
423743 220146
435171 226215
459510 239010
460137 239550
460280 238770
471114 245691
444586 231510
467579 243393
468656 244080
238694 123453
469862 244620
438637 227931
470377 244986
469020 244353
470032 244956
449856 233934
449275 233988
440265 228888
450547 234633
238867 124005
440308 229020
435009 225765
