713 492
750 471
756 525
685 438
676 453
1585 987
1514 927
1564 951
1495 933
1509 915
2298 1425
2322 1383
2384 1494
2320 1407
2382 1455
3249 1893
3204 1881
3243 1881
3221 1881
3241 1893
3981 2250
4099 2388
4229 2454
3864 2187
4124 2343
4974 2820
4857 2805
4870 2742
4686 2625
4876 2763
5955 3423
5891 3357
6123 3522
5849 3381
5935 3402
6761 3801
6674 3876
6900 3972
6609 3801
6832 3882
7646 4350
7735 4386
7795 4428
7637 4341
7667 4377
8586 4833
8527 4845
8513 4830
8275 4737
8563 4827
9272 5190
9320 5154
9356 5217
9247 5166
9146 5097
10148 5778
10228 5682
10131 5604
10162 5643
10300 5655
11119 6294
11218 6348
11248 6315
11004 6213
11078 6207
12213 6798
12310 6918
11973 6744
11939 6735
12059 6798
13183 7452
13237 7452
13270 7461
13091 7368
13111 7455
13617 7656
13775 7653
13934 7797
13637 7494
13898 7731
14838 8169
14870 8289
14954 8226
14516 8178
14783 8181
15584 8601
15966 8850
15699 8568
15368 8427
15765 8697
16770 9261
16836 9330
16882 9252
16666 9258
16579 9171
17125 9489
17610 9699
17714 9828
17553 9687
17576 9690
18083 9828
18305 10005
18396 10047
17985 9849
18153 9891
19074 10605
19136 10563
19331 10602
19027 10482
19207 10527
20394 11205
20576 11412
20306 11184
20427 11277
20496 11286
21081 11631
21267 11592
20668 11349
20636 11343
20633 11244
22290 12237
22179 12135
22285 12282
21683 12006
22249 12111
22914 12549
22383 12408
22428 12201
22415 12360
22516 12321
24125 13212
24202 13287
23593 13074
24026 13281
23944 13095
25214 13791
24940 13782
24212 13350
24267 13380
24783 13719
25673 13989
25330 14046
25927 14235
25496 13959
25924 14127
26681 14544
26584 14658
27026 14790
26785 14601
26726 14610
27365 14856
27185 14727
27095 14847
26921 14742
26688 14739
28486 15555
27841 15129
28338 15528
28274 15429
27750 15336
29236 15843
29398 16125
29483 16140
29354 15972
29287 16125
30628 16827
30461 16638
30538 16845
30060 16413
30453 16773
31615 17190
31120 17301
31591 17118
31263 17097
31462 17115
31833 17172
31727 17181
31764 17013
31683 17088
31890 17223
32920 17880
33051 17952
33301 18036
32854 17907
32943 17880
34602 18753
34223 18582
34224 18588
34178 18450
33951 18462
35389 19089
35027 19122
35431 19065
35432 19230
35142 19272
36201 19644
36073 19638
36394 19731
35193 18981
35988 19695
35633 19107
35687 19368
36272 19446
35515 19344
36047 19476
37435 20475
37213 20127
37688 20346
36650 19872
37481 20319
38726 20943
38443 20997
38461 21027
38534 21021
38674 20808
38613 20829
39376 21507
39847 21693
38733 21069
39695 21642
40857 22017
40202 21822
40689 21948
40411 21753
40486 21888
40160 21498
40365 21963
40802 21906
40818 21963
40331 21894
42524 22767
42480 22743
42199 22785
42350 22827
42538 22884
43177 23157
43543 23283
43597 23370
42681 22803
43170 23256
44204 23676
43947 23607
44012 23973
44210 23751
43895 23868
45272 24438
44954 24249
45473 24420
45168 24435
45479 24549
44801 24372
45072 24390
44894 24111
45137 24324
44883 23937
46514 24888
46209 24954
46242 24924
45660 24363
46224 25011
48387 26094
47782 25887
48047 25992
47495 25776
47714 25851
49183 26427
48975 26379
47566 25755
48118 25734
48765 26367
50122 27081
50237 27084
50205 26979
49976 26895
50198 27075
49667 26628
48533 26130
49772 26838
49676 26691
49283 26643
51767 27756
51539 27822
51875 27960
51139 27561
51355 27579
52860 28521
52536 28137
52620 28425
51559 27762
52787 28371
53856 28911
53311 28821
54005 28902
53174 28947
53651 28923
54288 29349
54681 29394
54115 29301
53725 28626
54635 29364
53808 28620
53514 28605
54075 28743
54160 29133
54239 28878
54855 29325
55667 29901
54775 29337
55821 29715
55481 29802
57336 30660
57526 31152
57666 30897
57086 30954
57593 31017
58431 31290
57895 31302
56992 30690
56482 30249
59045 31653
58605 31302
58745 31398
59070 31737
59196 31728
59529 31845
57760 30936
59021 31665
57627 30843
58552 31209
58964 31494
60459 32613
60505 32307
61180 32730
60898 32580
61093 32643
61832 33261
61191 32958
61036 32631
61076 32961
62275 33327
62808 34035
63193 34092
63177 33909
63100 34023
62875 34047
62511 33642
64199 34488
62585 33675
64239 34488
64077 34443
63361 33867
63518 33888
63514 33675
63589 33723
63187 33933
64725 34620
64814 34722
64104 34053
63208 33561
64611 34707
65699 34911
65715 35034
66096 35586
66555 35757
65908 35394
68150 36504
67078 36162
66195 35487
67538 36423
67701 36375
69501 37182
68907 37143
69205 37197
68905 37008
69038 36960
67738 36444
68377 36483
68338 36378
67545 35913
68537 36375
68604 36330
69880 37227
70277 37605
69534 37242
70607 37605
71146 38055
71845 38634
71100 38454
71797 38529
71467 38400
72416 38808
72252 38877
72581 38880
72202 38754
72808 38784
73462 39273
73072 39186
71983 38454
72849 39048
73255 39276
71767 38286
71309 38058
71796 38466
71140 37947
72506 38478
72345 38739
74959 39888
74409 39663
74475 39780
74018 39267
75838 40275
76434 40725
75775 40479
76147 40608
75690 40410
74643 39684
76852 40959
77079 41424
76598 40965
77244 41301
78025 41685
77082 41181
77454 41202
77124 41280
78052 41478
76663 40851
76530 40923
76926 40749
76553 40680
76638 40533
79124 42093
78760 41934
78899 42039
78405 41919
78906 42246
80432 42804
79588 42495
79254 42288
80635 42876
81118 43347
81891 43473
81960 43482
81853 43605
80349 43077
80716 42948
80817 43173
82421 43860
83070 44298
82605 44013
82894 44301
81549 43476
81255 43059
81187 43248
81505 43338
81197 43104
80944 42753
83341 44259
82935 44232
82361 43791
82865 43986
85200 45219
84036 44670
85199 45399
84268 44760
85253 45174
84461 44850
86019 45837
84738 44904
84444 44781
86667 46140
87680 46515
87025 46329
87266 46668
87485 46230
87203 46149
85962 45750
86065 45660
84809 44907
85330 45540
85880 46029
87434 46494
87316 46473
89521 47418
87757 46563
88810 47370
89931 47889
90143 47922
87890 46893
89995 47886
90293 47937
90968 48390
90621 48354
90869 48360
90588 48330
90365 47895
90914 48357
92255 49017
91684 49164
90768 48171
91897 49014
90303 47880
89493 47250
90805 48162
89809 47319
89313 47451
92639 49296
93130 49314
90405 48045
90418 47949
92232 49089
94495 50196
95358 50817
93257 49782
94986 50586
94187 50430
91821 48774
95262 50241
92995 49338
94581 50430
92276 49239
96537 51402
95090 50439
95563 51051
95780 50799
96724 51228
95252 50562
95393 50541
95288 50469
94998 50181
95240 50403
98112 52347
97305 51759
98166 52404
98230 52029
98173 51999
98851 52542
99445 52599
97069 51633
97203 51384
99041 52794
99746 52686
99296 52584
100871 53466
100433 53421
99451 52494
101614 53967
101742 54192
102244 54366
101448 54042
101353 53943
99968 52914
100107 52791
99479 52563
99586 52854
99724 52920
98483 52008
100916 53952
101685 54009
98973 52590
101811 54156
103186 54891
103685 55041
104112 55185
103704 54924
104491 55632
103020 54837
105177 55842
103253 54897
104878 55911
105732 56187
106169 56928
106407 56943
106429 56880
106098 56541
106140 56676
105100 55521
103783 54879
105020 55446
104467 55416
104474 55371
105847 56259
107395 57102
107594 56910
105920 56313
104925 55950
108428 57711
108296 57834
108694 57615
108849 57795
108677 57744
110279 58335
110599 58569
109699 58398
110056 58389
110123 58416
110139 58575
110777 58857
107415 56601
109298 57972
110814 58716
108140 57294
105933 55989
108447 57306
108684 57159
107921 57183
108652 57717
111101 58962
110627 58710
109676 58347
111006 58710
113435 59748
112990 59853
113369 60492
113756 60396
112913 59997
110847 58431
113875 60426
111779 58965
111053 59085
114507 60726
114755 60771
113479 60264
115070 61146
113498 60159
114866 61173
113917 59913
113655 60111
110599 58764
113687 60027
113129 60156
116510 61557
116190 61512
116814 61980
116232 61611
116872 61857
118690 62754
118188 62715
118706 63132
116882 62262
118349 63183
117549 62139
117100 62301
118819 63222
118251 62502
119637 63378
117106 62211
118973 63105
119740 63642
119434 62979
119727 63606
118448 62334
117274 61860
117114 61995
117930 62379
117325 62019
121306 64068
119695 63339
119029 62574
117815 62418
120640 63900
120921 63546
119773 63201
122536 64992
120794 64017
122226 64800
123717 65718
121638 64206
121494 64179
123431 65328
124320 65604
125417 66594
125285 66588
125644 66840
124643 66372
125002 66576
122849 64998
122789 64830
120417 63513
120979 64119
123151 65049
126013 66666
124092 65898
126554 66969
125660 66387
126234 66933
128060 67845
127349 67521
128131 67827
127421 67581
128274 67827
129695 68634
128136 68304
129648 68721
128606 68757
129462 68814
129327 68655
129380 69174
129032 69012
129861 69177
129998 69015
126468 66315
123326 64506
126966 66945
126003 66432
125776 66402
126273 66978
129809 68478
129736 68388
128817 68481
126591 66951
130856 69258
132741 70005
131605 69813
131967 70005
131735 69921
132479 70020
132264 69573
133709 70836
131020 69402
134116 70767
134174 70803
131743 69987
133835 71085
133207 70530
132226 70197
132500 69702
130936 69501
131823 69576
130709 69018
132243 69543
135682 71634
134610 71346
134320 71739
134882 71604
135504 71769
136117 71877
137558 72510
137736 72945
135659 71868
136986 72810
138191 73569
136332 72330
138614 73368
137385 73314
138231 73335
139500 74022
139465 74088
136258 72336
136617 72225
140198 74070
135587 72036
136055 72036
135669 71889
136090 71805
136665 71997
134749 70854
139424 73488
138118 73098
134576 70632
138529 73119
141056 74418
140557 74391
141678 74736
140891 74619
139913 74028
142114 75597
143030 75795
142695 75513
141445 74727
142796 75321
143279 76152
142003 75459
144511 76281
143731 75954
144366 76380
137817 72744
140576 74631
137759 72744
141208 74733
141598 74541
145600 77061
143701 75990
145900 77016
144007 76155
145092 77088
143658 75621
146766 77526
145352 77025
143457 75624
146161 77190
147247 78126
147065 77784
147952 78450
146796 77847
147002 78198
147506 78288
148425 78594
145485 76728
147675 78153
148012 78372
144363 76104
144214 75513
143658 75966
144469 76110
144522 75903
144412 76170
147615 77373
147462 77550
147046 77157
148050 77784
149392 78930
150115 79164
150597 79713
151923 80112
150021 79419
152229 80349
151739 80118
152269 80592
150878 79419
152889 80811
150791 79989
151939 80205
152567 80637
151881 79902
152598 80598
147430 77376
150312 79212
149951 78657
146720 77001
149535 79071
153580 80655
152424 80277
153029 80766
153166 80535
152945 81048
155708 81822
151666 79989
156539 82572
155829 82230
155635 82710
156815 82476
155958 82602
156699 83331
157692 83229
154971 82110
158038 83484
156270 83073
158427 83433
153316 81204
158077 83628
153070 80841
154258 81333
153922 80898
154384 81186
154076 80622
152380 80157
152409 80082
156591 82479
156682 82950
157902 83121
157661 83319
158742 83739
159162 84153
160780 84876
159384 83736
156773 82671
160721 84804
158014 83163
157653 82857
160297 84573
163380 86187
163178 85929
164090 86589
161849 85680
161804 85599
154848 81030
159073 83919
160228 84513
158940 83766
159411 83472
161164 84612
160496 84660
163974 86469
161334 84519
163800 86058
164540 86607
165594 87708
165700 87723
164602 86949
165241 87264
161973 85887
164602 87270
166994 88158
166194 87936
165907 87636
165141 87270
165617 87768
163431 86460
166633 87903
167024 87960
161191 84804
163210 85932
163124 85995
160809 84852
162089 85533
167430 88323
166892 88215
167581 87999
166812 87687
166560 87825
170094 89421
169178 89670
169473 89235
169338 89235
169545 89109
164967 86679
170487 89757
165438 87774
170041 89718
171193 90387
168419 88830
169646 89046
171163 90441
169383 88950
171602 90339
167850 88464
166731 87948
168252 88371
166588 87846
167557 88113
172420 90810
172524 90648
172745 90354
172677 90429
171129 90267
169002 88806
174457 91908
171094 90309
172779 91110
174713 92058
176231 93135
175288 91815
176499 93147
174272 91680
177143 92895
172415 91641
177369 93717
173969 91806
176934 93399
176950 93501
173712 91329
173103 91335
173576 91221
173483 91200
172010 90849
175253 92076
169656 89127
172611 90723
175616 92400
175601 92433
175938 92121
176830 93018
180067 94551
175825 92523
179283 94242
177062 93267
179814 94704
177007 93063
182119 96078
180801 95976
182661 96378
182643 96141
182411 96333
181521 96087
180206 95136
178692 93633
178726 93972
177069 93753
172590 90387
177305 93333
181744 95925
180679 95376
182395 96126
182900 96111
182640 96051
185659 97770
183991 97548
180301 95109
180779 95229
185103 97482
184726 97581
186237 98106
184824 98013
184960 98022
186622 98103
185356 97347
186776 98748
182778 96234
186550 98547
186370 98328
181337 95580
180197 94743
181344 94998
179920 94596
180180 94683
186146 97854
184584 96900
184295 97173
184946 96834
183590 96780
187887 98985
187732 99027
187649 98790
189523 99522
187223 99192
188078 99234
188682 98871
189640 99969
184613 97275
189515 100059
189347 99927
187364 98895
189687 99744
187613 98778
189697 99612
186358 97872
185913 98133
186100 97782
186756 98094
186292 97803
191007 100602
190327 99807
191655 100518
190403 100320
190690 100605
185800 97566
190858 100533
192966 101589
192432 100758
190603 99960
191771 100629
191718 101133
194888 102225
190976 100434
193564 101919
195383 102963
192993 101808
194709 103041
194586 102765
194415 103197
191026 100398
191361 100638
189975 99693
191070 100482
190161 99657
194895 102369
193169 102030
194313 101976
192537 100815
194041 101796
195341 102507
195998 103158
197256 104124
197739 104016
197355 104151
199511 105153
199977 104973
200749 106041
198764 104970
200937 105951
200298 106041
200271 105861
201097 105792
200297 105615
200062 105651
196510 102870
195931 103023
196078 103458
195974 102825
195752 103239
197197 103338
195686 102621
200691 105438
198534 104346
199642 105135
198329 104487
201266 106131
198106 104016
200751 105927
202055 106047
205512 107832
202455 107166
204639 107793
204032 107742
205267 107664
203613 107607
205536 108051
200594 105759
205358 108288
204213 107898
197591 103608
197475 103656
200440 105483
197394 103194
199155 104475
204070 107565
199776 104835
203495 107184
200089 104808
203143 106983
206219 108603
207000 109440
205909 108582
207503 109356
207475 109200
208148 109056
207882 109107
208826 110229
204881 108093
207896 109440
207246 108792
209738 110280
210479 110475
207077 108726
206025 108180
205742 108114
204836 107595
206762 108351
204701 107676
205486 107928
209985 110547
208060 109248
209574 110586
210413 110118
210132 110472
213290 112176
205689 108333
214039 112683
212128 112035
213670 112536
211129 111360
212681 111501
214423 113190
210555 111249
213058 112500
209391 110469
211810 111102
214825 113145
213766 112602
214405 113115
209702 110517
209825 110496
208889 109968
209406 110628
209035 109995
212517 111588
213076 112641
208468 109614
214238 112743
212584 112278
215116 112812
214205 112626
216283 113100
213181 111954
213303 111963
215383 112773
217982 114999
218613 114921
216244 113619
217671 114774
218898 115695
217781 114456
219662 115146
219751 115896
218749 115365
209827 110028
213993 112779
213955 112098
215241 112989
214118 112800
219911 115539
217508 114300
219070 114693
219788 115584
219832 115473
217395 114492
222666 117126
221462 116787
217553 114513
222732 116787
223761 117627
223362 117714
222423 117474
224095 117774
223621 117732
217045 113325
216792 113757
223226 117249
222725 117360
223855 117402
217411 113826
214580 112119
218200 114006
217432 114006
216792 112929
221483 115911
220639 115659
216799 113532
220502 115347
222104 115794
223961 117909
224011 118116
223785 117672
225263 117900
224079 117726
226419 119007
226596 119151
223061 116529
226630 119010
227065 119349
226046 118851
228435 120063
226911 119523
226728 119523
228707 120207
224104 117414
222732 116703
223135 116826
224718 117546
223307 116763
227462 119295
228043 119658
228304 119853
227577 119628
229422 120366
229169 120384
229612 120636
231633 122061
226838 118662
229684 120642
229572 120060
230574 121167
232432 122274
229490 120519
224047 117378
233085 122706
232144 122046
227393 119883
233132 122838
232983 122817
227526 119079
227935 119697
226945 119196
227520 119358
226365 118629
222763 116754
231468 121791
229703 120696
231593 121602
230320 120576
231908 121980
234062 122691
235810 124296
233196 122673
233888 122523
234614 123891
235730 123819
237660 125172
236232 123882
236142 125043
231911 121470
236391 124659
237839 125676
236766 124494
235875 124113
231712 122277
232732 122256
232819 123048
232081 121788
233821 122583
234797 123657
238549 125421
238887 126228
235918 123768
239147 126273
241665 126621
237147 124428
234811 123714
239041 125664
240312 125970
242259 127266
241836 127317
241618 127593
241562 127479
240883 126453
242322 127500
242697 127539
237331 124815
237138 124200
242840 127410
237180 124317
233522 122688
235734 123960
233663 122463
234508 122418
241485 126795
241724 126510
235650 123483
240499 126021
239382 125847
245785 129354
245864 129780
244045 128451
246101 129585
245382 129498
238740 125229
246058 129687
247189 130773
245670 129690
247977 130779
246487 129672
244107 128211
246016 129606
245038 128766
246749 130089
241541 126690
241390 126594
241638 126780
240938 125880
241329 126561
246768 129498
244417 127839
246642 129489
245327 128874
247557 129423
241324 126612
249828 131271
244373 128538
243708 128166
250192 131310
247471 131106
248864 130959
252973 132906
248906 130701
251989 132804
246413 129747
252829 132930
251967 133200
252412 132837
252459 132552
246044 129141
245305 128670
245148 128574
244588 128721
245849 128721
250137 131073
248575 129525
245131 128376
251399 131727
249765 131211
250864 131058
252005 132177
254605 133371
251802 132471
255254 133974
250701 131253
253761 133242
249880 131376
248966 130794
256090 135294
259132 136161
257524 135429
258608 136242
256473 135381
254717 134139
251738 132507
252048 132093
251825 132156
251558 131886
252587 132279
257832 135630
255337 133887
257300 135228
257908 135741
257761 135345
262262 137868
260766 137553
261404 137091
261493 137652
260640 137595
255945 134274
261698 137688
260025 136677
262106 137799
260645 137673
260141 137133
261867 137811
261327 137496
259379 136149
260390 137013
254728 133326
252559 132321
254706 133728
251109 132165
254730 133215
260887 137292
259398 136110
259831 136389
259113 135987
258900 136287
261702 137712
258051 135090
261043 137220
264124 138474
263241 138285
264386 139071
264421 138825
266206 139617
260716 137121
264389 138735
262676 138015
262723 137709
264704 139146
262613 137661
265741 139509
259254 135906
253799 132582
253719 132942
254585 132516
258960 135567
265597 138879
265121 138999
265492 139287
264391 138570
265450 139125
266642 140061
268242 141081
263115 138258
263788 138018
268026 141360
269208 141249
267052 139800
271333 142101
269300 141390
271526 142509
265446 139002
272460 142488
264357 138933
262909 137829
271230 142689
265115 138660
262836 137142
262777 137226
265069 138552
262889 137466
267663 140196
269416 140583
268578 140100
265457 138981
267547 140085
265047 138531
269881 141552
274079 143700
271024 141498
271071 141489
275846 144333
273322 143514
276387 145521
273705 143496
274721 144201
276656 145803
276295 145662
278389 146541
277084 145203
276236 145239
269775 141057
269992 141075
265594 138765
271140 141954
270841 141954
275590 144216
274478 143385
276880 145575
275621 144243
276725 145383
279984 147207
280574 147213
278909 146694
273241 143418
278773 146490
280502 147666
278738 146433
279734 147582
281194 147372
279741 147567
281832 148146
272203 142872
280889 147915
278659 146436
281260 148251
274394 143715
273714 143502
272995 143313
274433 143727
272201 142848
271992 142425
277967 145761
276297 145374
277926 145770
278427 145590
282979 148515
283522 149001
283232 148257
283543 148809
282976 148740
280762 147492
271671 142401
283379 148911
275078 144069
283529 148905
282245 148353
280082 146676
284512 148374
280407 146538
283410 148761
271029 142062
278306 145416
277548 145299
279269 145731
277909 145302
284996 149352
283104 147759
285724 149976
285749 149577
284580 149505
286627 150024
285765 150090
281195 147057
286017 149952
287619 150807
286483 149769
285107 149715
288297 151431
290663 151749
286139 149586
283132 148497
290539 152262
290730 152880
290459 152307
291027 152700
283627 148278
283723 148263
282895 148533
283581 148212
283098 147975
278220 145155
288137 150978
286261 150129
287944 150816
286875 150342
292489 153612
290437 152538
292459 154194
290810 152388
289886 152397
295028 155430
293080 154302
296156 155814
295145 155247
296297 155274
295802 155640
296326 155583
295668 155736
294513 155010
293551 153990
278501 145470
287656 151260
282702 147063
287730 151104
288056 150090
290361 152274
290567 152232
295307 154266
290742 152364
293562 154014
294415 154593
296952 156402
296497 156243
297316 156423
296686 155832
298398 157194
292002 152787
299541 157542
299846 157206
299737 157632
296140 155337
301163 157788
299691 156924
298890 157350
299280 157248
289974 151305
289704 151014
290887 151770
288432 150759
286256 149310
293190 153384
296904 155925
289123 151449
294209 153816
296091 154752
300805 157236
299445 156972
298966 156480
299619 157134
301850 157998
298295 156597
302259 158481
302877 158874
302946 158040
303578 158892
300300 157458
298903 156807
302848 158370
299762 157095
303363 159042
298070 155520
297267 155664
296234 155016
296905 155904
296411 154944
302017 158577
302776 158097
301675 158163
302044 158361
302377 158274
303018 158976
306352 160527
308257 161904
306512 161274
306867 161334
307484 162021
304150 159471
308001 162189
307480 161154
309230 162204
306793 161532
300538 157485
301435 157818
299797 156678
308266 161721
299836 157053
301198 157176
299003 156291
300003 157080
298634 156453
305963 160647
296651 154626
304560 159825
297163 154587
304876 159651
310734 161808
305050 159567
310022 162060
306170 160095
310200 162039
308297 160965
311425 162588
305510 159492
305329 159135
310716 162417
313701 164190
311755 163980
315678 164943
311742 163203
313579 164823
298295 155853
306429 160047
298755 156639
296929 155280
306307 159810
311076 162876
310638 162003
313817 164982
311576 162894
313445 164415
316668 166833
318260 166941
316863 166458
315304 164967
317552 166503
319313 167184
315672 165879
319355 167754
319371 167343
316995 166830
308585 161520
319901 167361
312218 163872
311468 163287
318486 167334
306334 159795
306356 160458
310381 162105
307213 160077
308666 161532
308324 160722
315476 164553
314938 164307
306997 160350
313882 164088
317810 166290
320343 167841
319562 167037
319171 167238
318534 166770
318027 166359
319787 167853
322976 169275
315716 165897
322949 169260
321801 168462
319527 166872
322918 169608
318988 166863
323481 169575
316702 165039
314002 164172
315868 165351
313944 164136
315875 164979
321278 168960
322209 169068
323606 169335
322533 168531
322792 169230
326149 170637
326442 170910
320773 167442
325299 170877
326587 171699
326159 170937
322951 168927
329076 172272
323264 169059
328199 172077
328775 172731
325530 170703
329959 173187
321418 168489
328856 173190
321384 167859
319249 167496
320130 167043
321149 168027
319830 166812
325163 169971
323875 169962
317467 166509
325015 169998
325605 169947
324845 169881
327909 171450
332272 173661
329298 172560
330755 173361
320931 167454
330988 172848
332379 174177
323640 169260
332392 173739
332781 174876
328683 172338
332453 174570
332674 174045
332789 174483
313367 164124
324275 170385
324695 169953
325120 170070
325371 170253
333763 175263
330114 172917
334057 174537
334640 175203
333076 174063
336346 176097
331708 173958
333623 175398
327338 171462
336260 175182
336781 176649
337040 177045
336313 176046
337571 176898
336942 176397
336379 176349
335958 176067
338473 176874
326920 171063
337168 176655
323382 169197
325210 170037
326942 170937
322593 168960
327410 171366
333266 174147
334744 175587
325851 170187
331964 173583
334966 174954
338145 177558
340159 177768
339341 178185
341198 178848
339838 178569
343733 179979
339997 178389
332838 174471
341259 178746
343603 180258
341806 178917
337412 176643
340663 177990
341765 178590
339837 178170
332301 174300
329851 171783
335387 174366
333334 174504
333438 173796
338696 176334
339474 177351
339151 177420
339057 176982
340907 177642
331963 173139
344795 179793
345394 181065
340485 178185
345061 181167
344193 180810
341322 179133
347761 182223
342509 179520
339806 178017
346877 181539
347396 181818
347886 182235
344486 180396
348611 182388
338350 176901
335711 176019
337522 176250
336597 176793
335289 175659
343263 179724
342618 179193
335476 175539
330965 172260
342239 179076
344890 180246
345403 180921
349372 183084
349599 182943
349811 183318
341817 178386
349281 182865
351561 184485
341459 178542
348930 182709
352618 185334
352458 184512
353217 185001
352069 184119
352788 184176
341428 177939
344527 180132
346588 180837
344933 179961
345393 180555
347149 181023
350212 182994
351581 184578
350106 182934
346659 181563
349036 182670
349110 182808
347982 182781
354391 185583
353929 185265
356275 187140
354142 185799
357849 187035
356309 187131
355132 187116
357138 187008
356403 187026
348867 182682
353737 184722
357172 186861
347544 181548
341915 179088
346789 181017
342323 179187
347471 180774
354971 185943
353565 185607
355033 185331
353443 185148
352616 184668
358698 186909
356534 186522
356691 185664
357523 187224
358472 187281
346777 180855
359104 187686
350930 183528
351856 183690
361169 188940
355798 185886
355882 185529
361714 188355
358807 187590
354217 185058
347661 181044
351913 183666
342861 179085
349655 182748
352326 183687
359114 187812
355134 185904
360336 188439
359220 188205
359984 188526
362988 190086
363852 190707
364271 191742
363992 190236
364815 191322
366542 191871
364683 190728
368200 192921
361804 189402
367866 192657
367957 193710
368745 193149
368616 193602
368859 193029
367876 192987
358108 187335
357690 187311
356132 186435
356930 187176
355934 185892
350821 183096
350912 183051
361055 188820
361330 189165
360897 188484
360926 188508
364534 190896
367416 193002
364948 190443
369207 193068
370838 194124
367984 192993
361307 188955
369208 193050
361893 189651
361833 189369
372524 195324
373396 195519
371589 194574
372427 195402
350493 182787
363718 189882
353172 184902
360303 187749
362387 189357
367599 192102
368128 192186
370577 194040
372500 194952
367667 192429
376092 196566
366865 191784
374796 196011
364994 191949
373696 196068
376146 196560
373003 196176
374026 196335
374914 196581
374750 195996
375615 197160
376869 197439
369237 192690
377112 197037
374442 196635
360000 187431
361782 189090
365056 191064
364684 190761
364102 190146
373292 194928
370300 193188
370978 193485
370354 193269
369775 193611
376959 197202
376730 197322
377489 197544
379076 198576
375644 196548
363494 190248
376963 196692
377757 198000
367414 192594
377447 198012
367372 192321
378266 197625
376753 196698
373091 194964
373376 194886
368232 192369
369341 193224
368637 192264
369152 192441
367461 191283
377869 197949
378360 197193
379493 197928
377149 197493
380203 198669
381149 199812
379635 197424
380997 199833
380901 198843
381436 199896
378523 196833
378597 197931
383187 200679
381335 199716
385565 201459
379201 198426
382309 199680
383802 201066
384754 201141
384185 201231
374514 195225
371646 194352
372989 194673
372856 194085
371976 194208
379789 198474
380120 198510
370797 193842
379656 198291
378779 197769
386146 201675
384662 201807
386536 201711
381900 199896
387955 202398
379353 198417
386832 202569
389945 204474
388253 202698
389279 204228
389799 203547
388626 203382
390785 204447
388105 202740
390874 203556
374765 195060
379184 197919
380493 198795
368174 191241
379577 197511
384931 200934
381736 199161
387532 202539
383836 200277
387156 201873
383889 200169
393146 204876
391142 204822
386610 202482
390533 204945
394348 206079
394750 206211
393095 206046
394029 205833
394284 205665
394750 205962
392710 205608
394623 206487
384685 200946
393950 205788
384254 199842
379562 197802
383351 200217
379019 197367
381781 199026
385704 201456
385585 200481
381388 198822
390309 203739
387135 203169
394896 206229
395003 206427
395416 207216
397039 207807
396997 207966
382570 199830
384100 199875
398302 208746
396019 206934
395293 206934
392168 204957
393954 205482
397566 208239
390297 204093
391922 204159
378791 197214
388071 202188
380997 198414
387381 201837
390910 202911
396922 207693
394918 205716
397723 207552
395884 206502
396916 206856
400723 210201
401639 210579
403235 211668
392949 205383
403145 211188
400476 208815
404610 211506
403853 211305
404446 211371
403712 211416
395130 206346
404008 211515
393271 206151
404012 210990
393732 206094
393441 205581
393267 205008
394543 205878
392661 205713
391596 204696
399636 208608
401367 209406
400004 208965
400311 208836
397805 208746
397393 206892
397924 206838
404378 210657
399483 208839
404017 210621
406800 212604
404438 211176
397075 207474
402180 209307
407434 213435
409282 214176
403895 211089
409069 214044
408935 214272
406823 213045
399955 208731
398995 208467
389446 203043
397828 208305
398039 207891
404349 210855
404835 210948
406419 213231
407308 213426
407547 213333
414170 216642
413243 216360
404026 211032
411783 215385
412096 216378
414744 217299
414080 217083
414111 216951
414349 216663
415119 217041
410833 214569
415127 217266
414181 216345
405972 211980
413467 216219
402165 209280
393089 205038
397715 207783
401045 209349
401557 209214
408491 213498
408620 213642
398982 207849
399183 208410
407968 212541
411779 215763
411780 215565
411049 215136
416720 217341
413490 215556
413032 215547
416147 217236
417701 218724
407190 212658
417981 218766
418516 218904
414108 216522
417320 218772
416114 217491
417694 218556
407356 213102
408861 213546
407543 212940
408761 212931
407052 212331
415425 216990
414513 216600
415183 217362
415411 216777
417140 217809
421776 220863
420813 219849
422170 220746
420359 219507
421446 220884
415466 217158
413279 216243
422708 221148
416771 217356
414618 216771
422990 221256
415092 216321
423754 221715
423391 221601
424068 221796
400689 207957
409492 213894
411656 214227
412439 215424
409991 213990
418428 218937
419288 219006
408951 213306
416912 218103
417637 218103
420014 219225
420500 219561
424522 222054
426589 223143
426013 223281
423221 221667
415096 216786
425819 222954
415691 216612
427137 223116
429014 224085
427091 222996
429248 223920
424159 222636
427745 223635
406244 212895
414954 217260
418170 218487
417158 218139
417061 218133
420859 219495
424379 221508
429119 224205
423843 220476
420650 219441
421247 219618
431443 225471
419305 219411
428662 223632
429738 224370
432177 226320
430874 224718
431806 226674
431923 225921
432577 226158
433937 226614
418539 218139
432732 226074
423392 221190
432037 226179
419667 218937
421842 219942
419702 218931
416437 217083
419879 218841
417818 218157
426357 222849
417301 217425
428272 223296
424599 222690
433204 226284
436369 227814
434432 226983
433332 225981
436257 227496
433383 226641
434491 227580
438168 229071
434865 227826
434426 227823
433314 226194
433413 226383
434576 227064
430516 224757
429582 224778
425539 221526
422414 220014
425313 221826
417352 216597
424008 221376
430887 225468
432862 225600
432414 225597
432883 225531
428126 222915
437799 228453
438973 229101
439838 229572
436873 228282
441075 230073
441945 230655
437403 227886
442483 230802
442111 230904
443582 231312
432918 225633
442806 231390
433902 226116
442776 231279
442964 230544
429221 224118
430807 224565
429501 223755
431787 224406
429379 224346
435676 227004
438883 228450
435331 227286
438695 228318
436318 227106
436208 227076
436442 227172
444611 232497
440562 229773
441871 230706
438367 228288
439400 229539
435552 227073
445614 232494
448241 233490
444947 231516
443955 231660
448484 233985
448502 233355
444358 231705
437500 228213
438853 228144
436065 227451
438143 228213
437533 228360
436457 227154
446279 232866
446284 232317
440834 230373
447296 232926
452129 235737
449826 235686
441499 230295
450612 235509
450766 235281
450390 235284
451116 234882
451487 235698
451352 235170
450747 236118
450965 235314
450447 234705
439943 229098
449570 234810
448694 234363
429915 223419
433145 225624
437945 227850
436414 226980
435019 227121
439560 228411
445231 231453
444731 231621
442798 230466
445021 232491
449504 233586
447719 233862
448643 233223
452763 235386
449513 233370
452444 236055
452666 235983
453817 236853
451749 234849
454188 237000
449823 234321
447958 233484
453543 236850
446506 232980
446274 232578
442451 230313
443722 231303
443064 230151
443656 231441
442484 230139
451289 235716
453258 235713
452830 235773
451138 235626
451578 235668
457358 238353
454854 236508
449270 234057
458529 239493
458280 239331
461398 240504
456566 237276
461014 240630
457845 239139
459876 240402
461510 240774
461308 240651
461032 240753
460124 239838
461094 241143
448721 233880
448096 233862
448154 233607
449047 233766
447711 232962
439423 228555
454856 236787
444175 230853
455625 237114
455223 236721
453190 236568
463320 240939
462958 241101
456889 238062
463053 241290
463280 241461
453105 236532
467089 243516
461235 241557
464769 243456
465902 243579
466787 243741
467123 244542
463835 242199
467881 244302
439740 228558
454754 237120
456415 238113
439011 228507
455514 237765
458348 238227
459743 239625
465657 243168
463650 242166
465808 243036
469945 245229
465500 243753
460234 239931
469369 244851
470171 244860
470102 245439
470433 245964
470816 246321
469878 245751
470136 245802
468991 244539
455620 237783
472285 246456
471530 245937
471972 246234
