741 486
705 477
728 495
592 357
700 453
1553 936
1638 1026
1559 933
1603 966
1494 879
2406 1488
2410 1479
2466 1488
2409 1461
2427 1503
3337 1947
3278 1905
3219 1893
3166 1806
3124 1845
4186 2448
4121 2364
4131 2412
4116 2373
4022 2367
4969 2883
4833 2781
4933 2814
4669 2613
4765 2682
5779 3282
5985 3480
5749 3282
5982 3507
5861 3318
6756 3855
6919 3999
6792 3864
6999 4035
6580 3720
7598 4314
7727 4398
7607 4326
7637 4347
7430 4188
8586 4779
8601 4845
8556 4818
8131 4515
8179 4551
9433 5268
9447 5268
9328 5241
9042 5019
9044 5025
9912 5412
10322 5754
10212 5727
9604 5298
10338 5835
11372 6498
11349 6444
11440 6414
11413 6411
10958 6150
12190 6753
11991 6654
12202 6813
11566 6315
11620 6321
13137 7380
13252 7428
13125 7386
13138 7395
12570 7014
13699 7539
13726 7557
13888 7725
12968 7056
13040 7116
15049 8379
15017 8358
15011 8448
14369 7920
14096 7812
16018 8844
16002 8829
15816 8721
14883 8187
15022 8112
16740 9276
16877 9369
16741 9237
15955 8835
16211 8880
17802 9825
17638 9774
17718 9810
17657 9681
16526 8955
18333 10200
18333 10164
18103 9906
17514 9621
17624 9735
19543 10731
19215 10566
19365 10641
19593 10845
18358 9933
20551 11301
20431 11277
20307 11160
20400 11148
19847 10836
21261 11565
20110 10878
21158 11481
21345 11802
19816 10665
21978 12183
22033 11988
22123 12099
21380 11670
21162 11469
22547 12432
22770 12456
22808 12429
21395 11607
21447 11535
24203 13260
24087 13278
24012 13218
23184 12738
23256 12666
24917 13665
25143 13890
23448 12795
25364 13920
23694 12897
25748 14037
26058 14208
25757 14049
25019 13551
25134 13728
26999 14871
26742 14565
27025 14817
25424 13776
25065 13506
26351 14256
27196 14727
27222 14775
25996 13977
25974 13965
28501 15537
28808 15801
28541 15540
26582 14364
26951 14553
29364 16086
29866 16287
29411 15999
28294 15366
28618 15606
30471 16479
30627 16680
30647 16758
28784 15459
29003 15618
31490 17076
31348 17028
31410 17019
30425 16368
30113 16374
29732 15975
31967 17199
31858 17166
29387 15771
29949 15966
32177 17451
33479 18219
33313 18273
33633 18246
32163 17352
32063 17184
33934 18351
34188 18393
32222 17376
31791 17073
35535 19197
35122 18987
35572 19293
33968 18324
33956 18297
33746 18213
36254 19710
36107 19617
34137 18429
34845 18798
35889 19362
36425 19689
36516 19794
35023 18768
34932 18903
37586 20400
37689 20328
37487 20325
35344 18882
35238 18897
38956 21111
38939 21057
38847 21102
38558 20898
37414 20151
39560 21246
39225 20982
39191 20958
40001 21741
40156 21780
40736 21993
40823 22074
40789 22002
39118 20847
38524 20730
40967 21963
40856 21897
40892 21948
40760 21921
40608 21900
42347 22689
42387 22680
42263 22746
40693 21753
40635 21846
43705 23448
43166 23160
43650 23418
40322 21396
40869 21900
44294 23850
44501 23814
44194 23670
44302 23817
42658 22773
45450 24408
45369 24318
45513 24318
42635 22719
45513 24558
43451 23229
45554 24447
44663 23931
43504 23205
43331 23250
46951 25062
47021 25209
46421 24873
43598 23274
43869 23361
48307 26094
48161 26016
48260 26259
46145 24720
45981 24495
48736 26250
48880 26238
49096 26469
46061 24420
49332 26535
50172 27000
50061 26895
50273 27030
49507 26625
47867 25650
50012 26745
50272 26820
49845 26841
46288 24582
47756 25596
52014 28071
51989 27984
52032 28104
49610 26478
49676 26667
52784 28236
53079 28452
52780 28458
52646 28194
49383 26280
54056 29127
54079 29118
54038 29100
51672 27585
51536 27471
51494 27309
54854 29409
54686 29388
54668 29274
51352 27330
54386 29112
54625 29235
54503 29172
52339 27855
52415 27924
56173 30210
56087 29982
56036 29952
56476 30300
52472 27963
57546 30825
57561 31062
57789 31170
55108 29463
55162 29490
57233 30468
58276 31236
57529 30816
54804 29151
58890 31608
59372 31857
59494 31971
59503 31926
59312 31902
56352 30015
59109 31605
55234 29151
59192 31656
58598 31314
54917 29181
60950 32682
61177 32739
61059 32715
58415 31224
58140 31056
62512 33507
62341 33447
61771 32976
62077 33486
58169 31002
62548 33552
63071 33948
63335 33972
62988 33894
60936 32487
64562 34509
64469 34584
64294 34455
59669 31839
61527 32859
61061 32505
63926 34125
63828 34044
61030 32427
60589 32292
65703 34953
65647 35061
65600 34893
60649 32070
65969 35256
66804 35640
67055 36027
66955 35874
63890 33972
64327 34296
67709 36093
67713 36090
67481 36123
63670 33903
63622 33804
68994 36915
69086 36942
68811 36939
65894 35091
65460 34983
68528 36468
68505 36390
67489 35877
63180 33408
63827 33612
70016 37263
70572 37722
69812 37302
67144 35604
67786 35901
71896 38541
72153 38697
71911 38649
67329 35853
67289 35802
72446 38637
72583 38850
72765 38916
69064 36801
69238 36963
72450 38478
73424 39225
73471 39204
68078 36096
68673 36438
71501 38022
72821 38919
71735 38043
68654 36324
72088 38082
70030 37035
74390 39525
74306 39399
70156 37170
69304 36738
72954 38817
76011 40689
75930 40632
72190 38151
72780 38541
71834 38097
73117 38736
76494 40731
71786 37980
71891 38070
77061 41025
78045 41676
76810 41004
74411 39495
77870 41580
77053 40815
76627 40680
77082 40608
72088 37953
73943 39084
79048 41922
79162 42114
79414 42060
76036 40197
76279 40338
79781 42408
79990 42657
75806 40143
74912 39504
75919 40254
82116 43746
82215 43812
82019 43713
78346 41658
78704 41706
83000 44217
83084 44256
83199 44217
77573 41124
77339 41007
81891 43569
82184 43605
81827 43401
81504 43245
78325 41331
83378 44109
83351 44115
84111 44649
77641 40974
84581 45138
84718 44889
84454 44733
84393 44865
81197 42813
81776 43401
86025 45747
86111 45645
86272 45699
86948 46374
86920 46296
87566 46572
87979 46692
87663 46488
83847 44478
88085 46863
85622 45321
86224 45510
86173 45666
79973 41940
81161 42636
88127 46509
89044 47403
88811 47223
89921 47928
85414 45162
90583 48177
90337 48042
90653 48063
84500 44598
90000 47673
91133 48300
91458 48663
91329 48606
87111 46155
90756 48087
91331 48480
92654 49371
92409 49080
92348 48972
86244 45639
90893 48213
89962 47460
90990 48027
87294 45906
86985 46074
87138 46032
92923 49221
92852 49122
87165 45663
88727 46902
94958 50490
94555 50370
94584 50244
90082 47703
90400 47847
93724 49479
94300 49746
93743 49545
95770 51126
88850 47067
91806 48399
96906 51462
95847 50703
92435 48846
92403 48882
95126 50391
95278 50412
95452 50526
88556 46587
88552 46380
98542 52374
97978 52020
97513 51693
93586 49578
93957 49572
98635 52101
99637 52854
99441 52584
92012 48258
92987 49032
100656 53352
100783 53535
100787 53496
96403 50772
100587 53319
101636 54117
95179 50133
102048 54153
94574 49935
94847 50076
99960 52806
100651 53184
99890 52863
95725 50613
96060 50568
102307 54054
100572 53172
95815 50493
94926 49833
97477 51633
99980 52737
104443 55527
104786 55851
104363 55413
99816 52914
105651 56037
105454 55863
105287 55869
98673 52197
98495 52161
106889 56871
106554 56634
106574 56820
101858 53982
101884 54072
104230 55029
105170 55617
105160 55470
103781 54810
99976 52644
107806 57201
108068 57165
102931 54258
107781 57327
103087 54501
109595 58008
109318 57981
101752 53718
102022 53667
102067 53628
109388 57657
110628 58548
110517 58533
105250 55659
105536 55728
110620 58719
103767 54561
109409 57738
102520 53805
103841 54546
107889 56934
109998 58113
109230 57762
103918 54852
102786 53727
111008 58656
111959 59193
111372 58710
104471 55068
103842 54585
113637 60297
113701 60234
114126 60567
108351 57225
108814 57396
112764 59595
113959 60144
114454 60414
115001 60990
106757 56289
115773 61353
114351 60366
115230 61257
108818 57180
110265 58071
114097 60255
114125 60063
113616 59943
106462 55845
106219 55734
115698 61212
116945 61758
116393 61461
111801 59061
111515 59100
117021 61713
117520 62214
118909 63066
109936 57795
113161 59973
119659 63273
117569 62121
119243 63123
119309 63336
114336 60600
120316 63585
120277 63612
111777 59163
111844 58983
112137 59220
118006 62613
118663 62571
118534 62628
112783 59610
112390 59172
121803 64545
120243 63765
121223 64278
112336 59034
113488 59850
121705 64137
122221 64623
123396 65208
117061 61533
117737 62019
115909 60882
123116 65094
123973 65631
115780 61032
115839 61071
124903 66327
125174 66510
125154 66555
120122 63258
119432 63201
122213 64419
123403 65217
122186 64125
113512 59550
114873 60381
124563 65658
126403 67038
125779 66291
127894 67623
119280 62850
119617 63078
128026 67908
128513 68148
119910 63096
119166 62547
129995 68814
129526 68793
129974 68886
123679 65358
123032 65079
130567 69297
130112 69327
130560 69276
129595 68679
121734 64287
126582 66687
128194 67626
126394 66519
122011 64158
122370 64383
130525 68772
130411 68814
129886 68433
121793 63900
131761 69429
131920 69555
126306 66516
132511 70032
125685 66063
126476 66612
131727 69336
131231 69198
130926 68925
133948 70917
127437 67446
132734 70110
134005 70923
134678 71154
128397 67464
128469 67635
132103 69441
132102 69432
131777 69483
130836 69096
126233 66333
135831 71640
135891 71559
135672 71709
137519 72675
129372 68073
137953 72903
138080 72960
136517 72156
126525 66480
131539 69423
136482 72114
138698 73446
137126 72540
138062 72912
136964 72252
140149 74202
140078 74262
139924 74139
129900 68466
130220 68619
137165 72201
136976 72066
137314 72330
136901 72015
130977 68760
140193 73938
130330 68388
137611 72246
128881 67521
132982 69834
140729 74031
140034 73911
141182 74514
134376 70617
133633 70305
141829 74892
141375 74478
142892 75444
142898 75612
133366 70053
143542 75786
143937 75750
143802 75870
137879 72537
136876 72132
139929 73761
141565 74460
141705 74526
130368 68202
131740 68883
144646 76260
144212 76275
144273 76239
139072 73119
137401 72537
146653 77562
143339 75600
146907 77541
136848 71928
139605 73500
147783 78012
148279 78360
148165 78435
147352 77889
141533 74583
147815 77979
149038 78801
149091 78933
147892 77835
148090 77835
146236 77013
146310 76920
144423 76068
144500 75906
139709 73359
149030 78426
148194 77994
148006 77835
139132 72801
138689 72624
151356 79902
144844 76203
151670 80175
142841 74607
144659 76137
150477 79374
149803 79104
150285 79428
141877 74610
141968 74448
152974 80715
146432 76929
152883 80817
145704 76752
145925 76893
149716 78630
149661 78876
150148 78756
140288 73416
143759 75054
152693 80283
153410 80631
152986 80388
146814 76962
154875 81594
153375 80823
156174 82554
156081 82527
146012 76407
156320 82509
155906 82233
157201 82950
157211 83136
157565 83247
150522 79353
158179 83343
157986 83472
158268 83469
147292 77253
146710 77148
151955 79884
154924 81450
154875 81330
148270 77598
148501 77649
158649 83517
157057 82596
155976 81906
146002 76401
159758 84201
159562 83988
160449 84588
159316 83817
152727 80298
152770 80112
160824 84612
160967 84663
161362 84846
150710 79185
150549 79056
162927 86130
163126 86139
162553 85995
156601 82188
163214 86208
160343 84450
157074 82557
160142 84504
159138 83520
159086 83532
161658 84966
161608 84990
162198 85041
156557 82176
156297 82353
165905 87726
166668 87648
166368 87837
166502 87684
153989 80697
166842 88161
167232 88050
166848 87957
159491 83604
159266 83754
165765 87399
167540 88197
165736 87423
154593 80898
156217 81978
164911 86640
164723 86643
161924 84987
156589 82203
157098 82470
168275 88692
167827 88338
168504 88554
169570 89385
169519 89415
160969 84351
169641 89103
169718 89088
161026 84204
161337 84747
167541 87933
169078 88932
168388 88272
172136 90891
164249 86406
170022 89280
172407 90717
171632 90351
172593 90822
164107 86022
167647 87549
167799 87945
168001 88188
167890 88164
167907 88086
172505 90531
172520 90522
172545 90492
175249 92145
165199 86436
174583 91812
173821 91287
176362 92616
161709 84432
163847 85764
174845 91794
176299 92988
176449 92898
168662 88749
169050 88917
178093 93951
178025 94011
178610 94107
178113 93720
169937 89436
174613 91995
175004 91947
172641 90633
173530 91206
166557 87381
174376 91347
165229 86367
175872 92217
178379 93894
168937 88506
179153 94281
179199 94056
180149 94866
178713 94284
179690 94296
179732 94611
179544 94482
180378 94758
168542 88164
173065 90762
182328 96096
177818 93663
181889 95814
173927 91425
174245 91491
178962 94002
177266 92961
177176 92940
166179 86922
166457 86922
174895 91971
182964 96354
180734 95010
184812 97191
175395 91827
185755 97665
185724 97818
185464 97617
172502 90534
184419 97158
185154 97548
186137 98142
185488 97866
177663 93306
177366 93306
183865 96912
172353 90579
187270 98613
174544 91461
174404 91626
181300 95343
183253 96720
180186 94194
173937 91044
174939 91698
186766 97932
186497 97953
185339 97368
187184 98463
172296 90210
188867 99360
188452 99285
188695 99162
179031 93843
179218 94014
176275 92331
176338 92385
188961 99288
190050 100278
181642 95472
189132 99561
190108 99870
190674 100092
190483 100173
181059 95100
186117 97599
174197 90915
186433 97914
173720 90840
186043 97299
190007 99486
190748 100149
191398 100287
193491 101925
183795 96345
191049 100035
191236 100134
192194 100875
193901 102096
193555 101775
191502 100380
195015 102471
194591 102354
185966 97731
194117 102108
194922 102519
194358 101961
194558 102015
181910 95370
181362 94950
192633 100926
191484 100461
190805 100218
182551 95562
189863 99249
182371 95529
195562 102828
195258 102495
179841 93978
196974 103665
189537 99423
195910 102651
195737 102750
188511 98997
190109 99609
200720 105960
198720 104553
199557 105129
186198 97419
200829 105957
200217 105264
191539 100992
201286 105846
192368 101199
191568 100416
197292 103299
197005 103248
197123 103470
179247 93528
183202 95643
200946 105570
200980 105423
200964 105456
190092 99687
191377 100314
203692 106992
202666 106254
203580 106755
189834 99126
188495 98571
205487 108141
204956 108006
205205 107991
195513 102660
204652 107658
203774 106959
205993 108336
203886 106935
192402 100527
191892 100464
201720 105861
201496 105702
198260 103752
200016 104841
192359 100677
205377 107940
205420 107694
205228 107679
191675 100059
195070 102033
207791 109386
207718 109410
208434 109365
197106 103200
207141 108456
208538 109335
207120 108879
204034 106548
192910 100614
194289 101505
206673 108444
206864 108297
209706 110286
200815 105054
198224 103638
204926 107181
205113 107604
206325 108207
191468 99873
190989 99576
211606 111405
201224 105621
209420 109836
200738 105180
212871 111558
211675 111090
198891 104229
211104 110862
199164 104364
199221 104319
211122 111075
214762 113007
214367 112752
204879 107628
205269 107691
214367 112827
214487 112839
215144 113388
200000 104886
199399 104373
209537 110205
200755 104778
210833 110487
200507 104811
208458 109059
214441 112512
215378 113169
212068 111261
197867 103632
199614 104514
212937 111375
216466 113466
216224 113505
205144 106902
207129 108483
219308 115404
216099 113394
218351 114738
218519 114678
203554 106260
219465 115221
219703 115014
219382 115245
209242 109302
219992 115344
215428 112809
213069 111447
213024 111429
198182 103188
199722 104154
219459 115134
220625 115701
218397 114372
210080 109593
207504 108357
223349 117315
223144 117081
223296 117183
208116 108918
212359 111234
223908 117405
224223 117702
224360 117588
223010 116859
213851 111768
224668 117885
220040 115002
222508 116547
206808 108141
209550 109533
219043 114255
219462 114783
219723 114762
208508 108843
210028 109602
222746 116661
222857 116523
223049 116802
208248 108429
206484 107418
226060 118629
226397 118569
225844 118524
214813 112041
216551 113244
224255 117165
224031 117168
226982 118986
227943 119721
218337 114204
226234 118380
225946 118428
228518 119871
217982 113772
217434 113763
223455 116835
223977 117042
224292 117003
223218 116667
208229 108405
228965 119598
228700 119604
228495 119601
219343 114597
219024 114480
232014 122016
232431 122154
228046 119352
213466 111603
216938 113466
222153 116346
232905 122166
232807 122127
222461 116343
222461 116409
233892 122385
234306 122541
234089 122406
217752 113832
216932 113367
229221 119976
228293 119472
228836 119577
218219 113679
217729 113400
233427 122391
231044 120783
230445 120282
234716 123471
235111 123408
226382 118497
236144 123876
234189 122772
224616 117480
225930 118554
235458 123489
235325 123369
236696 124092
219997 115038
226652 118701
237602 124842
237488 125007
237996 124689
227824 119229
226411 118572
231067 121113
230945 121140
234254 122661
215044 111804
223274 116415
235763 123447
239581 125517
237256 124347
242205 127458
242048 127509
240926 126432
239529 125556
241675 126702
224379 116895
224589 116997
242796 127572
243311 127659
243184 127749
231893 121179
229976 120486
241237 126216
243760 127797
243343 127731
224420 116814
226754 118302
235555 123018
238256 125034
235729 123213
235821 123627
222737 116103
241498 126300
224873 117180
241410 126162
225729 117510
225152 117099
243810 127959
234310 122787
246619 129639
245012 128613
234381 122835
242467 127110
232434 122025
245733 128826
248376 130965
230084 120348
243041 127608
247027 129243
246995 129549
247675 130089
236155 123603
241430 125850
242222 126471
242364 126948
226461 117789
224834 116781
246809 129063
247017 128913
246910 129357
236264 123447
235953 123252
251202 131736
251154 131928
250962 131772
230138 120156
239601 125358
252681 132636
241700 126810
251868 132546
252140 132498
241035 126561
235719 123570
253878 133197
254113 133155
235884 123078
241546 126624
246887 128967
248467 129939
247416 129069
246764 128943
236527 123450
235445 122682
252216 132405
251727 131817
253895 133239
234547 122643
255279 133767
255457 133761
255888 134361
243008 127053
242102 126723
255328 133887
254743 133683
256876 134568
238636 124836
236717 123648
259223 136131
258065 135558
245047 128259
245389 128211
246063 128772
252809 132480
253461 132558
253000 132666
247849 129387
234748 122244
259493 135783
259120 135729
258750 135801
246263 128475
257982 135087
244052 127728
256038 134223
261729 137754
260921 136977
243533 127176
261346 137001
262679 137868
262548 137691
249744 130824
249925 130920
257741 135144
262108 137640
258393 135333
241565 126033
260421 136437
254427 133104
256237 134121
253530 132300
244155 127869
248882 129879
262709 137619
261938 137289
260515 136674
244514 127842
243203 126657
263608 137841
263438 138072
263352 137994
249885 130365
251797 131715
261182 136701
263341 138006
247300 128907
266787 139851
246549 128832
266355 139293
265726 139332
263099 137625
254109 132453
251627 131112
260067 135723
261192 136290
259703 135750
258493 134919
243066 126141
265153 138588
263940 137757
264994 138501
269244 141093
254700 132651
265814 139083
270298 141699
266979 139638
251646 131403
251572 131445
267750 139989
270327 141426
270803 141879
258963 135441
258532 135078
270767 141609
252246 131577
272311 142365
252863 131670
252705 131601
252916 131700
265908 139050
266652 139191
253649 132336
262892 137397
267525 139995
267579 139860
269515 140826
273478 143019
271984 142440
272331 142296
271128 141651
274098 143391
273416 143250
261382 136653
274615 143817
273860 143397
275743 144453
256979 133914
255931 133626
276028 144402
277491 145533
277368 145749
277875 146130
264592 138180
270203 141606
268837 140472
271459 142182
268900 140475
258581 135105
277741 145407
277696 145377
273673 143280
263720 137976
264304 138381
280978 147462
279332 146397
280746 147069
280525 146844
259908 135600
281329 147708
282000 147639
281226 147708
267647 140235
268346 140439
280978 147009
280022 146859
282297 148323
280720 147159
268846 140877
272745 142725
273393 142671
274516 143931
262762 137139
263475 137790
279566 146196
279635 146253
279941 146124
260872 135840
260111 135666
282710 147753
283298 148215
284115 148926
281112 147051
269788 141183
277093 144525
281461 146931
282633 147666
284698 149355
284709 149298
280833 146325
283541 148182
283772 148311
284803 149013
270835 141078
278628 145206
278908 145878
278964 145575
259462 134952
266538 138978
285211 149130
285230 149106
286013 149220
272913 142659
272776 142332
288662 150651
288390 150792
288450 150879
288393 150975
267809 139527
286112 149238
289623 151557
289410 151275
289706 151494
276905 144447
290994 152436
291709 152445
291054 152562
269974 140985
277500 144867
284714 149085
284347 148962
284116 148131
271364 141747
270561 141480
285517 149124
287973 150846
284696 148320
264644 137592
268957 140169
289063 151068
289967 151614
291577 152901
278862 145617
281128 146784
292739 153603
293295 153624
294603 154488
275056 143697
274924 143676
296017 155352
296537 155307
296665 155325
283012 148278
282496 147672
289493 151101
289675 151140
286194 149403
286452 149493
268794 139887
295207 154389
295180 154551
295210 154488
296655 155331
278097 144765
298493 156414
298557 156468
299244 156522
277800 145239
278170 145170
300083 157446
300313 157389
299842 157176
285989 149730
286162 149697
297937 156180
300444 157026
300317 157611
276988 144387
279645 145899
293185 152823
293905 153843
289363 151098
279991 145911
280555 146256
300834 157149
296877 155286
296006 154242
276595 143964
276205 143826
302193 158037
301849 158238
295894 154416
287031 150003
288730 150783
301320 157626
300865 157113
297638 155376
304247 159291
281614 146625
300339 156849
303440 158757
304256 159216
289668 150993
289849 150807
296817 155064
298013 155517
297264 155106
276650 144084
276339 143649
302611 158142
302981 158157
302546 158073
304923 159717
289664 151335
308306 161778
308804 161538
308353 161391
283787 147636
294824 153870
308496 161523
304782 159873
308621 161529
294444 154011
294251 153834
308911 161547
308266 161058
307855 160947
288061 150189
309095 161712
301487 157554
301211 157452
301575 157575
287899 149763
287687 149787
304913 159339
305780 159387
303815 158445
311811 163365
288110 149889
306014 159636
309698 161619
311047 162339
296597 154611
293662 152730
311210 162522
310571 162159
311360 162303
291260 151482
313487 164313
299161 156258
313773 164208
313321 164025
300149 156687
299565 156765
301557 157131
307271 160812
304075 158640
282249 146430
285068 148530
314370 164580
314305 164691
314362 164409
317263 166299
296277 154596
319027 166887
316754 165759
318722 166890
296012 154470
301729 157287
320228 167658
320623 167790
320007 167418
317219 166377
302862 158535
320458 168159
320632 167907
320366 167988
318657 166536
319345 167058
313222 163401
313704 163746
312432 163293
309465 161400
298600 155427
315825 164568
315364 164472
315621 164385
295505 153636
294415 153411
320018 167292
319982 167334
319356 166692
318898 166350
305278 159351
320116 167127
316663 165342
321647 167910
323345 169473
323416 169341
324003 169566
324150 169500
323731 169497
323301 168822
308224 161106
315328 164706
315803 164646
316883 165156
315523 164445
294655 153381
322170 168507
323249 168675
322525 168411
309791 161961
309218 161130
305520 159411
320908 167610
328317 171543
300951 156663
327711 171759
323748 169221
327193 171423
330095 172770
313208 163776
324764 169353
330736 173376
330846 173268
329821 173394
329690 172656
315589 164892
322087 168243
322806 168747
321796 167976
307085 160296
307428 160497
327782 171675
327854 171747
327136 170796
301489 156825
304675 158949
329311 171888
329213 171738
331762 173298
314798 164340
316755 165600
328463 171480
328711 171414
329178 171621
331647 173298
332247 173484
333851 174912
332732 174123
332521 173973
318132 166047
333387 174309
323399 168450
325370 170130
326424 170484
322943 168222
303035 157284
330837 172401
335305 175308
330211 172359
337055 176484
318775 166704
336277 175734
312790 162771
335784 175320
312632 162693
312102 162342
338479 176943
338277 177096
338491 177012
335838 175710
321589 167646
337170 176397
337011 176118
334071 174195
336313 175602
315030 164163
315312 164241
316147 164667
324979 169080
313048 163047
315871 164604
336763 175662
335201 175248
310242 161106
335460 175122
337259 175887
340221 177708
340047 177804
338358 176571
322516 168030
324882 169470
336875 175593
339925 177486
341674 178608
314633 164175
317993 165966
338144 176805
341523 178239
338198 176538
322300 168189
325718 170088
310861 161640
333866 174120
334527 174291
311165 161424
311262 161505
337309 175332
339429 176385
339334 176511
325270 169224
344961 179760
342004 177861
345812 180513
338246 176382
317156 164997
330425 172332
346649 181143
346437 180975
346706 180900
332011 173478
341487 178404
347815 181416
346338 180459
347524 181560
347692 181419
324568 168858
339466 176982
339439 176781
338948 176583
336891 175605
324007 168372
322459 167640
330557 171963
340775 177705
318553 165507
322479 167796
334779 174693
345329 179712
350666 183324
333567 173679
330782 172470
348712 181524
349578 182181
349893 182679
326672 169791
353451 184959
352618 184677
352596 184563
352979 184554
353869 185082
355740 185973
346200 180771
343960 179235
343850 179295
317230 164805
321457 167163
336584 175716
350949 183279
348408 181665
336530 175410
336489 175470
355100 185574
333142 173607
357560 187065
332400 173190
330328 172035
358772 187161
357933 187359
358131 187038
353587 184848
341301 178020
357749 187158
358405 187302
358035 187125
333697 173583
340727 177825
345809 179844
349695 182286
344030 179043
333158 173520
327771 170019
356978 186543
356200 185778
354129 185112
332049 172821
358908 187437
356234 185886
358459 186753
339457 176838
357032 186135
341391 177774
354580 184596
354074 184734
359066 187587
331581 172716
345219 180192
356847 185628
360286 187707
356371 185910
344502 179361
362420 189141
353059 183849
350818 182469
352883 183597
327033 169725
326908 169395
360238 187611
360153 187524
343120 178629
362998 189801
343746 179019
361883 188733
362157 188778
366929 191826
335843 174732
340496 177348
366563 191406
366813 191865
367538 192411
367051 192096
351099 183471
369241 193467
360513 188610
369966 193632
342362 178554
342098 178578
358470 186981
360677 188322
358593 187338
342545 178629
342518 178638
365564 190746
365412 190515
358189 186504
366845 191640
346169 180570
363862 189900
368612 192258
362982 189318
367752 192078
351834 183315
369829 192987
367736 191919
370808 193905
345385 180048
344242 178683
373027 194910
371829 194391
372601 194778
355973 185460
353486 184449
359978 187434
359918 187365
360216 187521
360853 187929
360756 187776
367901 192117
368481 192036
373108 194649
354229 184506
375108 196233
375434 196407
376585 196653
375268 196053
350407 182439
350725 182457
376188 196419
376076 196407
376780 196596
357612 186321
358303 186834
375876 195906
377734 197328
371776 193881
351638 183090
359039 187104
366337 190566
369056 192480
366368 191136
364304 189801
362419 188712
344816 178905
372085 193977
373120 194775
374374 195177
345526 179748
375333 195669
377617 197160
378258 197700
375583 196239
360628 188286
370670 193083
374556 195255
376129 196059
347814 180678
351731 182520
372461 194265
378364 197478
377900 197133
360684 187689
358903 186879
369184 192039
344478 178827
370361 192642
344310 179112
345054 179295
378323 196929
377950 196911
377979 197475
362083 189060
384438 201138
375443 194985
381797 198945
377899 196392
382991 200163
364631 189756
384072 200175
383682 200562
384210 200184
366494 191559
365955 190956
384540 200316
384362 200538
384558 200292
358820 186639
368252 192069
358056 186162
375649 195618
375172 195102
358198 186342
357658 186051
378569 196860
382278 199677
380830 197988
385678 201537
356449 185328
382641 199068
382120 199056
383930 200028
368040 191874
370895 193170
387982 202239
386445 201411
386558 201402
361864 188550
362693 188643
372286 194373
389979 203715
390501 203679
391849 204714
392206 204654
379221 196857
381606 198519
381351 198597
349873 181530
354046 183858
388280 202308
388090 202356
388102 202020
370347 192705
369701 192435
393395 204927
391066 203676
392839 205173
364102 189147
390961 203994
395883 206460
395174 206103
393493 205155
392463 204837
373306 194544
391732 204054
391719 204180
391422 204129
367828 191853
368341 191829
381302 198198
385520 201060
384590 200355
368371 191421
368024 191442
392266 204564
390657 203751
389539 202803
364916 189870
371789 193188
396793 206931
396302 206718
396562 206922
393728 205338
377523 196650
393301 204996
390467 203307
391156 203451
399182 208743
369895 192510
392783 204543
398960 207600
398250 207780
380847 198306
399363 208602
390477 202983
390348 203484
390815 202866
364011 188859
388197 202512
399168 207756
398210 207747
397780 207030
403171 210327
380324 197745
403868 211434
404531 211392
404500 211497
405358 211584
375889 195786
386482 201627
398409 208113
398747 207582
385298 200934
385990 200955
404576 211338
403918 211311
405229 211515
375919 195705
376455 195867
396487 206589
376615 196251
394441 205668
391804 204069
377043 196224
400839 209166
403757 210687
398539 208062
368412 191454
383239 199464
399524 207453
403131 209991
406534 212064
380667 197892
386703 201393
406114 211362
403853 209790
406099 211380
378829 197085
378661 196578
408975 213195
408290 213054
409072 213000
387673 201999
388668 202401
395719 205797
390016 202953
371019 192561
396165 206085
379726 197601
404782 210906
403882 210177
404739 210798
389175 202695
389987 203124
414715 216288
413876 216186
414700 216180
385340 200862
394316 205434
413503 215859
415840 217044
416105 217143
395926 206463
395198 206007
409731 213324
411276 214893
409425 213384
382514 199176
395176 206019
398914 207141
404257 209991
405205 210957
401671 208917
386507 201009
410302 213867
382678 198795
408569 212292
382824 198786
379422 196704
414442 216054
393142 204966
414539 216198
393710 204762
416293 217212
414851 215886
415112 216030
410539 213924
419286 218943
388506 202026
417904 217833
418470 218241
417515 217956
417952 218208
397572 207138
409271 212985
409710 213102
409013 213141
380130 197562
380223 197409
415781 216573
416410 216609
415820 216615
422237 220398
397557 207360
417959 217209
423451 220896
414688 215781
424599 221322
394119 205092
416885 216939
422702 220506
417834 217623
422608 220365
397261 206361
423886 221394
413012 215034
424507 221619
393548 204909
393723 204735
414154 215724
414830 215673
414521 215517
393742 205068
394407 205356
417726 217260
422236 219930
420261 218946
423611 221250
392152 203904
419532 218682
425053 221643
427650 223002
407761 212280
407376 212427
421707 219624
423863 220560
426050 222021
428848 223560
396198 205980
424897 221640
425239 221763
427220 222999
408545 213072
406984 211413
419571 218880
409321 213000
414820 215757
383731 199260
416397 216528
423883 221400
430017 224850
424582 220836
409191 213309
409655 213786
429534 223428
431577 225306
432338 225249
400615 208389
429477 223557
434253 226614
434266 226605
433966 226608
413059 215133
412459 215208
429384 224085
434317 226719
433967 226425
403068 209538
431483 224799
424045 220680
424314 220872
424442 220884
402924 209538
403915 209937
429950 224076
430122 224112
427099 222534
400565 207978
400068 207531
434551 226326
433662 225273
434515 226371
433590 225486
415058 215595
433639 225873
433258 225837
426044 221679
401800 208920
405511 211290
430917 224178
436558 227583
431759 224646
416757 216741
416378 216720
426704 221775
426845 221403
427569 221664
395166 204609
392997 203952
432416 224901
432076 224898
432932 225219
412093 213564
414150 215067
434982 226101
434688 226104
434072 225717
409418 212682
409507 212835
443137 231351
438073 227946
442638 230541
422593 220098
422711 220170
444305 231951
443986 231135
442361 230862
442552 230472
411838 214107
433663 225414
433600 225507
433610 225393
412386 214566
412216 214419
440818 229308
439910 229296
439211 228159
443406 230514
442667 230508
444586 231306
444375 231732
446986 232938
422883 219858
422603 219867
415482 215856
442098 230304
444122 231081
415630 215877
424468 220827
448207 233214
448063 233517
447144 232758
428030 222981
426687 221436
433651 225522
438654 228093
434018 225714
434087 225636
416095 216339
426800 221898
448938 233721
425701 221247
426017 221388
426878 221916
452669 235953
453046 235995
453033 236046
422108 218922
430580 223806
430195 223893
451648 235014
451789 235497
430845 223962
430280 223893
451480 235005
452443 235026
444831 230802
419811 217911
419726 217932
442496 229554
440900 229023
438513 227535
435449 226080
420840 218094
449134 233559
439451 228567
446443 232029
450228 234258
418088 217089
451491 234738
452063 234885
450583 233859
448716 233298
448997 233298
450447 233838
449883 233841
450395 233757
417941 216633
456144 237045
448721 233085
454260 236472
454095 236295
432640 224802
452333 234909
444167 230451
444118 230511
443854 230169
442013 229593
413078 213903
451000 234816
451921 234891
451935 234747
459275 239091
459124 238947
459965 239448
460784 239568
460258 239748
461792 240582
438748 228303
456162 237543
461041 239826
461074 240051
440118 229056
439779 228951
462060 240690
462791 241275
462200 240468
428572 222621
439606 228555
452856 235416
450777 234060
448596 232971
429959 223089
429183 222942
431412 223620
448186 232542
456018 237135
421304 218061
425877 221022
455950 236949
460571 240087
455651 237060
439289 228078
461523 240627
463990 240933
463181 240840
464454 241647
433282 224751
432552 224727
466630 243708
466919 243294
466801 243066
445969 232008
444472 231339
451763 235053
446458 232338
454653 236097
424265 220203
424169 220020
466476 242826
459514 239061
460848 239853
444727 231459
444813 231552
469109 243978
472224 245943
471295 245727
436502 226872
434863 226356
471929 245835
471775 245991
472273 245688
465895 242346
446378 231864
474200 247116
473771 246894
467857 243777
468914 244338
468462 244038
