178 273
176 273
175 270
170 255
165 231
378 591
371 567
369 561
372 570
367 549
566 846
569 870
576 894
562 849
562 849
768 1158
762 1140
771 1179
760 1143
767 1164
974 1485
968 1467
975 1497
962 1443
953 1425
1172 1782
1158 1731
1171 1785
1164 1758
1147 1704
1369 2082
1373 2091
1364 2058
1367 2073
1357 2043
1574 2403
1567 2376
1568 2379
1564 2364
1557 2343
1767 2673
1774 2694
1750 2622
1764 2664
1752 2631
1970 2991
1969 2982
1952 2931
1961 2964
1966 2979
2172 3297
2163 3264
2161 3264
2159 3258
2157 3252
2364 3567
2358 3549
2364 3573
2357 3552
2349 3522
2569 3888
2564 3864
2563 3870
2564 3873
2539 3789
2769 4188
2767 4182
2755 4149
2753 4140
2746 4110
2961 4464
2956 4449
2963 4470
2949 4431
2957 4452
3146 4713
3162 4770
3153 4743
3140 4701
3163 4779
3367 5085
3372 5097
3364 5082
3352 5037
3358 5058
3571 5397
3559 5361
3551 5337
3553 5343
3549 5331
3759 5661
3756 5649
3739 5598
3751 5634
3754 5637
3952 5940
3961 5973
3957 5952
3950 5934
3947 5925
4172 6306
4166 6288
4154 6246
4155 6246
4159 6261
4355 6555
4353 6543
4359 6570
4351 6546
4362 6570
4567 6894
4552 6846
4558 6855
4559 6870
4549 6831
4764 7182
4765 7188
4744 7116
4751 7143
4755 7158
4966 7482
4951 7446
4948 7428
4947 7431
4937 7395
5154 7752
5163 7770
5152 7740
5160 7770
5165 7785
5353 8043
5358 8064
5357 8061
5349 8037
5342 8010
5570 8400
5563 8382
5548 8334
5551 8337
5552 8337
5756 8652
5755 8646
5754 8652
5757 8661
5758 8664
5959 8967
5954 8952
5961 8976
5960 8973
5960 8970
6160 9273
6163 9279
6155 9258
6158 9264
6149 9237
6351 9546
6364 9582
6359 9570
6355 9564
6349 9540
6567 9894
6544 9822
6542 9807
6559 9876
6556 9858
6763 10182
6757 10161
6748 10134
6758 10167
6750 10143
6969 10500
6956 10458
6959 10467
6959 10470
6942 10419
7164 10785
7157 10770
7158 10767
7149 10737
7145 10725
7360 11073
7338 11007
7361 11076
7356 11067
7357 11070
7566 11397
7553 11358
7553 11358
7546 11331
7542 11316
7755 11655
7753 11652
7750 11640
7746 11637
7756 11661
7964 11991
7951 11946
7950 11940
7940 11913
7945 11934
8161 12273
8165 12285
8137 12210
8133 12189
8145 12234
8347 12540
8354 12561
8359 12570
8346 12522
8354 12555
8555 12855
8561 12882
8559 12876
8537 12810
8547 12840
8764 13191
8753 13149
8755 13164
8753 13152
8756 13158
8954 13461
8962 13485
8953 13452
8951 13443
8948 13443
9158 13764
9153 13749
9156 13767
9153 13752
9149 13737
9354 14052
9351 14052
9363 14088
9354 14061
9342 14025
9551 14352
9539 14307
9553 14358
9556 14367
9556 14367
9753 14649
9754 14652
9754 14661
9750 14649
9748 14634
9951 14946
9958 14973
9944 14934
9941 14922
9951 14952
10162 15285
10160 15279
10162 15285
10151 15252
10156 15258
10353 15558
10345 15525
10349 15549
10322 15456
10351 15552
10551 15837
10547 15840
10560 15879
10548 15843
10549 15846
10753 16152
10761 16185
10754 16164
10747 16140
10751 16146
10957 16470
10954 16461
10949 16446
10949 16446
10947 16440
11158 16767
11146 16737
11146 16731
11158 16773
11145 16737
11359 17076
11353 17058
11342 17025
11344 17025
11349 17046
11566 17397
11551 17346
11541 17325
11560 17382
11543 17322
11764 17694
11748 17643
11759 17676
11738 17616
11748 17643
11963 17991
11958 17973
11954 17952
11937 17913
11955 17964
12153 18258
12152 18255
12148 18246
12156 18267
12142 18225
12355 18564
12355 18564
12349 18546
12348 18543
12348 18534
12548 18837
12565 18894
12537 18810
12550 18852
12553 18858
12748 19137
12754 19164
12749 19149
12748 19143
12749 19146
12950 19452
12956 19470
12943 19428
12948 19443
12937 19410
13161 19785
13153 19752
13157 19761
13143 19722
13150 19740
13343 20028
13350 20058
13361 20085
13345 20037
13354 20064
13560 20382
13542 20328
13545 20325
13551 20352
13549 20346
13741 20613
13755 20664
13747 20643
13751 20652
13754 20670
13958 20973
13943 20937
13957 20970
13957 20973
13959 20979
14157 21270
14156 21261
14154 21261
14144 21234
14141 21222
14355 21564
14355 21567
14353 21558
14345 21528
14345 21534
14558 21882
14559 21876
14557 21873
14544 21840
14550 21858
14762 22194
14745 22137
14760 22182
14748 22152
14722 22065
14943 22428
14956 22476
14951 22461
14948 22437
14948 22446
15161 22785
15138 22722
15151 22752
15149 22746
15151 22761
15357 23073
15349 23049
15353 23061
15343 23037
15344 23040
15559 23385
15543 23328
15532 23304
15546 23337
15545 23334
15755 23667
15742 23634
15753 23658
15738 23616
15751 23652
15960 23979
15943 23931
15948 23952
15952 23958
15956 23967
16149 24249
16157 24279
16143 24231
16156 24276
16146 24246
16357 24579
16353 24561
16349 24555
16333 24489
16349 24546
16561 24891
16557 24879
16547 24843
16529 24795
16544 24840
16744 25140
16747 25143
16739 25116
16743 25131
16736 25110
16948 25446
16950 25452
16946 25446
16942 25434
16937 25413
17153 25767
17149 25758
17158 25776
17159 25776
17157 25773
17357 26079
17352 26055
17349 26058
17352 26064
17346 26037
17553 26358
17558 26376
17558 26382
17524 26280
17537 26319
17764 26700
17744 26634
17724 26574
17740 26628
17744 26634
17958 26982
17940 26919
17953 26958
17944 26934
17957 26979
18150 27258
18140 27222
18153 27267
18146 27246
18136 27207
18354 27570
18338 27522
18324 27471
18349 27555
18347 27552
18558 27882
18545 27837
18538 27816
18538 27822
18542 27816
18742 28128
18750 28158
18750 28149
18748 28155
18743 28137
18943 28431
18954 28464
18949 28458
18945 28446
18927 28389
19142 28728
19144 28731
19155 28767
19153 28767
19139 28716
19336 29010
19345 29043
19348 29052
19338 29013
19349 29058
19544 29334
19550 29361
19545 29343
19555 29373
19544 29334
19757 29670
19750 29658
19761 29694
19748 29652
19741 29634
19940 29922
19937 29910
19949 29955
19947 29952
19943 29940
20137 30213
20157 30282
20149 30255
20147 30243
20153 30270
20351 30552
20355 30576
20336 30516
20342 30534
20352 30564
20548 30852
20532 30798
20559 30888
20554 30873
20549 30858
20752 31164
20748 31146
20755 31173
20738 31122
20736 31110
20942 31437
20950 31449
20951 31461
20936 31416
20944 31434
21149 31755
21145 31743
21140 31728
21148 31752
21149 31749
21352 32064
21325 31983
21356 32076
21337 32010
21350 32061
21557 32382
21550 32358
21549 32355
21545 32334
21522 32265
21756 32676
21744 32643
21745 32637
21754 32670
21736 32601
21957 32982
21958 32973
21946 32949
21951 32961
21949 32955
22164 33300
22146 33249
22135 33204
22146 33249
22149 33255
22346 33540
22357 33579
22356 33576
22352 33567
22325 33483
22549 33855
22557 33882
22548 33855
22533 33801
22534 33810
22753 34167
22762 34197
22740 34128
22742 34134
22737 34113
22956 34476
22950 34452
22933 34398
22936 34410
22929 34398
23144 34743
23155 34773
23152 34767
23152 34764
23141 34731
23350 35058
23344 35043
23345 35046
23346 35046
23348 35052
23561 35391
23551 35364
23540 35322
23555 35364
23543 35337
23754 35670
23754 35670
23745 35646
23741 35625
23751 35664
23967 36012
23948 35952
23941 35925
23952 35964
23934 35910
24140 36231
24154 36273
24142 36237
24141 36225
24146 36249
24362 36594
24354 36570
24342 36534
24341 36534
24335 36513
24555 36873
24555 36873
24535 36816
24536 36816
24530 36798
24752 37167
24748 37143
24735 37107
24738 37122
24743 37140
24961 37491
24948 37446
24954 37470
24949 37449
24934 37410
25160 37797
25153 37767
25148 37755
25132 37689
25138 37725
25343 38037
25340 38031
25350 38049
25348 38055
25345 38043
25552 38355
25545 38334
25536 38316
25548 38352
25548 38355
25750 38658
25750 38652
25756 38679
25743 38637
25743 38637
25951 38952
25944 38943
25953 38967
25941 38934
25942 38934
26152 39267
26152 39267
26135 39216
26146 39249
26147 39258
26353 39570
26341 39534
26347 39552
26345 39543
26338 39522
26560 39891
26552 39864
26545 39843
26549 39858
26537 39822
26751 40164
26749 40155
26741 40131
26741 40125
26747 40149
26940 40428
26943 40437
26950 40467
26947 40452
26955 40482
27151 40761
27145 40743
27155 40776
27141 40740
27125 40686
27354 41073
27354 41073
27332 40998
27343 41040
27346 41046
27557 41388
27544 41343
27551 41361
27547 41349
27536 41316
27738 41613
27753 41661
27744 41640
27747 41652
27733 41607
27950 41949
27932 41904
27946 41946
27945 41952
27931 41895
28156 42276
28151 42264
28163 42306
28149 42255
28151 42261
28357 42582
28349 42564
28350 42561
28333 42507
28327 42489
28558 42891
28546 42846
28552 42873
28535 42822
28553 42876
28758 43191
28733 43107
28733 43098
28747 43152
28751 43155
28943 43437
28948 43443
28952 43473
28941 43434
28942 43434
29166 43809
29150 43758
29144 43740
29149 43764
29135 43716
29351 44064
29338 44022
29352 44067
29351 44064
29339 44028
29563 44406
29550 44367
29550 44367
29544 44349
29540 44331
29754 44670
29748 44652
29752 44673
29745 44643
29727 44592
29958 44982
29942 44943
29952 44973
29951 44970
29942 44937
30142 45234
30145 45243
30136 45216
30152 45273
30137 45228
30346 45555
30358 45591
30352 45573
30337 45513
30352 45573
30545 45846
30555 45876
30551 45861
30541 45834
30545 45843
30750 46167
30749 46164
30751 46161
30751 46170
30736 46116
30947 46452
30943 46446
30930 46398
30949 46458
30939 46428
31152 46773
31146 46749
31149 46758
31138 46725
31141 46734
31354 47079
31359 47085
31347 47052
31337 47022
31339 47025
31558 47385
31559 47394
31549 47364
31522 47268
31548 47361
31744 47649
31754 47670
31752 47667
31748 47661
31741 47640
31948 47952
31943 47946
31953 47970
31935 47916
31936 47919
32157 48282
32134 48210
32146 48246
32147 48258
32150 48267
32351 48564
32357 48588
32353 48576
32344 48540
32342 48534
32552 48873
32540 48831
32546 48849
32538 48825
32532 48804
32754 49173
32730 49101
32749 49158
32754 49179
32738 49131
32929 49398
32950 49461
32937 49419
32948 49461
32952 49473
33135 49707
33152 49773
33123 49686
33148 49761
33150 49767
33337 50022
33351 50064
33344 50040
33344 50049
33342 50034
33544 50343
33534 50310
33536 50319
33544 50349
33536 50319
33746 50646
33746 50655
33758 50691
33731 50601
33745 50646
33952 50964
33952 50967
33939 50925
33946 50955
33944 50940
34154 51279
34159 51294
34142 51243
34140 51237
34139 51228
34348 51552
34338 51531
34350 51558
34338 51522
34332 51513
34551 51870
34544 51840
34539 51825
34539 51834
34548 51852
34763 52206
34744 52149
34748 52161
34741 52140
34753 52176
34954 52479
34942 52446
34953 52476
34946 52446
34938 52425
35146 52746
35147 52752
35137 52722
35137 52722
35151 52773
35347 53058
35350 53061
35355 53076
35346 53055
35331 53004
35540 53337
35543 53340
35549 53364
35541 53334
35541 53331
35753 53676
35746 53646
35748 53655
35743 53640
35750 53670
35956 53985
35946 53958
35950 53958
35949 53967
35948 53961
36161 54300
36152 54276
36139 54228
36148 54252
36125 54186
36344 54549
36354 54582
36348 54561
36335 54522
36342 54543
36545 54843
36551 54870
36549 54864
36540 54840
36526 54789
36733 55107
36747 55158
36733 55116
36742 55137
36732 55113
36960 55488
36935 55422
36946 55455
36940 55431
36938 55422
37140 55740
37140 55728
37135 55707
37136 55719
37149 55767
37354 56079
37346 56055
37331 56004
37345 56052
37346 56058
37540 56337
37551 56373
37549 56364
37547 56340
37540 56331
37757 56688
37745 56643
37748 56661
37738 56625
37744 56640
37945 56946
37953 56976
37950 56967
37947 56949
37937 56919
38145 57246
38149 57264
38149 57255
38147 57258
38142 57237
38352 57564
38335 57525
38349 57558
38335 57513
38338 57531
38548 57861
38539 57828
38545 57852
38535 57816
38545 57852
38758 58191
38745 58152
38741 58134
38749 58167
38738 58131
38938 58434
38947 58458
38938 58425
38949 58455
38939 58434
39155 58782
39138 58731
39144 58740
39153 58770
39145 58755
39353 59076
39334 59019
39339 59025
39343 59037
39341 59034
39558 59385
39540 59337
39544 59340
39532 59307
39539 59334
39745 59655
39746 59655
39745 59646
39750 59667
39731 59604
39935 59922
39949 59967
39941 59940
39935 59913
39940 59937
40148 60261
40150 60267
40121 60171
40127 60192
40139 60225
40334 60519
40345 60555
40345 60546
40347 60558
40346 60546
40557 60891
40552 60873
40546 60855
40536 60816
40542 60843
40757 61179
40744 61143
40735 61122
40739 61137
40726 61086
40959 61494
40940 61437
40948 61464
40951 61470
40954 61482
41130 61701
41140 61740
41138 61731
41140 61728
41138 61722
41350 62061
41351 62070
41332 62007
41343 62040
41343 62046
41557 62388
41556 62385
41541 62340
41527 62289
41554 62382
41751 62673
41756 62685
41747 62652
41740 62631
41719 62574
41928 62901
41935 62922
41946 62958
41943 62949
41928 62901
42155 63285
42144 63252
42160 63300
42148 63261
42142 63237
42348 63561
42349 63564
42348 63561
42321 63474
42333 63516
42547 63861
42542 63843
42542 63843
42551 63861
42539 63834
42733 64116
42751 64164
42748 64164
42753 64179
42742 64143
42955 64485
42933 64416
42939 64437
42939 64437
42933 64416
43144 64752
43155 64785
43144 64740
43142 64743
43151 64770
43366 65118
43346 65049
43349 65067
43341 65040
43344 65040
43547 65358
43539 65334
43547 65358
43541 65340
43546 65358
43746 65646
43740 65628
43736 65616
43726 65589
43743 65640
43946 65958
43944 65949
43939 65934
43937 65928
43944 65952
44145 66252
44147 66261
44123 66186
44128 66201
44132 66213
44344 66549
44345 66546
44347 66552
44349 66567
44335 66522
44541 66840
44553 66879
44546 66846
44539 66834
44546 66858
44745 67152
44732 67113
44748 67161
44740 67137
44745 67155
44960 67497
44940 67437
44930 67401
44927 67398
44939 67434
45136 67725
45150 67770
45145 67752
45146 67755
45133 67707
45354 68079
45350 68070
45346 68055
45349 68064
45333 68016
45548 68364
45555 68385
45547 68358
45541 68334
45544 68352
45750 68670
45738 68625
45739 68634
45727 68598
45723 68586
45952 68976
45945 68943
45953 68979
45955 68982
45952 68973
46151 69261
46148 69261
46151 69270
46131 69204
46132 69216
46351 69573
46349 69567
46326 69489
46342 69543
46325 69483
46545 69855
46542 69834
46541 69834
46537 69831
46531 69810
46749 70167
46749 70164
46751 70173
46733 70116
46744 70152
46937 70428
46951 70473
46943 70446
46938 70434
46933 70407
47148 70755
47154 70779
47146 70746
47137 70731
47132 70707
47341 71040
47350 71070
47345 71055
47339 71028
47334 71019
47555 71382
47550 71358
47532 71304
47527 71298
47529 71304
47733 71607
47747 71661
47750 71670
47740 71637
47730 71598
47950 71967
47952 71976
47950 71967
47934 71919
47943 71946
48138 72231
48147 72258
48137 72231
48145 72252
48142 72234
48353 72576
48348 72561
48343 72549
48348 72555
48337 72522
48543 72846
48540 72840
48555 72882
48533 72819
48541 72840
48755 73185
48743 73146
48748 73161
48750 73167
48752 73176
48957 73488
48944 73452
48951 73473
48929 73404
48938 73431
49135 73722
49146 73758
49136 73725
49137 73731
49123 73689
49344 74052
49352 74076
49345 74055
49332 74007
49335 74016
49557 74379
49551 74370
49544 74352
49541 74343
49543 74346
49743 74646
49736 74628
49754 74682
49730 74601
49739 74628
49960 74997
49961 75000
49950 74967
49935 74922
49945 74946
50156 75285
50138 75231
50134 75222
50137 75231
50149 75264
50340 75540
50352 75573
50346 75558
50337 75531
50335 75525
50555 75882
50543 75849
50544 75849
50536 75828
50538 75834
50747 76158
50752 76173
50743 76146
50724 76083
50741 76134
50944 76452
50923 76389
50950 76467
50944 76452
50943 76449
51140 76740
51145 76755
51135 76722
51137 76731
51132 76713
51357 77091
51339 77034
51350 77070
51322 76986
51338 77031
51535 77325
51550 77367
51525 77292
51504 77229
51533 77316
51749 77664
51746 77655
51735 77622
51727 77589
51727 77598
51944 77952
51942 77943
51944 77949
51951 77979
51938 77931
52143 78246
52149 78267
52150 78270
52142 78252
52135 78222
52351 78579
52349 78567
52353 78576
52333 78519
52336 78525
52525 78786
52550 78867
52549 78867
52543 78849
52528 78804
52726 79086
52733 79116
52733 79107
52738 79134
52736 79128
52946 79458
52935 79416
52939 79434
52946 79449
52949 79464
53140 79740
53120 79677
53150 79770
53135 79722
53146 79758
53363 80106
53344 80049
53347 80067
53335 80022
53344 80052
53537 80328
53543 80349
53532 80313
53540 80337
53530 80310
53735 80622
53736 80625
53746 80655
53749 80667
53734 80622
53950 80967
53938 80922
53950 80970
53941 80940
53932 80907
54154 81288
54150 81267
54128 81201
54142 81252
54123 81180
54354 81573
54338 81531
54342 81546
54355 81591
54320 81468
54538 81831
54545 81855
54530 81807
54543 81855
54547 81858
54747 82158
54733 82116
54749 82173
54735 82122
54726 82095
54945 82455
54953 82476
54941 82443
54938 82434
54936 82428
55146 82758
55147 82758
55137 82719
55137 82728
55141 82743
55348 83061
55335 83022
55329 82998
55342 83034
55329 83004
55537 83328
55544 83358
55538 83331
55549 83367
55553 83376
55754 83688
55733 83616
55732 83613
55743 83649
55742 83643
55948 83964
55943 83949
55938 83931
55947 83958
55940 83937
56134 84219
56139 84234
56148 84261
56141 84243
56139 84234
56345 84552
56342 84543
56352 84573
56349 84564
56339 84525
56543 84849
56543 84849
56544 84852
56541 84849
56534 84819
56734 85113
56727 85101
56737 85131
56718 85074
56744 85152
56942 85437
56949 85467
56951 85473
56942 85452
56945 85461
57131 85713
57133 85710
57152 85782
57144 85752
57139 85737
57339 86034
57345 86061
57338 86034
57338 86022
57335 86025
57550 86367
57545 86355
57550 86370
57526 86286
57542 86346
57745 86652
57748 86661
57743 86646
57741 86640
57734 86622
57947 86961
57936 86925
57921 86880
57924 86892
57945 86955
58141 87240
58147 87258
58146 87258
58137 87231
58135 87225
58351 87579
58336 87528
58347 87558
58349 87567
58333 87519
58547 87861
58540 87837
58540 87837
58543 87849
58545 87861
58760 88206
58743 88155
58743 88155
58734 88128
58735 88122
58948 88461
58951 88470
58932 88416
58939 88437
58940 88437
59150 88770
59144 88758
59142 88752
59123 88689
59097 88611
59325 88995
59339 89037
59351 89073
59320 88986
59313 88947
59534 89319
59550 89367
59538 89331
59528 89310
59541 89343
59742 89652
59749 89673
59750 89676
59745 89661
59737 89637
59941 89943
59943 89955
59948 89964
59937 89931
59929 89904
60133 90219
60137 90237
60136 90216
60147 90261
60146 90264
60348 90564
60331 90510
60343 90546
60339 90534
60346 90564
60550 90870
60544 90858
60531 90810
60543 90849
60529 90813
60755 91191
60740 91140
60733 91119
60716 91065
60742 91152
60937 91437
60936 91419
60933 91416
60927 91401
60949 91467
61121 91683
61148 91770
61136 91725
61140 91740
61124 91689
61352 92082
61345 92055
61334 92022
61334 92019
61344 92049
61540 92340
61556 92394
61541 92343
61540 92340
61538 92334
61746 92658
61745 92661
61732 92622
61739 92634
61727 92601
61944 92958
61931 92910
61940 92940
61942 92943
61940 92946
62144 93249
62151 93273
62147 93261
62141 93243
62141 93249
62360 93600
62349 93564
62346 93558
62322 93483
62346 93555
62557 93897
62540 93837
62547 93861
62541 93843
62522 93774
62749 94173
62754 94179
62746 94155
62750 94170
62749 94167
62943 94449
62948 94461
62935 94425
62948 94470
62939 94443
63152 94776
63142 94746
63137 94728
63142 94752
63143 94749
63349 95073
63345 95055
63336 95025
63339 95043
63333 95019
63539 95334
63542 95343
63535 95322
63538 95334
63540 95346
63738 95631
63743 95646
63723 95589
63714 95562
63736 95634
63937 95928
63943 95946
63929 95913
63929 95913
63934 95928
64145 96255
64135 96222
64149 96264
64152 96282
64145 96261
64336 96525
64337 96531
64340 96546
64341 96543
64339 96537
64553 96876
64533 96819
64541 96849
64539 96834
64543 96846
64759 97203
64737 97128
64748 97164
64730 97101
64739 97137
64950 97470
64930 97416
64934 97422
64937 97431
64942 97452
65140 97746
65128 97695
65141 97740
65139 97743
65127 97698
65340 98046
65338 98031
65331 98010
65334 98028
65344 98049
65540 98346
65534 98328
65549 98367
65551 98370
65549 98373
65757 98697
65745 98661
65745 98655
65738 98640
65735 98622
65943 98949
65942 98943
65951 98973
65948 98961
65938 98931
66155 99291
66150 99270
66121 99183
66143 99255
66139 99243
66353 99585
66343 99555
66343 99549
66342 99543
66339 99543
66550 99870
66539 99837
66534 99819
66549 99876
66536 99816
66751 100179
66750 100167
66753 100179
66748 100164
66738 100140
66941 100440
66952 100482
66947 100461
66935 100422
66930 100410
67142 100746
67138 100731
67150 100767
67137 100728
67142 100752
67333 101025
67336 101034
67337 101031
67334 101019
67346 101064
67541 101343
67550 101376
67535 101325
67545 101352
67537 101331
67737 101628
67730 101607
67741 101640
67737 101631
67736 101634
67946 101955
67939 101937
67946 101964
67948 101964
67933 101925
68147 102267
68149 102267
68136 102228
68142 102243
68132 102225
68342 102552
68345 102555
68341 102543
68336 102528
68342 102552
68543 102849
68546 102864
68537 102828
68548 102870
68538 102840
68753 103185
68733 103119
68745 103155
68704 103029
68740 103146
68951 103479
68937 103428
68944 103452
68949 103473
68928 103410
69152 103782
69138 103731
69141 103743
69143 103749
69123 103689
69341 104049
69342 104052
69336 104025
69339 104037
69343 104046
69557 104397
69538 104340
69549 104373
69540 104346
69540 104346
69745 104661
69751 104670
69743 104649
69733 104616
69742 104652
69933 104925
69942 104952
69948 104961
69942 104946
69944 104952
70134 105228
70148 105270
70142 105252
70122 105183
70132 105216
70334 105522
70332 105513
70338 105534
70332 105513
70340 105546
70553 105885
70533 105819
70518 105771
70543 105849
70533 105825
70751 106179
70739 106134
70741 106149
70740 106146
70744 106149
70944 106449
70933 106419
70924 106398
70938 106440
70926 106404
71140 106740
71142 106743
71139 106743
71141 106743
71137 106728
71356 107085
71339 107037
71346 107064
71342 107052
71340 107046
71542 107337
71553 107385
71548 107373
71532 107322
71539 107337
71726 107595
71740 107646
71734 107622
71745 107661
71743 107649
71943 107955
71949 107964
71920 107877
71940 107937
71929 107907
72135 108225
72149 108273
72132 108216
72138 108231
72147 108267
72345 108564
72343 108555
72339 108537
72329 108513
72328 108504
72546 108858
72539 108843
72537 108840
72530 108807
72537 108837
72733 109116
72735 109125
72735 109125
72729 109113
72747 109167
72948 109464
72942 109452
72942 109443
72924 109398
72936 109434
73137 109740
73151 109779
73142 109746
73134 109731
73136 109734
73334 110028
73346 110055
73334 110019
73345 110052
73339 110043
73544 110349
73551 110379
73552 110382
73530 110307
73538 110331
73733 110619
73732 110622
73741 110652
73728 110610
73725 110592
73941 110940
73951 110979
73940 110940
73948 110970
73942 110952
74136 111234
74133 111219
74146 111258
74134 111219
74109 111147
74342 111552
74346 111558
74343 111555
74333 111525
74328 111510
74556 111897
74541 111849
74547 111867
74520 111786
74535 111831
74742 112152
74748 112173
74728 112101
74751 112182
74736 112128
74939 112437
74944 112449
74944 112461
74934 112428
74947 112467
75145 112755
75140 112746
75137 112731
75142 112746
75136 112734
75345 113061
75347 113061
75341 113043
75341 113049
75330 113016
75535 113334
75548 113370
75538 113334
75535 113331
75542 113343
75750 113676
75736 113634
75742 113646
75731 113619
75731 113613
75945 113955
75943 113955
75940 113946
75939 113943
75936 113934
76150 114267
76134 114213
76145 114261
76130 114216
76137 114237
76347 114567
76333 114525
76335 114522
76342 114552
76317 114477
76553 114888
76536 114828
76542 114846
76534 114822
76532 114816
76751 115170
76746 115167
76730 115116
76739 115143
76735 115131
76941 115449
76945 115461
76944 115458
76938 115440
76932 115422
77154 115788
77147 115761
77148 115770
77145 115761
77138 115740
77352 116082
77349 116076
77348 116070
77338 116040
77322 115992
77548 116370
77541 116349
77524 116292
77536 116334
77535 116331
77749 116673
77741 116643
77732 116622
77725 116601
77743 116655
77949 116973
77938 116934
77940 116946
77937 116937
77924 116889
78144 117243
78139 117243
78124 117198
78130 117210
78121 117189
78336 117528
78329 117513
78342 117552
78335 117525
78328 117504
78534 117822
78552 117882
78547 117867
78530 117816
78527 117807
78728 118110
78730 118116
78737 118128
78738 118143
78752 118185
78947 118470
78946 118455
78934 118419
78935 118431
78931 118410
79130 118716
79128 118710
79141 118752
79144 118758
79134 118728
79351 119082
79338 119040
79354 119088
79341 119043
79321 118980
79547 119370
79545 119355
79541 119349
79549 119373
79529 119313
79747 119670
79738 119640
79742 119643
79719 119583
79737 119628
79943 119958
79939 119937
79942 119952
79939 119934
79937 119937
80135 120231
80142 120234
80148 120261
80135 120234
80147 120267
80351 120579
80330 120516
80333 120528
80336 120525
80325 120501
80537 120828
80537 120837
80543 120855
80545 120861
80533 120825
80742 121143
80753 121185
80750 121176
80745 121164
80744 121152
80934 121422
80925 121401
80937 121428
80940 121446
80946 121464
81138 121734
81149 121773
81145 121764
81140 121740
81138 121734
81332 122022
81332 122022
81335 122034
81343 122055
81337 122040
81534 122319
81544 122361
81550 122370
81543 122355
81524 122298
81741 122649
81733 122619
81743 122655
81723 122586
81720 122580
81939 122937
81940 122937
81937 122940
81907 122850
81927 122901
82135 123222
82132 123222
82145 123264
82138 123240
82125 123204
82328 123510
82342 123552
82340 123546
82333 123528
82334 123522
82543 123849
82550 123867
82548 123873
82526 123804
82545 123861
82734 124119
82731 124110
82715 124065
82745 124164
82738 124143
82936 124434
82950 124476
82940 124449
82937 124428
82942 124452
83141 124743
83154 124791
83126 124704
83122 124686
83139 124743
83344 125058
83338 125040
83346 125067
83344 125058
83346 125067
83554 125391
83522 125286
83533 125325
83531 125319
83538 125331
83736 125634
83747 125667
83748 125670
83737 125640
83714 125559
83940 125937
83946 125958
83939 125943
83938 125931
83935 125931
84131 126213
84133 126216
84134 126222
84135 126234
84133 126219
84327 126507
84343 126546
84336 126534
84348 126570
84334 126519
84545 126861
84543 126855
84533 126825
84535 126831
84537 126840
84748 127170
84745 127161
84745 127161
84732 127122
84746 127164
84942 127452
84942 127446
84941 127452
84940 127437
84931 127413
85161 127812
85142 127743
85129 127713
85136 127725
85131 127719
85334 128028
85345 128064
85341 128052
85343 128055
85347 128070
85547 128367
85556 128394
85533 128325
85521 128274
85532 128322
85746 128664
85749 128673
85742 128652
85739 128637
85707 128550
85934 128928
85929 128916
85939 128946
85946 128964
85934 128922
86130 129207
86142 129246
86150 129279
86123 129198
86115 129171
86337 129528
86341 129540
86340 129546
86343 129546
86325 129492
86546 129864
86548 129870
86548 129873
86545 129861
86539 129846
86744 130161
86749 130173
86748 130170
86743 130155
86748 130164
86940 130446
86947 130458
86933 130419
86931 130422
86935 130431
87143 130758
87135 130734
87145 130761
87136 130737
87126 130704
87343 131058
87321 130971
87342 131055
87333 131025
87332 131025
87545 131361
87552 131385
87552 131382
87525 131301
87528 131310
87741 131652
87730 131619
87742 131652
87729 131604
87737 131637
87949 131973
87942 131955
87939 131937
87937 131928
87937 131940
88145 132264
88149 132273
88138 132243
88126 132207
88141 132252
88347 132567
88348 132573
88328 132510
88326 132504
88333 132528
88532 132822
88525 132795
88527 132789
88534 132819
88525 132801
88717 133071
88745 133164
88741 133152
88739 133143
88738 133143
88924 133398
88944 133458
88939 133443
88942 133452
88940 133446
89152 133785
89146 133755
89146 133764
89139 133737
89150 133779
89341 134043
89345 134064
89351 134082
89351 134082
89327 134010
89550 134376
89536 134334
89542 134352
89544 134358
89530 134307
89746 134664
89738 134631
89743 134655
89734 134619
89741 134652
89930 134916
89944 134952
89936 134934
89923 134889
89937 134937
90129 135213
90126 135204
90150 135276
90128 135213
90136 135228
90352 135582
90338 135543
90347 135567
90345 135564
90340 135549
90545 135861
90533 135825
90545 135861
90530 135807
90516 135765
90737 136137
90748 136170
90739 136146
90739 136143
90744 136152
90952 136482
90942 136446
90936 136437
90939 136446
90925 136401
91126 136698
91142 136755
91141 136752
91153 136788
91122 136692
91351 137082
91338 137040
91341 137040
91341 137049
91338 137040
91554 137388
91542 137352
91533 137328
91543 137358
91536 137337
91747 137667
91745 137664
91723 137586
91725 137604
91738 137643
91937 137931
91944 137958
91945 137961
91945 137961
91925 137901
92150 138276
92123 138195
92144 138258
92134 138228
92126 138204
92339 138546
92341 138552
92345 138564
92341 138552
92347 138567
92544 138858
92537 138831
92543 138858
92544 138861
92528 138810
92736 139134
92733 139125
92746 139164
92747 139167
92746 139167
92944 139458
92957 139500
92951 139473
92933 139428
92935 139431
93148 139770
93127 139707
93148 139773
93125 139701
93130 139707
93346 140064
93354 140088
93326 140004
93334 140028
93341 140049
93544 140352
93548 140373
93542 140352
93527 140301
93534 140331
93732 140622
93731 140622
93747 140670
93744 140661
93745 140661
93930 140919
93935 140931
93940 140946
93938 140940
93933 140925
94147 141267
94151 141282
94142 141252
94138 141240
94128 141213
94350 141579
94337 141540
94319 141483
94324 141498
94335 141522
94556 141897
94550 141879
94534 141819
94537 141831
94541 141843
94735 142125
94738 142140
94734 142131
94750 142176
94731 142122
94953 142485
94942 142452
94937 142428
94936 142437
94949 142473
95125 142701
95134 142722
95144 142758
95138 142734
95129 142707
95346 143064
95347 143070
95343 143055
95347 143067
95330 143007
95540 143349
95551 143382
95544 143358
95543 143358
95537 143337
95750 143679
95752 143685
95727 143607
95741 143652
95741 143649
95935 143922
95931 143919
95937 143937
95939 143946
95943 143958
96141 144252
96143 144258
96151 144279
96135 144234
96112 144165
96346 144564
96348 144570
96340 144546
96327 144510
96334 144528
96547 144867
96541 144849
96546 144864
96536 144837
96533 144825
96754 145188
96747 145170
96730 145119
96732 145125
96722 145083
96952 145482
96952 145485
96919 145383
96935 145434
96936 145437
97151 145779
97142 145752
97137 145737
97144 145758
97129 145713
97344 146058
97352 146082
97336 146034
97338 146043
97334 146031
97541 146352
97527 146307
97545 146361
97540 146349
97538 146343
97715 146571
97756 146694
97744 146658
97736 146634
97734 146628
97951 146979
97946 146964
97945 146961
97943 146958
97927 146910
98150 147276
98134 147231
98145 147261
98134 147219
98135 147231
98353 147585
98343 147555
98336 147534
98341 147552
98326 147507
98539 147837
98543 147858
98549 147873
98545 147861
98532 147825
98735 148134
98746 148164
98727 148101
98732 148122
98736 148125
98944 148461
98923 148395
98933 148419
98931 148422
98941 148452
99132 148722
99149 148776
99138 148734
99139 148743
99118 148683
99354 149091
99335 149031
99344 149058
99337 149037
99340 149049
99550 149376
99533 149325
99542 149352
99543 149355
99535 149334
99742 149655
99749 149673
99734 149631
99733 149625
99728 149610
99946 149967
99934 149931
99941 149943
99930 149916
99929 149907
