172 261
162 213
179 285
172 261
168 252
369 561
368 561
376 582
370 567
371 567
577 897
567 864
565 852
567 864
564 849
779 1200
771 1179
750 1113
763 1146
765 1158
972 1488
959 1443
958 1446
965 1461
949 1413
1164 1764
1153 1731
1167 1767
1159 1749
1164 1764
1365 2061
1371 2088
1363 2061
1361 2055
1363 2064
1579 2418
1554 2325
1566 2373
1566 2373
1556 2343
1762 2667
1761 2649
1759 2649
1756 2640
1749 2628
1963 2961
1961 2955
1964 2967
1968 2985
1956 2949
2174 3303
2152 3240
2156 3240
2167 3282
2161 3264
2361 3564
2365 3576
2363 3570
2361 3558
2358 3546
2567 3882
2552 3837
2562 3861
2550 3825
2557 3852
2770 4194
2759 4161
2764 4176
2757 4155
2759 4158
2959 4461
2956 4449
2959 4461
2950 4422
2962 4470
3166 4779
3167 4782
3151 4734
3157 4755
3159 4767
3368 5094
3357 5052
3361 5073
3356 5058
3359 5058
3560 5361
3555 5355
3557 5355
3551 5337
3558 5355
3759 5661
3770 5700
3759 5667
3761 5664
3760 5661
3962 5976
3967 5982
3960 5964
3935 5886
3954 5946
4158 6258
4167 6282
4156 6258
4133 6183
4158 6258
4354 6537
4367 6591
4348 6528
4364 6585
4366 6588
4553 6843
4560 6870
4559 6870
4559 6870
4556 6858
4751 7134
4752 7146
4756 7149
4755 7158
4753 7143
4954 7446
4954 7455
4959 7458
4956 7461
4949 7437
5158 7764
5156 7758
5157 7764
5156 7761
5164 7782
5355 8058
5357 8061
5359 8070
5357 8064
5342 8019
5553 8343
5563 8382
5564 8385
5553 8340
5556 8358
5757 8664
5755 8655
5761 8673
5747 8631
5755 8655
5969 8997
5960 8970
5961 8976
5957 8964
5955 8958
6163 9270
6165 9288
6162 9279
6166 9291
6152 9246
6351 9534
6355 9558
6360 9570
6359 9570
6343 9513
6549 9837
6562 9879
6558 9867
6553 9849
6548 9837
6762 10176
6757 10161
6748 10143
6745 10125
6751 10143
6964 10482
6955 10455
6942 10416
6944 10422
6950 10440
7163 10788
7153 10752
7163 10782
7150 10749
7151 10743
7360 11073
7366 11097
7353 11052
7351 11043
7356 11067
7556 11361
7549 11346
7553 11352
7549 11346
7539 11307
7766 11697
7757 11661
7752 11649
7752 11655
7750 11649
7958 11967
7958 11973
7953 11958
7956 11967
7946 11931
8171 12303
8151 12243
8154 12261
8158 12267
8153 12249
8355 12564
8357 12561
8358 12573
8365 12597
8351 12552
8564 12891
8555 12864
8554 12852
8562 12885
8550 12849
8752 13146
8758 13167
8751 13146
8746 13137
8750 13140
8961 13485
8954 13461
8958 13473
8944 13431
8939 13410
9156 13767
9160 13779
9160 13779
9154 13761
9142 13725
9346 14031
9361 14085
9352 14055
9352 14058
9350 14049
9547 14340
9559 14379
9562 14385
9557 14373
9547 14325
9767 14700
9764 14694
9759 14679
9755 14667
9756 14667
9955 14964
9961 14982
9932 14886
9959 14976
9947 14934
10164 15294
10159 15279
10159 15276
10151 15252
10156 15270
10356 15570
10360 15582
10356 15567
10351 15555
10356 15570
10552 15858
10561 15876
10554 15861
10544 15831
10549 15849
10734 16101
10749 16137
10745 16128
10746 16128
10747 16140
10957 16473
10957 16473
10944 16422
10957 16473
10948 16434
11158 16773
11151 16755
11157 16770
11156 16761
11131 16683
11342 17025
11358 17076
11353 17058
11356 17070
11348 17043
11546 17331
11549 17349
11546 17331
11540 17313
11551 17343
11757 17670
11752 17658
11764 17694
11743 17619
11753 17658
11960 17982
11952 17955
11940 17919
11948 17934
11951 17955
12155 18264
12148 18243
12151 18255
12141 18216
12151 18255
12339 18507
12355 18567
12359 18576
12353 18561
12347 18540
12551 18855
12558 18873
12560 18879
12549 18846
12552 18855
12750 19149
12761 19191
12743 19131
12742 19125
12739 19116
12959 19479
12953 19458
12949 19449
12937 19410
12954 19464
13160 19788
13153 19761
13161 19791
13143 19728
13144 19722
13350 20052
13349 20049
13328 19974
13355 20064
13341 20025
13560 20388
13544 20325
13551 20352
13538 20322
13551 20352
13758 20676
13760 20682
13751 20652
13748 20646
13743 20628
13954 20970
13956 20976
13954 20961
13954 20970
13938 20922
14157 21273
14148 21243
14159 21279
14146 21240
14142 21225
14359 21585
14361 21582
14352 21546
14334 21504
14335 21504
14567 21900
14561 21891
14545 21837
14550 21858
14543 21819
14755 22164
14752 22158
14745 22128
14750 22152
14747 22143
14955 22464
14939 22419
14952 22455
14956 22467
14947 22440
15147 22740
15143 22731
15153 22767
15141 22722
15138 22722
15353 23058
15352 23064
15353 23067
15353 23067
15355 23067
15564 23391
15548 23343
15536 23310
15560 23379
15541 23331
15748 23646
15742 23634
15760 23688
15752 23664
15751 23652
15958 23973
15950 23952
15929 23886
15940 23919
15934 23910
16159 24279
16156 24267
16143 24231
16137 24213
16151 24255
16342 24534
16347 24543
16357 24573
16343 24531
16343 24528
16558 24876
16546 24837
16544 24834
16553 24861
16555 24867
16761 25185
16748 25146
16749 25149
16733 25098
16748 25143
16947 25440
16936 25407
16945 25437
16952 25464
16952 25464
17166 25797
17158 25782
17143 25737
17146 25746
17138 25716
17353 26061
17339 26019
17353 26070
17350 26052
17353 26067
17548 26346
17535 26304
17553 26358
17550 26352
17544 26340
17743 26631
17748 26655
17753 26667
17744 26640
17739 26628
17940 26922
17941 26925
17949 26955
17925 26874
17949 26955
18161 27285
18153 27267
18155 27267
18139 27225
18148 27252
18332 27489
18357 27579
18354 27570
18334 27504
18354 27570
18564 27903
18540 27822
18544 27834
18556 27870
18552 27864
18767 28209
18744 28140
18739 28125
18742 28125
18752 28167
18961 28485
18927 28380
18950 28458
18946 28449
18937 28413
19153 28767
19142 28725
19153 28767
19156 28776
19144 28740
19344 29034
19360 29088
19341 29025
19348 29052
19333 28998
19556 29370
19555 29373
19551 29352
19545 29346
19548 29346
19750 29658
19744 29640
19752 29664
19745 29643
19748 29652
19952 29964
19955 29976
19940 29919
19933 29901
19934 29904
20147 30243
20155 30273
20152 30264
20138 30216
20130 30198
20353 30567
20337 30510
20347 30549
20350 30549
20348 30555
20551 30864
20548 30843
20549 30855
20558 30885
20547 30852
20762 31194
20755 31173
20753 31167
20740 31122
20742 31134
20946 31446
20947 31449
20952 31455
20959 31485
20941 31434
21151 31761
21145 31743
21152 31758
21148 31752
21129 31698
21339 32019
21344 32040
21346 32049
21345 32034
21344 32031
21564 32400
21537 32310
21549 32346
21533 32298
21545 32346
21747 32643
21756 32676
21749 32655
21735 32595
21745 32646
21950 32958
21947 32943
21954 32961
21936 32919
21955 32973
22149 33255
22141 33231
22150 33258
22142 33237
22139 33228
22350 33561
22351 33564
22341 33531
22347 33549
22351 33561
22562 33894
22537 33813
22545 33843
22543 33837
22544 33834
22760 34191
22750 34158
22731 34092
22748 34152
22749 34158
22955 34476
22951 34464
22952 34467
22949 34458
22943 34440
23147 34749
23132 34707
23155 34773
23145 34734
23137 34713
23353 35070
23353 35067
23346 35049
23347 35052
23341 35034
23551 35364
23556 35379
23542 35334
23521 35262
23558 35385
23748 35646
23735 35604
23737 35613
23732 35607
23755 35676
23958 35985
23946 35946
23948 35955
23946 35937
23943 35931
24157 36279
24147 36249
24163 36300
24140 36228
24147 36249
24345 36546
24353 36570
24347 36552
24357 36579
24341 36531
24548 36843
24547 36852
24548 36855
24548 36855
24543 36840
24758 37191
24758 37185
24753 37170
24749 37149
24735 37116
24947 37449
24942 37437
24945 37443
24948 37452
24952 37464
25139 37728
25149 37755
25151 37764
25155 37773
25150 37761
25356 38079
25351 38061
25359 38088
25333 38007
25331 38004
25541 38331
25540 38319
25544 38331
25546 38346
25548 38361
25756 38679
25761 38691
25753 38667
25729 38598
25746 38646
25948 38952
25957 38988
25932 38907
25940 38931
25943 38940
26152 39267
26146 39249
26152 39264
26135 39213
26141 39234
26348 39555
26345 39546
26361 39594
26359 39594
26347 39549
26552 39864
26553 39867
26552 39867
26544 39840
26550 39861
26752 40173
26756 40185
26751 40161
26746 40149
26745 40143
26956 40476
26941 40434
26941 40431
26940 40431
26945 40443
27159 40785
27143 40740
27141 40731
27136 40719
27140 40728
27351 41061
27349 41058
27341 41034
27335 41022
27325 40986
27553 41367
27550 41358
27552 41367
27543 41337
27542 41325
27740 41637
27759 41685
27742 41637
27745 41643
27758 41691
27956 41985
27955 41976
27939 41925
27938 41916
27952 41967
28161 42300
28132 42207
28152 42273
28136 42216
28133 42210
28360 42591
28349 42558
28358 42585
28350 42561
28333 42516
28546 42849
28556 42879
28553 42876
28548 42855
28553 42876
28742 43134
28749 43164
28748 43155
28751 43161
28708 43035
28950 43461
28946 43449
28952 43473
28935 43416
28941 43440
29146 43749
29146 43749
29143 43737
29149 43758
29143 43746
29350 44061
29344 44043
29346 44049
29322 43977
29338 44022
29549 44355
29541 44334
29555 44376
29543 44346
29542 44337
29754 44679
29743 44637
29741 44625
29747 44658
29738 44622
29957 44988
29935 44916
29949 44958
29949 44949
29946 44946
30142 45234
30139 45234
30156 45276
30155 45282
30124 45189
30343 45537
30354 45573
30357 45582
30337 45513
30356 45576
30545 45852
30558 45891
30541 45834
30551 45864
30546 45849
30755 46176
30749 46155
30758 46185
30756 46185
30735 46113
30952 46473
30958 46491
30944 46443
30946 46446
30935 46416
31145 46743
31138 46731
31140 46737
31143 46746
31135 46713
31345 47043
31346 47046
31346 47049
31326 46995
31339 47025
31541 47340
31540 47331
31545 47343
31534 47310
31549 47364
31749 47664
31759 47685
31746 47646
31740 47637
31743 47646
31949 47964
31948 47952
31950 47958
31947 47952
31951 47964
32137 48228
32148 48255
32148 48252
32135 48213
32140 48237
32354 48573
32356 48576
32338 48525
32343 48546
32336 48525
32540 48831
32554 48879
32552 48864
32548 48861
32539 48828
32751 49161
32747 49158
32750 49167
32737 49122
32731 49104
32954 49479
32955 49473
32930 49398
32946 49449
32938 49422
33156 49776
33144 49749
33146 49749
33140 49737
33125 49686
33361 50103
33346 50049
33347 50052
33339 50028
33331 50004
33545 50346
33554 50379
33542 50337
33556 50385
33534 50310
33725 50586
33735 50616
33738 50625
33751 50670
33740 50631
33944 50949
33958 50991
33945 50952
33953 50979
33931 50901
34146 51246
34148 51255
34127 51198
34147 51258
34135 51213
34345 51552
34331 51501
34342 51543
34346 51558
34346 51555
34543 51846
34545 51852
34550 51867
34545 51846
34540 51837
34756 52179
34753 52176
34750 52167
34741 52140
34734 52119
34938 52422
34956 52476
34947 52452
34949 52464
34946 52455
35160 52800
35153 52779
35137 52719
35141 52743
35148 52755
35351 53070
35349 53058
35350 53061
35342 53037
35344 53049
35533 53316
35535 53307
35543 53346
35548 53352
35537 53328
35746 53649
35761 53700
35745 53652
35741 53640
35752 53673
35958 53991
35952 53973
35950 53967
35957 53988
35947 53958
36149 54255
36140 54231
36149 54264
36138 54231
36137 54228
36343 54546
36328 54492
36345 54552
36336 54516
36348 54561
36555 54882
36548 54855
36547 54852
36547 54858
36550 54867
36738 55131
36754 55179
36740 55137
36737 55119
36746 55149
36958 55482
36950 55467
36945 55452
36930 55401
36934 55419
37142 55743
37154 55779
37155 55782
37134 55719
37156 55785
37344 56043
37337 56022
37345 56052
37357 56079
37323 55986
37535 56322
37549 56364
37540 56331
37546 56355
37543 56337
37748 56664
37739 56628
37744 56649
37750 56667
37741 56640
37959 56994
37931 56910
37931 56910
37944 56943
37947 56958
38144 57240
38156 57285
38135 57213
38151 57264
38119 57168
38348 57561
38345 57555
38343 57549
38346 57555
38338 57522
38548 57864
38543 57837
38549 57864
38515 57762
38542 57843
38726 58089
38746 58149
38745 58146
38743 58146
38742 58137
38952 58473
38949 58458
38942 58446
38939 58434
38912 58344
39147 58758
39151 58770
39149 58764
39153 58776
39131 58701
39360 59100
39353 59070
39342 59037
39339 59037
39336 59019
39541 59331
39558 59391
39557 59388
39554 59382
39529 59304
39758 59694
39729 59604
39751 59673
39741 59640
39732 59607
39927 59889
39945 59955
39948 59955
39943 59946
39943 59946
40158 60294
40114 60159
40145 60252
40141 60240
40127 60198
40359 60588
40349 60558
40351 60573
40358 60594
40342 60528
40540 60831
40548 60861
40544 60849
40539 60828
40538 60831
40748 61164
40752 61173
40738 61122
40740 61137
40739 61134
40936 61425
40947 61458
40944 61449
40935 61413
40943 61446
41140 61722
41138 61734
41142 61746
41137 61722
41145 61755
41354 62079
41339 62034
41336 62025
41345 62052
41331 62010
41540 62337
41550 62361
41551 62370
41548 62364
41552 62376
41738 62634
41755 62685
41748 62661
41744 62643
41735 62622
41959 62985
41929 62898
41941 62931
41954 62979
41952 62973
42146 63258
42145 63255
42145 63252
42138 63231
42137 63222
42345 63546
42350 63567
42331 63510
42348 63561
42329 63495
42552 63873
42559 63897
42552 63873
42535 63825
42537 63831
42751 64170
42745 64152
42740 64128
42747 64158
42720 64080
42950 64467
42940 64437
42934 64419
42950 64467
42928 64404
43149 64764
43126 64686
43151 64770
43143 64746
43138 64722
43348 65061
43337 65028
43347 65061
43344 65043
43328 64995
43559 65394
43542 65343
43551 65370
43541 65340
43545 65355
43748 65664
43745 65643
43750 65667
43745 65655
43737 65622
43954 65979
43943 65949
43938 65934
43940 65940
43947 65958
44152 66276
44149 66267
44142 66243
44144 66249
44141 66240
44348 66561
44350 66561
44345 66555
44341 66540
44333 66516
44541 66831
44548 66861
44549 66864
44536 66825
44533 66816
44752 67173
44744 67143
44754 67179
44733 67107
44744 67149
44947 67458
44943 67449
44956 67488
44936 67425
44935 67413
45135 67716
45159 67788
45147 67761
45129 67698
45140 67737
45350 68067
45339 68034
45334 68019
45337 68028
45342 68043
45546 68355
45543 68346
45553 68376
45538 68334
45542 68346
45742 68646
45751 68673
45756 68688
45722 68583
45744 68649
45941 68940
45933 68919
45929 68907
45931 68910
45943 68946
46154 69279
46143 69249
46140 69237
46145 69252
46151 69270
46348 69561
46331 69510
46345 69552
46347 69558
46345 69555
46544 69843
46534 69822
46548 69861
46551 69870
46549 69864
46751 70170
46749 70164
46757 70188
46743 70149
46754 70182
46954 70479
46948 70452
46942 70443
46940 70437
46905 70323
47148 70761
47148 70764
47127 70689
47139 70737
47139 70737
47354 71082
47346 71058
47333 71016
47349 71055
47341 71043
47545 71352
47541 71340
47532 71304
47538 71325
47534 71310
47749 71664
47737 71628
47729 71598
47744 71652
47748 71664
47948 71964
47943 71949
47948 71961
47943 71946
47945 71952
48156 72285
48153 72276
48130 72207
48146 72258
48145 72255
48348 72561
48343 72549
48344 72552
48345 72543
48327 72501
48542 72843
48541 72843
48551 72873
48546 72855
48540 72840
48745 73152
48748 73155
48737 73131
48741 73131
48744 73152
48948 73461
48934 73413
48929 73404
48935 73416
48949 73464
49151 73773
49138 73731
49136 73725
49121 73680
49127 73701
49334 74013
49351 74073
49361 74109
49335 74022
49329 74004
49542 74346
49536 74316
49539 74337
49541 74334
49548 74361
49745 74655
49741 74634
49737 74631
49739 74634
49733 74616
49946 74958
49942 74943
49953 74979
49941 74943
49932 74913
50148 75261
50144 75249
50142 75243
50126 75195
50150 75270
50355 75585
50345 75555
50344 75552
50352 75573
50323 75486
50537 75822
50547 75858
50542 75843
50542 75837
50538 75834
50735 76125
50731 76113
50734 76119
50742 76143
50731 76110
50951 76470
50949 76458
50945 76455
50947 76461
50954 76482
51157 76791
51148 76761
51144 76752
51136 76725
51145 76743
51347 77049
51315 76965
51336 77028
51348 77070
51346 77058
51543 77349
51552 77373
51550 77367
51531 77313
51549 77364
51754 77688
51746 77646
51735 77631
51742 77643
51722 77583
51959 77994
51949 77964
51943 77949
51937 77922
51948 77964
52137 78228
52147 78258
52146 78258
52142 78246
52119 78174
52348 78561
52355 78582
52355 78591
52346 78555
52343 78549
52541 78843
52530 78807
52556 78885
52551 78879
52540 78840
52752 79176
52737 79122
52742 79143
52741 79140
52736 79128
52954 79482
52948 79461
52951 79473
52932 79413
52951 79479
53159 79794
53148 79761
53142 79743
53143 79746
53144 79743
53347 80061
53355 80082
53339 80034
53347 80058
53341 80043
53538 80334
53547 80358
53539 80337
53542 80346
53531 80310
53750 80670
53735 80622
53749 80667
53749 80664
53745 80661
53946 80955
53943 80937
53947 80958
53938 80934
53943 80955
54138 81231
54149 81267
54127 81201
54132 81222
54143 81246
54357 81588
54333 81519
54347 81561
54332 81507
54350 81576
54547 81849
54546 81855
54532 81822
54554 81888
54527 81798
54754 82188
54738 82125
54744 82149
54747 82167
54741 82143
54938 82440
54946 82455
54917 82371
54939 82443
54937 82431
55156 82794
55144 82758
55144 82749
55140 82737
55146 82755
55350 83070
55349 83064
55339 83037
55344 83058
55342 83043
55540 83331
55540 83337
55547 83361
55543 83346
55532 83304
55740 83640
55755 83685
55753 83676
55737 83628
55726 83598
55944 83952
55941 83940
55945 83955
55916 83868
55942 83943
56152 84273
56148 84264
56135 84231
56140 84237
56142 84243
56338 84531
56334 84522
56344 84543
56344 84552
56352 84582
56556 84888
56542 84846
56537 84828
56540 84837
56550 84867
56747 85158
56744 85158
56723 85086
56739 85128
56736 85128
56943 85440
56950 85470
56947 85461
56938 85440
56946 85458
57154 85782
57138 85734
57118 85671
57144 85758
57125 85695
57350 86070
57339 86034
57354 86088
57336 86025
57344 86052
57530 86310
57537 86331
57524 86292
57522 86286
57541 86349
57729 86607
57746 86655
57751 86679
57730 86610
57748 86661
57937 86928
57942 86946
57946 86955
57941 86949
57945 86955
58156 87294
58136 87228
58151 87270
58120 87177
58140 87246
58343 87555
58340 87540
58346 87564
58328 87510
58337 87531
58550 87876
58542 87834
58545 87852
58544 87849
58541 87840
58746 88155
58738 88122
58728 88101
58750 88170
58738 88131
58957 88491
58938 88431
58952 88482
58933 88410
58935 88422
59143 88749
59139 88734
59151 88773
59140 88737
59140 88746
59343 89046
59346 89064
59343 89046
59333 89016
59330 89007
59555 89385
59562 89412
59535 89325
59527 89298
59539 89334
59744 89649
59742 89643
59740 89637
59756 89694
59729 89604
59947 89961
59935 89916
59933 89925
59942 89943
59935 89925
60163 90315
60149 90267
60128 90210
60143 90249
60124 90180
60338 90534
60342 90537
60342 90537
60338 90531
60338 90531
60550 90867
60550 90867
60549 90867
60540 90828
60543 90855
60739 91137
60749 91167
60752 91182
60746 91155
60735 91122
60929 91404
60950 91476
60957 91497
60932 91413
60950 91476
61150 91776
61138 91722
61132 91713
61137 91728
61138 91722
61349 92073
61356 92094
61336 92028
61345 92052
61340 92037
61544 92349
61548 92370
61543 92355
61542 92352
61538 92331
61743 92646
61745 92661
61742 92643
61738 92631
61738 92640
61943 92955
61943 92955
61943 92949
61934 92928
61925 92892
62142 93243
62140 93240
62136 93234
62144 93258
62136 93234
62349 93564
62329 93498
62350 93576
62336 93534
62335 93531
62554 93879
62544 93858
62538 93840
62537 93828
62547 93858
62747 94167
62743 94146
62733 94119
62749 94167
62728 94101
62945 94461
62944 94458
62941 94449
62948 94461
62930 94407
63151 94779
63135 94731
63142 94743
63135 94722
63143 94746
63356 95088
63356 95088
63339 95034
63339 95043
63334 95028
63563 95415
63557 95388
63554 95388
63546 95364
63540 95340
63756 95694
63744 95658
63741 95640
63745 95652
63727 95601
63949 95967
63949 95973
63927 95907
63940 95940
63945 95955
64151 96270
64147 96258
64142 96246
64117 96168
64140 96240
64341 96543
64344 96558
64344 96549
64327 96501
64308 96441
64537 96831
64516 96768
64541 96840
64538 96831
64522 96792
64737 97119
64747 97167
64746 97164
64737 97128
64745 97161
64954 97479
64952 97476
64945 97461
64938 97440
64946 97458
65151 97779
65138 97731
65134 97728
65152 97782
65126 97698
65342 98043
65342 98052
65345 98061
65337 98031
65350 98070
65539 98334
65540 98340
65541 98349
65548 98370
65547 98358
65730 98598
65753 98676
65753 98685
65742 98652
65743 98649
65938 98931
65943 98955
65931 98910
65927 98898
65943 98955
66142 99252
66133 99219
66142 99252
66153 99276
66127 99198
66350 99576
66353 99585
66333 99516
66334 99528
66316 99474
66546 99855
66548 99861
66545 99861
66544 99849
66543 99849
66742 100152
66743 100155
66737 100128
66730 100116
66733 100125
66941 100443
66939 100443
66941 100443
66932 100413
66942 100443
67149 100764
67151 100779
67141 100743
67142 100752
67141 100749
67354 101088
67341 101049
67345 101061
67339 101037
67340 101040
67537 101331
67548 101370
67546 101364
67549 101373
67546 101364
67744 101649
67745 101652
67732 101613
67743 101655
67727 101607
67956 101994
67939 101934
67941 101943
67945 101961
67948 101973
68148 102264
68129 102204
68136 102234
68132 102222
68132 102213
68346 102564
68347 102567
68343 102555
68337 102531
68347 102558
68546 102858
68543 102849
68530 102801
68539 102834
68527 102798
68743 103155
68732 103122
68730 103116
68741 103140
68739 103137
68942 103452
68942 103452
68933 103410
68936 103434
68943 103455
69140 103737
69145 103761
69149 103767
69140 103740
69149 103773
69358 104094
69335 104022
69346 104055
69336 104028
69342 104043
69545 104352
69555 104394
69535 104325
69536 104334
69540 104337
69727 104607
69734 104619
69740 104640
69740 104637
69747 104652
69955 104991
69936 104928
69939 104934
69931 104919
69937 104928
70151 105279
70147 105267
70146 105267
70138 105240
70133 105219
70336 105525
70347 105570
70347 105567
70331 105519
70340 105537
70534 105822
70524 105798
70542 105852
70525 105801
70537 105831
70744 106149
70748 106161
70727 106098
70743 106149
70723 106095
70938 106434
70933 106425
70936 106434
70951 106470
70936 106419
71148 106773
71146 106764
71147 106761
71138 106734
71139 106743
71340 107046
71356 107097
71327 107001
71333 107019
71340 107037
71549 107373
71545 107361
71550 107367
71536 107328
71536 107337
71731 107613
71733 107628
71729 107607
71735 107622
71737 107628
71942 107943
71940 107940
71947 107967
71947 107967
71943 107955
72163 108315
72146 108264
72144 108258
72143 108255
72115 108162
72348 108564
72338 108540
72341 108549
72334 108528
72329 108504
72536 108825
72546 108864
72524 108789
72528 108810
72535 108825
72744 109158
72752 109173
72748 109170
72738 109134
72736 109134
72953 109488
72957 109497
72935 109422
72939 109443
72935 109431
73138 109740
73139 109734
73146 109764
73140 109740
73135 109731
73343 110055
73340 110049
73341 110049
73323 109989
73341 110040
73534 110322
73552 110382
73544 110361
73529 110313
73537 110328
73741 110643
73745 110661
73750 110667
73739 110637
73738 110634
73938 110934
73938 110931
73936 110934
73933 110916
73943 110955
74138 111231
74139 111237
74143 111255
74148 111273
74143 111249
74350 111567
74350 111579
74338 111534
74346 111564
74325 111501
74544 111858
74553 111885
74548 111870
74530 111816
74530 111819
74747 112161
74735 112125
74747 112167
74722 112086
74731 112122
74947 112458
74934 112428
74939 112443
74932 112422
74930 112410
75144 112752
75134 112719
75139 112737
75144 112749
75128 112701
75340 113037
75324 112989
75332 113016
75340 113046
75333 113025
75546 113358
75552 113385
75531 113310
75546 113364
75539 113343
75746 113664
75737 113637
75746 113664
75728 113610
75717 113577
75957 113997
75934 113919
75938 113940
75940 113937
75941 113943
76142 114252
76145 114255
76145 114261
76132 114222
76145 114261
76345 114555
76328 114501
76338 114543
76344 114558
76338 114543
76552 114876
76544 114858
76545 114855
76540 114840
76526 114804
76747 115161
76746 115164
76746 115167
76746 115155
76737 115128
76938 115440
76940 115449
76949 115476
76940 115446
76936 115434
77143 115755
77144 115758
77140 115746
77121 115683
77133 115716
77341 116043
77340 116049
77348 116064
77330 116016
77334 116022
77546 116358
77543 116355
77518 116271
77537 116328
77526 116307
77742 116646
77729 116607
77755 116691
77745 116661
77722 116586
77960 117006
77938 116940
77933 116919
77939 116943
77949 116973
78141 117243
78144 117258
78130 117210
78144 117258
78134 117228
78355 117591
78353 117588
78335 117531
78335 117522
78351 117582
78533 117825
78544 117858
78538 117843
78541 117840
78535 117825
78750 118170
78737 118131
78729 118113
78737 118131
78740 118149
78941 118440
78932 118425
78934 118428
78943 118455
78933 118428
79156 118797
79137 118731
79140 118746
79144 118758
79150 118776
79351 119079
79336 119025
79337 119040
79328 119010
79330 119016
79543 119346
79531 119319
79554 119391
79540 119346
79535 119325
79744 119661
79745 119661
79740 119640
79737 119637
79742 119652
79927 119898
79946 119964
79931 119913
79934 119928
79927 119907
80154 120288
80145 120264
80143 120246
80137 120237
80128 120210
80346 120558
80344 120552
80353 120588
80343 120549
80334 120528
80541 120849
80533 120825
80534 120828
80547 120861
80542 120852
80750 121176
80735 121125
80751 121179
80738 121143
80744 121158
80953 121476
80931 121419
80929 121407
80940 121446
80928 121404
81142 121743
81140 121749
81140 121740
81142 121752
81127 121701
81328 122010
81346 122064
81345 122061
81349 122073
81341 122040
81545 122361
81541 122343
81544 122358
81548 122364
81527 122307
81724 122598
81741 122643
81727 122589
81736 122628
81737 122640
81941 122949
81950 122976
81946 122964
81943 122955
81936 122925
82153 123285
82138 123231
82138 123240
82127 123210
82148 123261
82346 123558
82357 123597
82331 123519
82338 123534
82339 123534
82544 123858
82549 123873
82539 123834
82528 123813
82532 123825
82741 124152
82752 124182
82729 124107
82739 124143
82715 124074
82954 124491
82944 124452
82925 124401
82928 124413
82921 124389
83148 124770
83148 124773
83135 124731
83134 124719
83127 124701
83347 125070
83330 125016
83333 125028
83335 125022
83329 125016
83536 125328
83541 125352
83534 125328
83519 125283
83522 125292
83737 125631
83750 125670
83716 125565
83746 125667
83729 125613
83945 125961
83946 125967
83938 125940
83946 125964
83947 125967
84127 126207
84137 126237
84153 126285
84142 126243
84137 126237
84352 126582
84351 126582
84342 126552
84350 126579
84328 126510
84547 126867
84542 126852
84542 126852
84533 126819
84531 126813
84749 127167
84731 127119
84728 127110
84730 127116
84739 127146
84938 127431
84934 127419
84945 127461
84952 127485
84937 127440
85136 127725
85137 127740
85144 127758
85151 127779
85137 127740
85333 128016
85331 128010
85324 127989
85334 128031
85344 128061
85533 128325
85543 128358
85544 128361
85541 128349
85551 128382
85731 128619
85741 128643
85729 128613
85741 128652
85737 128637
85935 128934
85941 128943
85943 128955
85947 128967
85943 128955
86150 129279
86139 129246
86139 129243
86144 129261
86120 129186
86351 129582
86347 129567
86344 129552
86347 129570
86322 129492
86553 129885
86542 129855
86534 129819
86535 129834
86535 129822
86758 130191
86755 130191
86747 130167
86735 130125
86727 130098
86950 130479
86936 130434
86939 130434
86927 130407
86936 130425
87136 130728
87143 130758
87131 130719
87140 130746
87126 130695
87349 131073
87331 131013
87344 131058
87333 131016
87330 131019
87545 131361
87541 131349
87537 131337
87527 131298
87549 131373
87753 131676
87745 131661
87737 131637
87752 131682
87728 131610
87935 131931
87942 131955
87942 131952
87918 131883
87912 131853
88140 132240
88127 132210
88147 132270
88149 132264
88126 132204
88343 132555
88349 132576
88338 132543
88340 132549
88337 132540
88552 132885
88552 132873
88554 132888
88543 132858
88543 132855
88751 133182
88752 133182
88739 133146
88725 133101
88739 133146
88952 133482
88946 133464
88944 133461
88940 133446
88946 133467
89139 133734
89146 133767
89142 133746
89136 133737
89124 133701
89340 134040
89348 134073
89346 134064
89331 134013
89315 133971
89541 134349
89522 134295
89539 134346
89545 134364
89527 134307
89739 134646
89745 134664
89738 134643
89741 134652
89730 134619
89936 134934
89936 134925
89950 134979
89941 134952
89933 134925
90143 135255
90154 135288
90127 135207
90133 135225
90143 135249
90344 135552
90336 135534
90332 135522
90332 135513
90331 135513
90530 135816
90533 135819
90545 135864
90548 135873
90533 135828
90747 136167
90711 136059
90748 136173
90750 136176
90722 136095
90946 136458
90941 136452
90937 136428
90940 136449
90944 136452
91144 136752
91139 136746
91148 136770
91129 136713
91136 136734
91351 137082
91329 137007
91345 137064
91346 137064
91337 137037
91532 137316
91539 137343
91537 137337
91537 137328
91533 137328
91752 137685
91733 137619
91739 137643
91735 137634
91731 137622
91948 137964
91930 137916
91937 137937
91949 137973
91922 137892
92150 138276
92146 138267
92142 138255
92134 138228
92128 138210
92340 138546
92341 138552
92337 138537
92348 138573
92312 138465
92541 138852
92531 138819
92538 138843
92535 138831
92538 138840
92754 139188
92731 139122
92739 139137
92730 139116
92727 139101
92943 139455
92939 139425
92930 139416
92945 139461
92916 139365
93141 139749
93113 139665
93135 139731
93137 139740
93141 139752
93354 140091
93343 140046
93337 140037
93337 140037
93329 140013
93538 140340
93548 140370
93551 140379
93544 140358
93540 140349
93750 140679
93745 140652
93741 140652
93732 140622
93710 140556
93943 140955
93929 140904
93942 140952
93927 140901
93932 140922
94145 141261
94127 141207
94135 141234
94134 141219
94119 141183
94350 141576
94345 141561
94337 141540
94319 141477
94339 141546
94549 141876
94535 141834
94556 141894
94536 141834
94529 141804
94739 142134
94740 142146
94732 142113
94739 142143
94724 142101
94954 142482
94939 142443
94936 142434
94940 142446
94924 142389
95143 142758
95125 142704
95137 142737
95143 142758
95128 142713
95335 143034
95344 143061
95331 143019
95331 143019
95351 143082
95546 143364
95538 143340
95531 143319
95535 143322
95515 143265
95737 143637
95748 143673
95740 143649
95735 143631
95737 143640
95937 143928
95945 143964
95938 143943
95927 143910
95938 143943
96152 144282
96143 144258
96148 144270
96143 144255
96139 144243
96335 144531
96344 144558
96342 144543
96319 144483
96325 144495
96534 144828
96511 144762
96539 144846
96532 144822
96539 144837
96728 145110
96745 145161
96738 145143
96750 145179
96749 145173
96930 145416
96940 145440
96935 145431
96919 145386
96940 145446
97142 145752
97148 145770
97134 145731
97131 145713
97129 145716
97350 146079
97334 146022
97326 146004
97332 146025
97340 146049
97549 146373
97543 146358
97521 146289
97534 146328
97517 146268
97746 146664
97740 146649
97728 146604
97735 146631
97734 146631
97952 146982
97943 146955
97941 146952
97935 146931
97921 146892
98141 147243
98142 147255
98139 147246
98131 147219
98120 147180
98346 147564
98344 147561
98334 147531
98345 147561
98334 147528
98538 147831
98533 147828
98535 147831
98527 147801
98531 147822
98739 148137
98751 148179
98742 148152
98725 148092
98734 148122
98936 148437
98922 148383
98945 148464
98947 148467
98933 148416
99139 148737
99144 148752
99140 148749
99142 148752
99132 148725
99351 149082
99325 149004
99354 149091
99315 148965
99332 149025
99553 149385
99546 149364
99537 149331
99534 149322
99540 149346
99759 149706
99754 149691
99729 149616
99737 149637
99755 149700
99944 149961
99940 149937
99942 149952
99939 149943
99936 149934
