183 294
173 264
176 273
172 255
172 261
371 561
376 582
376 582
371 567
366 546
567 864
577 894
572 882
560 843
564 849
777 1194
769 1173
765 1158
772 1182
766 1161
971 1485
966 1470
969 1470
962 1452
967 1473
1175 1797
1157 1743
1166 1764
1154 1725
1166 1770
1371 2088
1368 2070
1359 2043
1369 2079
1360 2055
1566 2373
1562 2358
1570 2382
1559 2352
1565 2370
1765 2661
1756 2649
1766 2670
1755 2640
1761 2664
1967 2973
1958 2955
1956 2943
1955 2937
1949 2919
2172 3300
2160 3252
2167 3282
2162 3267
2156 3249
2359 3552
2363 3564
2362 3561
2359 3552
2361 3555
2565 3879
2568 3885
2556 3852
2560 3855
2552 3828
2759 4161
2763 4170
2767 4182
2754 4143
2744 4104
2956 4449
2958 4455
2953 4440
2962 4467
2960 4455
3160 4755
3162 4767
3145 4707
3145 4719
3153 4743
3364 5073
3358 5055
3363 5070
3352 5037
3363 5070
3566 5379
3558 5355
3560 5364
3550 5331
3558 5358
3758 5664
3770 5700
3752 5640
3755 5649
3758 5658
3965 5985
3957 5961
3952 5946
3958 5964
3948 5925
4160 6270
4160 6261
4161 6264
4159 6261
4150 6234
4360 6564
4368 6594
4361 6567
4360 6570
4348 6534
4558 6864
4548 6828
4553 6843
4539 6807
4557 6861
4767 7194
4762 7176
4749 7137
4758 7164
4746 7128
4953 7440
4959 7458
4961 7473
4949 7440
4940 7410
5158 7758
5159 7767
5150 7734
5143 7710
5146 7728
5357 8061
5359 8067
5360 8064
5338 7998
5354 8055
5559 8361
5555 8349
5556 8361
5555 8358
5553 8349
5764 8682
5762 8676
5759 8667
5753 8652
5751 8646
5966 8991
5959 8970
5950 8940
5958 8967
5948 8934
6163 9273
6137 9201
6163 9279
6145 9225
6159 9267
6346 9522
6362 9579
6363 9579
6357 9564
6353 9549
6560 9879
6550 9834
6550 9849
6557 9861
6560 9879
6750 10140
6749 10140
6747 10131
6743 10119
6750 10131
6960 10470
6960 10470
6961 10473
6955 10464
6958 10464
7162 10779
7164 10785
7147 10731
7156 10767
7147 10731
7354 11055
7357 11061
7360 11070
7353 11052
7354 11055
7565 11385
7555 11355
7554 11361
7552 11349
7556 11367
7759 11667
7746 11631
7763 11688
7748 11634
7746 11628
7968 12003
7958 11973
7945 11934
7926 11868
7940 11913
8160 12279
8154 12252
8161 12273
8150 12243
8152 12255
8369 12606
8362 12585
8349 12537
8344 12531
8350 12543
8555 12855
8556 12870
8554 12852
8555 12858
8547 12834
8750 13143
8742 13125
8760 13179
8744 13125
8754 13161
8956 13470
8957 13473
8945 13434
8945 13428
8933 13392
9158 13767
9150 13740
9149 13746
9145 13734
9147 13731
9365 14094
9352 14055
9341 14016
9345 14034
9354 14061
9567 14400
9551 14355
9547 14334
9558 14367
9552 14349
9758 14664
9758 14676
9763 14682
9756 14667
9742 14625
9952 14949
9952 14955
9954 14961
9947 14943
9950 14949
10157 15264
10148 15243
10154 15261
10142 15219
10144 15222
10357 15570
10359 15576
10343 15528
10349 15546
10348 15543
10555 15864
10560 15870
10548 15843
10555 15864
10545 15834
10746 16137
10759 16179
10755 16164
10748 16134
10738 16104
10962 16485
10955 16467
10946 16437
10943 16428
10950 16452
11155 16764
11149 16740
11157 16770
11149 16746
11156 16767
11358 17073
11355 17064
11345 17025
11360 17082
11342 17025
11563 17388
11548 17346
11552 17349
11539 17316
11546 17337
11758 17676
11747 17643
11735 17598
11741 17616
11751 17652
11962 17988
11962 17985
11949 17946
11950 17952
11945 17937
12160 18279
12153 18252
12148 18237
12142 18219
12137 18210
12355 18564
12323 18471
12345 18534
12337 18510
12351 18552
12561 18882
12552 18849
12547 18840
12546 18831
12550 18849
12764 19191
12753 19158
12733 19098
12752 19158
12740 19119
12959 19479
12947 19443
12958 19476
12951 19455
12953 19458
13164 19800
13163 19791
13146 19728
13149 19749
13149 19746
13362 20094
13355 20067
13351 20055
13346 20037
13346 20037
13555 20367
13555 20367
13553 20358
13555 20364
13557 20379
13758 20673
13748 20646
13754 20664
13736 20607
13749 20646
13954 20961
13946 20940
13946 20931
13949 20946
13949 20946
14150 21252
14147 21240
14149 21246
14142 21225
14137 21210
14362 21594
14360 21579
14348 21546
14352 21555
14356 21567
14547 21843
14552 21858
14539 21807
14546 21837
14549 21855
14756 22170
14753 22158
14757 22173
14737 22113
14748 22143
14963 22497
14959 22479
14965 22503
14931 22392
14944 22434
15143 22728
15157 22773
15149 22755
15158 22776
15146 22740
15362 23088
15348 23052
15356 23076
15353 23067
15344 23031
15544 23331
15560 23388
15551 23355
15526 23277
15542 23325
15756 23667
15755 23667
15749 23649
15753 23667
15732 23598
15960 23982
15945 23934
15947 23949
15934 23910
15952 23964
16154 24270
16157 24270
16156 24276
16149 24255
16150 24252
16356 24570
16363 24591
16337 24510
16352 24564
16334 24510
16550 24858
16548 24843
16548 24852
16545 24843
16562 24897
16755 25173
16741 25122
16756 25170
16750 25149
16744 25131
16956 25476
16951 25452
16947 25449
16940 25419
16954 25461
17141 25722
17160 25788
17134 25701
17141 25731
17149 25755
17347 26043
17357 26079
17351 26055
17339 26025
17339 26016
17550 26349
17555 26376
17559 26388
17547 26349
17549 26355
17751 26661
17757 26679
17745 26637
17747 26649
17740 26613
17948 26943
17962 26997
17941 26925
17952 26955
17940 26928
18163 27291
18142 27234
18160 27291
18158 27282
18148 27252
18347 27549
18356 27576
18344 27531
18354 27573
18347 27549
18548 27843
18562 27894
18543 27837
18553 27867
18551 27855
18749 28146
18757 28170
18742 28128
18760 28188
18753 28158
18962 28497
18965 28506
18950 28458
18945 28437
18942 28425
19159 28785
19150 28758
19155 28776
19150 28752
19155 28776
19366 29109
19348 29052
19364 29103
19353 29067
19339 29025
19544 29340
19563 29400
19558 29382
19536 29307
19551 29361
19759 29688
19755 29664
19749 29649
19739 29619
19743 29637
19960 29991
19925 29877
19937 29922
19947 29949
19945 29946
20148 30255
20153 30258
20149 30249
20129 30195
20151 30261
20355 30573
20343 30528
20344 30543
20348 30555
20345 30537
20565 30906
20562 30897
20551 30861
20544 30831
20539 30828
20722 31065
20743 31140
20751 31155
20747 31149
20743 31137
20945 31443
20944 31434
20941 31431
20939 31416
20941 31431
21157 31779
21137 31713
21150 31758
21145 31743
21140 31731
21344 32040
21350 32049
21344 32043
21342 32037
21343 32031
21553 32367
21542 32334
21554 32370
21553 32367
21545 32334
21752 32664
21752 32664
21756 32679
21739 32625
21740 32628
21953 32967
21948 32952
21940 32919
21951 32961
21948 32952
22128 33192
22153 33267
22138 33222
22152 33264
22138 33222
22350 33549
22346 33546
22341 33534
22351 33564
22330 33480
22552 33864
22553 33870
22551 33861
22540 33831
22547 33849
22749 34155
22741 34122
22750 34161
22734 34104
22739 34128
22948 34455
22951 34464
22948 34452
22952 34455
22957 34479
23152 34767
23145 34734
23149 34758
23151 34761
23143 34731
23348 35052
23355 35073
23343 35040
23350 35061
23354 35073
23549 35358
23553 35367
23538 35325
23537 35319
23549 35355
23755 35676
23750 35661
23749 35655
23744 35634
23730 35601
23954 35970
23960 35988
23941 35931
23945 35937
23942 35937
24147 36240
24140 36222
24151 36261
24132 36198
24134 36201
24354 36573
24353 36570
24356 36579
24321 36465
24353 36570
24547 36849
24550 36858
24536 36819
24528 36792
24548 36855
24739 37125
24748 37152
24750 37158
24740 37128
24751 37161
24946 37440
24956 37476
24949 37455
24939 37425
24946 37449
25157 37782
25150 37761
25146 37746
25152 37764
25122 37674
25365 38106
25346 38046
25347 38040
25341 38034
25342 38034
25560 38397
25535 38313
25538 38316
25543 38340
25547 38349
25758 38682
25737 38619
25748 38652
25738 38622
25748 38655
25955 38976
25942 38934
25952 38964
25941 38934
25938 38922
26159 39285
26153 39267
26155 39273
26142 39237
26150 39261
26362 39597
26352 39567
26358 39591
26346 39549
26349 39558
26556 39879
26539 39825
26544 39843
26530 39789
26538 39825
26743 40137
26747 40152
26743 40137
26746 40146
26744 40140
26951 40470
26946 40440
26956 40485
26940 40431
26949 40464
27122 40674
27151 40761
27149 40764
27146 40746
27125 40683
27354 41070
27346 41046
27343 41037
27354 41073
27332 41013
27555 41376
27552 41364
27549 41358
27539 41328
27545 41346
27749 41646
27747 41658
27743 41637
27727 41583
27747 41658
27940 41928
27955 41976
27955 41973
27946 41946
27948 41955
28147 42258
28131 42195
28148 42255
28141 42234
28129 42198
28352 42573
28353 42567
28350 42567
28329 42498
28341 42534
28546 42846
28554 42870
28542 42843
28545 42843
28544 42831
28751 43161
28750 43167
28754 43179
28755 43173
28753 43167
28951 43470
28960 43497
28939 43428
28950 43461
28948 43455
29154 43779
29164 43809
29140 43731
29137 43728
29131 43701
29345 44043
29352 44058
29341 44034
29341 44034
29350 44058
29552 44367
29553 44367
29552 44373
29541 44331
29545 44352
29760 44697
29729 44595
29741 44631
29741 44631
29720 44571
29946 44946
29948 44961
29942 44943
29937 44919
29953 44967
30154 45273
30145 45243
30141 45222
30152 45264
30137 45219
30356 45576
30339 45525
30347 45549
30340 45531
30348 45561
30534 45810
30549 45864
30553 45876
30533 45807
30537 45819
30747 46149
30757 46188
30732 46104
30751 46170
30740 46131
30960 46491
30955 46482
30953 46476
30932 46413
30940 46431
31153 46770
31146 46740
31151 46761
31149 46758
31144 46740
31354 47061
31347 47058
31354 47070
31346 47046
31347 47052
31553 47367
31548 47361
31550 47361
31545 47352
31541 47334
31750 47661
31740 47628
31750 47658
31744 47631
31734 47619
31938 47922
31941 47940
31950 47967
31928 47892
31952 47973
32151 48270
32153 48267
32140 48228
32154 48273
32143 48246
32352 48567
32339 48528
32337 48522
32349 48564
32327 48498
32555 48873
32550 48867
32557 48888
32546 48849
32534 48810
32762 49197
32745 49146
32750 49167
32732 49104
32743 49140
32941 49440
32942 49434
32947 49449
32949 49458
32946 49455
33153 49776
33130 49698
33139 49734
33141 49734
33151 49764
33334 50010
33348 50061
33343 50046
33349 50064
33346 50049
33534 50319
33548 50355
33545 50343
33537 50322
33539 50325
33737 50619
33743 50637
33744 50640
33739 50634
33743 50640
33946 50949
33948 50955
33950 50967
33944 50949
33936 50925
34140 51237
34153 51276
34143 51246
34152 51264
34149 51267
34349 51558
34342 51543
34352 51564
34349 51564
34341 51531
34546 51846
34554 51879
34534 51813
34529 51798
34537 51822
34756 52185
34756 52185
34749 52164
34748 52161
34744 52131
34959 52494
34946 52455
34938 52425
34941 52434
34935 52422
35163 52806
35156 52788
35138 52731
35137 52728
35153 52776
35338 53025
35341 53031
35344 53043
35348 53061
35339 53025
35543 53340
35548 53355
35551 53370
35544 53343
35543 53346
35752 53673
35747 53658
35749 53664
35745 53652
35740 53631
35956 53988
35936 53925
35939 53934
35933 53916
35930 53901
36152 54267
36135 54213
36145 54246
36133 54207
36133 54216
36362 54606
36344 54549
36341 54525
36341 54534
36334 54513
36546 54855
36552 54864
36549 54864
36528 54795
36540 54828
36753 55167
36738 55125
36735 55122
36745 55152
36748 55161
36956 55479
36949 55467
36946 55449
36942 55443
36938 55431
37153 55770
37138 55722
37155 55782
37143 55749
37137 55719
37355 56082
37343 56040
37344 56040
37354 56070
37339 56034
37550 56367
37548 56352
37552 56373
37541 56340
37539 56325
37749 56664
37731 56613
37749 56664
37745 56643
37722 56577
37951 56970
37945 56952
37952 56973
37940 56940
37948 56961
38153 57276
38150 57261
38153 57270
38144 57252
38135 57216
38348 57564
38346 57546
38348 57561
38344 57552
38345 57552
38547 57849
38546 57858
38526 57795
38548 57855
38528 57792
38759 58185
38741 58134
38753 58179
38747 58158
38743 58149
38948 58455
38957 58488
38946 58449
38934 58413
38947 58452
39134 58719
39153 58779
39136 58725
39139 58737
39133 58710
39341 59031
39333 59019
39334 59022
39348 59061
39340 59031
39535 59316
39545 59343
39548 59361
39538 59331
39538 59331
39749 59667
39745 59652
39740 59631
39754 59679
39722 59577
39943 59946
39953 59976
39943 59946
39944 59940
39949 59955
40153 60279
40127 60198
40134 60210
40148 60255
40134 60213
40341 60543
40334 60513
40351 60573
40351 60573
40347 60558
40542 60837
40550 60870
40546 60855
40543 60840
40542 60843
40754 61179
40746 61158
40739 61125
40755 61182
40747 61161
40945 61455
40955 61482
40948 61461
40933 61419
40936 61419
41149 61767
41148 61764
41149 61764
41144 61749
41135 61713
41344 62049
41341 62043
41336 62025
41352 62076
41342 62043
41538 62325
41536 62325
41531 62310
41533 62310
41538 62331
41737 62628
41747 62658
41730 62607
41744 62652
41736 62625
41947 62961
41943 62946
41951 62973
41929 62898
41938 62931
42161 63300
42153 63279
42152 63267
42122 63183
42132 63204
42353 63567
42353 63576
42330 63507
42334 63510
42341 63543
42551 63864
42551 63873
42554 63882
42535 63825
42550 63870
42744 64149
42748 64164
42744 64149
42734 64122
42746 64149
42945 64452
42949 64467
42945 64455
42931 64413
42931 64410
43141 64743
43141 64740
43144 64749
43153 64776
43141 64734
43339 65037
43350 65067
43343 65046
43345 65052
43346 65058
43544 65349
43540 65337
43533 65316
43539 65328
43528 65301
43746 65658
43742 65643
43732 65607
43737 65622
43732 65613
43960 66000
43943 65940
43935 65922
43943 65949
43926 65886
44152 66273
44154 66282
44146 66258
44144 66249
44132 66216
44349 66564
44347 66561
44349 66564
44351 66570
44334 66513
44540 66831
44538 66834
44541 66840
44525 66795
44537 66828
44757 67179
44740 67137
44750 67167
44736 67125
44743 67149
44955 67485
44945 67455
44937 67428
44944 67449
44927 67389
45135 67713
45145 67752
45143 67746
45144 67749
45131 67704
45347 68049
45348 68064
45332 68013
45336 68025
45331 68004
45547 68358
45540 68328
45537 68328
45542 68346
45539 68325
45753 68676
45741 68640
45739 68628
45725 68583
45751 68670
45944 68949
45951 68970
45947 68961
45948 68964
45924 68889
46155 69282
46146 69258
46146 69246
46144 69249
46128 69201
46348 69561
46355 69582
46352 69576
46338 69522
46341 69540
46550 69867
46544 69843
46554 69879
46545 69852
46547 69858
46744 70149
46748 70164
46742 70137
46744 70152
46731 70113
46954 70482
46943 70440
46937 70422
46940 70431
46935 70422
47140 70728
47144 70749
47146 70755
47116 70665
47148 70764
47350 71070
47353 71076
47341 71043
47338 71031
47334 71019
47548 71352
47546 71355
47536 71325
47547 71361
47542 71343
47750 71667
47744 71649
47755 71685
47743 71646
47738 71631
47949 71958
47947 71961
47932 71904
47938 71934
47937 71931
48141 72243
48148 72261
48141 72231
48141 72243
48149 72264
48328 72504
48352 72573
48357 72588
48353 72579
48346 72555
48531 72810
48545 72852
48544 72852
48546 72855
48545 72855
48740 73140
48723 73086
48741 73140
48749 73164
48739 73128
48959 73497
48949 73467
48942 73446
48947 73458
48937 73428
49146 73755
49142 73743
49142 73746
49153 73770
49144 73752
49344 74049
49339 74034
49332 74013
49343 74046
49347 74061
49559 74397
49547 74358
49547 74361
49538 74331
49525 74292
49745 74652
49742 74646
49735 74622
49749 74658
49740 74640
49940 74937
49938 74925
49942 74943
49947 74961
49940 74937
50139 75237
50146 75255
50143 75249
50142 75246
50146 75255
50357 75588
50351 75564
50334 75519
50346 75564
50334 75519
50558 75900
50539 75837
50545 75855
50535 75822
50542 75843
50743 76146
50747 76161
50743 76149
50747 76167
50743 76149
50955 76482
50945 76455
50941 76440
50928 76404
50931 76410
51131 76710
51140 76737
51152 76776
51143 76749
51134 76713
51344 77052
51338 77034
51335 77013
51341 77043
51343 77049
51547 77361
51552 77373
51544 77349
51547 77358
51541 77340
51743 77646
51737 77628
51751 77670
51743 77649
51743 77649
51950 77967
51961 78003
51938 77922
51951 77970
51928 77901
52155 78282
52128 78195
52129 78207
52147 78258
52149 78273
52355 78582
52347 78561
52350 78567
52343 78546
52339 78537
52544 78852
52541 78843
52519 78774
52545 78855
52538 78834
52741 79140
52750 79176
52735 79131
52742 79143
52741 79140
52962 79503
52939 79434
52947 79458
52937 79428
52944 79458
53151 79770
53139 79725
53146 79758
53143 79746
53126 79698
53333 80019
53350 80076
53354 80088
53322 79986
53350 80076
53539 80334
53535 80331
53548 80370
53544 80349
53547 80361
53757 80691
53747 80661
53750 80670
53745 80655
53742 80652
53952 80976
53948 80961
53947 80967
53950 80970
53944 80958
54146 81258
54146 81246
54128 81204
54133 81216
54140 81228
54339 81534
54336 81525
54346 81555
54333 81516
54343 81546
54553 81876
54538 81831
54537 81828
54549 81864
54534 81822
54754 82182
54726 82098
54730 82107
54731 82110
54748 82152
54947 82458
54945 82455
54940 82440
54946 82464
54929 82404
55148 82764
55148 82764
55147 82761
55149 82764
55137 82728
55336 83025
55351 83073
55349 83067
55318 82965
55342 83046
55540 83340
55541 83343
55546 83358
55523 83286
55540 83337
55746 83658
55739 83637
55738 83631
55742 83643
55747 83667
55939 83934
55945 83952
55949 83964
55941 83934
55932 83916
56151 84273
56153 84276
56142 84252
56138 84234
56152 84282
56334 84522
56336 84525
56330 84510
56333 84507
56331 84513
56545 84852
56543 84849
56538 84834
56540 84846
56545 84852
56731 85110
56735 85125
56741 85140
56736 85128
56743 85155
56942 85437
56938 85440
56948 85461
56939 85434
56920 85377
57149 85767
57150 85770
57142 85743
57149 85764
57139 85734
57345 86052
57351 86073
57342 86043
57338 86031
57341 86040
57541 86343
57546 86355
57552 86376
57535 86322
57543 86355
57754 86679
57729 86604
57746 86658
57744 86652
57737 86637
57922 86874
57946 86958
57940 86937
57919 86874
57929 86898
58143 87255
58145 87252
58129 87195
58141 87240
58138 87231
58347 87567
58347 87561
58342 87552
58332 87513
58326 87498
58556 87885
58522 87774
58533 87819
58544 87849
58537 87831
58742 88152
58743 88155
58742 88146
58746 88164
58740 88137
58948 88452
58931 88413
58944 88458
58922 88383
58949 88467
59138 88731
59125 88683
59140 88740
59147 88767
59139 88737
59349 89064
59335 89025
59338 89031
59334 89019
59342 89043
59553 89379
59541 89340
59522 89292
59539 89337
59552 89382
59757 89697
59743 89655
59742 89652
59735 89625
59736 89634
59938 89934
59932 89922
59926 89898
59941 89949
59931 89910
60151 90270
60129 90207
60136 90234
60139 90234
60121 90183
60349 90564
60344 90552
60344 90558
60355 90591
60335 90525
60542 90846
60542 90846
60555 90891
60536 90825
60537 90822
60750 91158
60745 91143
60749 91173
60738 91131
60725 91092
60956 91494
60950 91470
60952 91473
60937 91437
60931 91401
61136 91728
61145 91755
61143 91746
61153 91779
61143 91749
61351 92073
61347 92061
61351 92070
61345 92052
61334 92028
61560 92406
61516 92265
61544 92358
61548 92361
61543 92346
61746 92655
61744 92658
61741 92649
61736 92625
61738 92631
61957 92997
61940 92940
61945 92952
61946 92964
61950 92967
62151 93279
62150 93276
62142 93246
62133 93216
62141 93240
62331 93513
62345 93552
62332 93516
62341 93549
62344 93549
62550 93876
62529 93804
62537 93837
62533 93819
62547 93867
62741 94149
62728 94092
62733 94116
62746 94164
62745 94152
62957 94497
62942 94446
62937 94431
62938 94431
62942 94443
63143 94755
63138 94734
63146 94764
63122 94683
63130 94716
63351 95079
63343 95055
63339 95034
63333 95025
63336 95028
63539 95334
63557 95397
63540 95337
63545 95352
63542 95343
63757 95697
63741 95640
63725 95592
63749 95673
63734 95622
63945 95952
63946 95964
63942 95952
63935 95931
63926 95898
64142 96252
64154 96288
64142 96246
64148 96270
64128 96204
64341 96540
64346 96564
64336 96528
64342 96552
64333 96507
64547 96867
64533 96816
64535 96822
64533 96816
64518 96774
64747 97167
64748 97161
64747 97152
64737 97131
64729 97113
64948 97470
64943 97455
64935 97431
64934 97422
64936 97425
65148 97770
65149 97773
65139 97734
65131 97719
65129 97704
65343 98046
65345 98052
65328 98010
65338 98031
65329 98004
65558 98400
65556 98388
65547 98361
65542 98352
65542 98352
65753 98685
65743 98646
65745 98661
65736 98628
65721 98580
65936 98925
65946 98958
65936 98934
65940 98946
65938 98931
66151 99279
66145 99252
66149 99273
66142 99243
66127 99201
66345 99555
66355 99591
66334 99522
66325 99492
66341 99549
66550 99876
66539 99837
66555 99891
66541 99849
66536 99828
66727 100098
66751 100179
66751 100179
66743 100146
66741 100149
66933 100425
66939 100434
66934 100422
66942 100452
66944 100458
67112 100656
67145 100752
67152 100776
67150 100776
67151 100770
67337 101031
67340 101046
67352 101082
67343 101055
67341 101031
67536 101328
67552 101382
67548 101361
67541 101343
67534 101319
67741 101649
67736 101625
67746 101655
67732 101613
67732 101616
67953 101985
67937 101940
67941 101949
67938 101931
67944 101952
68144 102258
68135 102231
68152 102282
68149 102276
68127 102198
68334 102519
68358 102600
68342 102546
68323 102486
68336 102534
68539 102846
68546 102858
68544 102852
68533 102810
68512 102762
68739 103128
68742 103152
68725 103092
68747 103167
68734 103128
68946 103464
68942 103452
68947 103467
68939 103434
68938 103440
69127 103707
69130 103716
69134 103731
69146 103758
69143 103755
69345 104061
69332 104022
69343 104055
69346 104067
69334 104022
69551 104370
69546 104364
69546 104364
69544 104358
69538 104340
69745 104655
69740 104640
69742 104646
69740 104646
69728 104604
69948 104964
69941 104940
69950 104976
69916 104868
69934 104928
70142 105252
70133 105219
70135 105231
70143 105255
70143 105255
70323 105495
70341 105540
70350 105576
70347 105567
70345 105561
70549 105873
70530 105810
70525 105801
70551 105879
70512 105762
70744 106152
70722 106086
70731 106119
70724 106098
70732 106122
70940 106449
70943 106455
70950 106479
70948 106461
70940 106440
71141 106740
71134 106722
71137 106737
71144 106758
71137 106731
71341 107043
71339 107046
71337 107028
71334 107019
71333 107025
71528 107301
71540 107346
71533 107325
71546 107367
71547 107367
71757 107700
71743 107655
71741 107643
71754 107688
71738 107631
71938 107934
71950 107967
71933 107919
71942 107955
71936 107925
72143 108246
72145 108264
72146 108264
72138 108231
72125 108192
72350 108570
72341 108549
72350 108579
72331 108513
72346 108564
72539 108837
72543 108846
72553 108879
72527 108807
72545 108861
72744 109152
72746 109167
72749 109173
72738 109140
72736 109125
72944 109452
72931 109419
72947 109470
72932 109413
72939 109443
73146 109764
73142 109746
73149 109764
73150 109776
73144 109758
73351 110073
73337 110031
73332 110016
73345 110052
73351 110079
73553 110385
73542 110355
73531 110319
73528 110310
73537 110331
73741 110640
73748 110670
73738 110634
73743 110646
73739 110646
73931 110910
73925 110904
73951 110973
73944 110958
73949 110967
74148 111261
74133 111225
74144 111252
74136 111228
74131 111213
74345 111561
74339 111543
74355 111591
74333 111525
74329 111504
74558 111894
74547 111861
74547 111867
74539 111843
74544 111852
74725 112092
74737 112137
74745 112164
74724 112083
74744 112152
74940 112440
74931 112413
74952 112482
74936 112428
74919 112374
75139 112743
75153 112785
75144 112761
75140 112737
75135 112731
75341 113049
75325 112992
75337 113028
75337 113037
75338 113034
75534 113322
75551 113379
75539 113334
75540 113349
75539 113343
75735 113625
75744 113661
75746 113655
75734 113628
75743 113655
75941 113943
75935 113922
75944 113949
75930 113907
75938 113940
76148 114264
76144 114261
76140 114249
76134 114228
76146 114264
76333 114516
76346 114558
76335 114525
76333 114525
76344 114561
76544 114858
76545 114855
76541 114849
76539 114843
76538 114834
76752 115182
76748 115161
76746 115158
76739 115134
76741 115152
76952 115485
76956 115497
76955 115494
76903 115329
76951 115479
77149 115773
77145 115761
77126 115707
77135 115731
77139 115746
77355 116094
77332 116013
77345 116061
77353 116088
77337 116028
77534 116328
77527 116298
77545 116361
77541 116349
77515 116271
77744 116658
77743 116658
77740 116646
77746 116664
77729 116613
77938 116940
77954 116988
77934 116928
77934 116919
77934 116928
78145 117261
78136 117228
78143 117258
78125 117201
78146 117258
78356 117594
78341 117549
78345 117561
78342 117552
78327 117498
78545 117855
78546 117867
78544 117852
78540 117846
78516 117765
78749 118173
78732 118116
78739 118143
78743 118149
78741 118143
78948 118470
78933 118419
78946 118464
78939 118443
78935 118431
79145 118761
79155 118791
79148 118770
79142 118746
79138 118740
79350 119079
79348 119073
79335 119031
79348 119070
79339 119037
79553 119379
79550 119376
79531 119313
79540 119337
79542 119352
79746 119664
79731 119613
79729 119604
79747 119670
79739 119637
79945 119964
79938 119931
79934 119928
79935 119931
79938 119943
80151 120273
80144 120258
80136 120228
80134 120231
80145 120264
80346 120564
80351 120582
80352 120582
80335 120531
80329 120516
80551 120870
80530 120816
80545 120861
80536 120828
80542 120846
80741 121140
80742 121143
80739 121146
80740 121146
80729 121107
80936 121434
80933 121428
80933 121416
80944 121461
80944 121458
81138 121740
81147 121770
81149 121773
81136 121737
81138 121743
81340 122046
81337 122037
81347 122070
81336 122025
81329 122007
81528 122304
81529 122313
81550 122376
81532 122322
81544 122349
81739 122643
81738 122640
81744 122661
81742 122655
81729 122604
81927 122898
81943 122949
81934 122928
81941 122940
81943 122955
82133 123219
82120 123186
82127 123198
82137 123228
82129 123207
82334 123528
82332 123516
82340 123546
82328 123501
82352 123582
82547 123867
82546 123867
82542 123843
82538 123834
82542 123852
82735 124125
82749 124173
82736 124125
82742 124155
82728 124104
82951 124482
82933 124425
82938 124440
82926 124404
82928 124410
83120 124686
83138 124740
83120 124680
83145 124761
83133 124719
83355 125094
83336 125028
83341 125043
83340 125040
83334 125031
83551 125379
83549 125373
83530 125316
83556 125397
83532 125322
83744 125658
83736 125637
83739 125637
83731 125619
83729 125607
83948 125973
83929 125916
83952 125982
83943 125955
83939 125937
84145 126261
84126 126207
84138 126240
84121 126183
84130 126216
84353 126585
84345 126564
84333 126525
84334 126519
84322 126492
84539 126837
84529 126807
84531 126810
84534 126831
84528 126810
84748 127173
84749 127173
84731 127119
84736 127137
84742 127152
84943 127455
84947 127470
84927 127401
84936 127434
84927 127410
85141 127740
85145 127755
85142 127752
85151 127782
85143 127758
85340 128046
85338 128043
85355 128094
85336 128025
85339 128043
85544 128358
85535 128322
85532 128325
85545 128364
85537 128328
85728 128610
85730 128616
85750 128670
85733 128625
85749 128673
85943 128946
85941 128952
85940 128946
85937 128940
85945 128961
86157 129297
86141 129252
86125 129192
86144 129261
86140 129246
86346 129564
86326 129504
86329 129513
86322 129492
86350 129576
86547 129867
86546 129864
86544 129852
86526 129804
86535 129831
86736 130134
86737 130137
86739 130143
86747 130167
86749 130173
86947 130470
86936 130434
86936 130428
86932 130416
86938 130440
87144 130749
87141 130740
87143 130755
87127 130698
87146 130764
87344 131052
87348 131070
87344 131061
87343 131055
87335 131034
87537 131331
87533 131316
87543 131355
87544 131361
87533 131325
87747 131667
87747 131658
87743 131655
87725 131601
87729 131613
87936 131928
87951 131979
87937 131931
87919 131877
87939 131937
88143 132255
88144 132258
88133 132216
88127 132198
88133 132225
88338 132540
88349 132573
88337 132537
88330 132510
88331 132519
88543 132858
88551 132882
88538 132840
88544 132861
88523 132795
88757 133200
88746 133164
88747 133167
88749 133173
88729 133113
88940 133446
88946 133464
88945 133461
88932 133425
88932 133425
89129 133704
89155 133794
89148 133773
89151 133782
89115 133674
89343 134055
89333 134025
89343 134049
89345 134061
89321 133992
89544 134352
89541 134352
89530 134316
89539 134343
89534 134328
89749 134676
89749 134676
89746 134664
89723 134586
89733 134625
89940 134937
89946 134967
89946 134967
89934 134928
89939 134934
90141 135243
90137 135237
90124 135192
90143 135258
90137 135237
90338 135540
90335 135522
90342 135543
90320 135486
90331 135510
90554 135891
90550 135879
90543 135858
90535 135825
90527 135807
90727 136110
90753 136185
90734 136119
90735 136131
90744 136158
90948 136470
90945 136455
90950 136479
90921 136380
90942 136455
91142 136755
91148 136770
91149 136776
91136 136737
91143 136758
91338 137043
91340 137049
91331 137013
91329 137016
91332 137016
91555 137391
91536 137334
91533 137328
91546 137367
91537 137337
91734 137631
91737 137640
91741 137649
91724 137601
91716 137574
91947 137967
91937 137931
91930 137919
91936 137934
91934 137928
92130 138207
92135 138225
92145 138264
92149 138273
92139 138243
92338 138534
92337 138537
92331 138519
92337 138528
92344 138558
92542 138852
92547 138870
92536 138837
92547 138867
92529 138813
92760 139209
92743 139155
92735 139122
92730 139119
92739 139143
92948 139473
92930 139419
92935 139422
92931 139422
92941 139452
93133 139725
93144 139761
93137 139740
93136 139734
93128 139704
93345 140055
93341 140052
93341 140049
93339 140046
93349 140073
93544 140352
93541 140349
93547 140367
93536 140337
93541 140349
93732 140625
93742 140646
93740 140649
93750 140679
93742 140652
93938 140940
93927 140901
93944 140958
93941 140943
93939 140943
94142 141252
94140 141249
94135 141234
94142 141255
94125 141201
94343 141546
94349 141567
94336 141537
94343 141555
94327 141507
94541 141852
94545 141855
94533 141819
94532 141813
94545 141861
94750 142176
94743 142158
94736 142134
94723 142095
94731 142119
94906 142347
94942 142455
94931 142422
94941 142452
94926 142404
95152 142785
95125 142701
95142 142752
95127 142707
95126 142704
95345 143064
95351 143079
95339 143046
95344 143058
95338 143043
95546 143367
95530 143319
95513 143259
95533 143319
95528 143304
95736 143634
95734 143628
95739 143643
95735 143625
95727 143610
95953 143985
95936 143934
95940 143940
95933 143925
95943 143955
96139 144243
96152 144282
96135 144225
96137 144237
96142 144252
96339 144546
96346 144567
96337 144540
96336 144537
96322 144495
96550 144876
96543 144855
96542 144852
96542 144852
96523 144786
96738 145140
96737 145140
96743 145158
96726 145107
96737 145137
96945 145461
96941 145452
96936 145434
96929 145407
96933 145428
97134 145731
97138 145740
97148 145773
97142 145755
97133 145728
97348 146073
97340 146046
97337 146037
97351 146079
97339 146043
97550 146379
97533 146325
97544 146358
97526 146304
97509 146244
97746 146667
97747 146670
97752 146685
97737 146640
97717 146577
97945 146961
97946 146967
97940 146946
97937 146928
97940 146946
98139 147243
98146 147264
98142 147243
98141 147252
98145 147255
98349 147576
98346 147567
98339 147537
98337 147540
98326 147504
98553 147888
98546 147867
98542 147855
98544 147858
98531 147819
98750 148176
98745 148161
98718 148080
98722 148095
98734 148119
98949 148476
98952 148482
98936 148428
98948 148470
98928 148404
99146 148767
99140 148749
99119 148683
99143 148758
99142 148752
99340 149040
99332 149025
99340 149046
99349 149073
99340 149046
99544 149361
99528 149301
99529 149313
99545 149364
99540 149346
99742 149655
99728 149604
99750 149679
99730 149607
99740 149649
99939 149937
99951 149982
99934 149931
99947 149967
99929 149916
