178 273
172 264
172 261
176 273
173 267
376 585
369 564
362 540
373 573
374 576
573 876
569 870
575 888
564 855
560 843
776 1191
773 1185
759 1134
773 1191
766 1161
969 1473
972 1482
961 1437
966 1461
966 1464
1173 1791
1172 1788
1161 1755
1170 1782
1159 1743
1372 2091
1369 2079
1365 2070
1360 2055
1359 2049
1578 2409
1569 2382
1560 2352
1549 2319
1559 2349
1760 2655
1775 2706
1762 2658
1764 2673
1761 2655
1955 2937
1955 2940
1962 2967
1959 2958
1946 2913
2152 3231
2167 3285
2161 3267
2156 3249
2160 3261
2362 3561
2368 3588
2355 3540
2354 3546
2346 3513
2566 3879
2567 3882
2570 3894
2559 3849
2564 3873
2756 4143
2755 4146
2758 4155
2761 4167
2753 4134
2962 4467
2949 4428
2953 4443
2958 4455
2957 4452
3164 4773
3143 4713
3155 4746
3153 4743
3158 4758
3365 5076
3362 5076
3368 5085
3359 5061
3354 5043
3563 5364
3554 5343
3544 5313
3554 5343
3554 5343
3768 5694
3759 5658
3760 5664
3763 5673
3757 5652
3958 5955
3956 5949
3961 5973
3950 5931
3955 5940
4165 6285
4165 6285
4162 6276
4145 6219
4154 6252
4355 6546
4358 6564
4364 6582
4355 6546
4352 6549
4555 6846
4564 6882
4556 6858
4544 6822
4556 6858
4764 7176
4752 7137
4763 7179
4750 7131
4762 7170
4958 7464
4952 7431
4962 7476
4934 7383
4954 7455
5157 7761
5155 7758
5160 7770
5150 7740
5157 7761
5367 8085
5369 8097
5356 8061
5362 8076
5356 8061
5561 8376
5564 8382
5563 8382
5553 8349
5533 8280
5765 8685
5758 8664
5763 8679
5749 8628
5747 8631
5956 8958
5964 8985
5952 8940
5951 8946
5962 8976
6146 9222
6149 9237
6156 9261
6143 9219
6158 9267
6360 9573
6351 9546
6359 9570
6356 9561
6350 9543
6562 9867
6553 9840
6559 9876
6561 9882
6532 9789
6768 10197
6765 10185
6765 10194
6751 10152
6753 10152
6961 10476
6957 10464
6950 10434
6949 10440
6940 10401
7140 10710
7168 10794
7152 10740
7142 10719
7150 10743
7369 11097
7361 11073
7355 11055
7351 11034
7348 11043
7568 11397
7548 11337
7565 11394
7562 11385
7543 11328
7765 11685
7756 11661
7759 11676
7740 11610
7751 11646
7958 11964
7945 11925
7940 11919
7952 11946
7956 11958
8127 12171
8156 12267
8156 12261
8145 12234
8158 12273
8359 12567
8357 12561
8353 12540
8356 12567
8348 12543
8541 12813
8563 12888
8564 12894
8553 12852
8550 12843
8746 13128
8748 13137
8757 13173
8750 13143
8741 13113
8965 13497
8953 13449
8954 13452
8952 13455
8932 13389
9157 13773
9147 13740
9151 13743
9144 13731
9155 13764
9335 13998
9354 14064
9356 14058
9350 14043
9343 14028
9563 14379
9556 14358
9548 14334
9560 14382
9560 14382
9758 14667
9758 14664
9759 14679
9745 14625
9751 14655
9964 14991
9955 14967
9948 14946
9956 14961
9949 14937
10165 15297
10155 15264
10155 15255
10140 15219
10142 15228
10361 15573
10350 15549
10357 15570
10348 15543
10337 15504
10548 15843
10553 15858
10549 15846
10545 15834
10554 15861
10756 16167
10756 16170
10751 16155
10764 16191
10742 16125
10955 16467
10958 16464
10949 16449
10937 16401
10943 16431
11160 16782
11153 16758
11154 16761
11158 16776
11148 16746
11341 17022
11353 17061
11351 17052
11358 17073
11347 17034
11523 17268
11555 17364
11556 17370
11543 17328
11552 17355
11746 17640
11765 17697
11753 17652
11749 17646
11741 17613
11964 17991
11953 17958
11949 17946
11954 17964
11954 17961
12153 18258
12156 18267
12141 18225
12155 18264
12155 18264
12353 18561
12357 18573
12357 18573
12346 18537
12336 18501
12546 18840
12528 18777
12563 18888
12551 18852
12544 18834
12752 19158
12750 19152
12755 19167
12758 19173
12747 19140
12939 19416
12953 19461
12946 19440
12949 19449
12946 19440
13156 19767
13148 19746
13142 19725
13141 19722
13149 19746
13365 20097
13343 20028
13348 20043
13357 20073
13332 19995
13557 20373
13554 20370
13555 20373
13553 20361
13556 20370
13759 20676
13755 20667
13757 20670
13744 20634
13727 20583
13943 20931
13962 20988
13961 20982
13933 20901
13955 20973
14142 21225
14157 21270
14121 21162
14138 21213
14154 21261
14356 21567
14356 21567
14357 21573
14337 21513
14348 21552
14556 21870
14552 21855
14550 21858
14553 21852
14549 21840
14763 22188
14752 22164
14725 22074
14756 22167
14746 22140
14943 22431
14953 22458
14960 22488
14940 22422
14953 22458
15151 22761
15146 22740
15158 22776
15160 22788
15160 22788
15355 23064
15358 23082
15365 23103
15346 23037
15345 23025
15559 23385
15556 23367
15528 23286
15552 23355
15538 23316
15761 23691
15745 23643
15749 23637
15749 23640
15728 23583
15958 23982
15947 23940
15941 23925
15940 23928
15949 23949
16135 24207
16154 24270
16144 24240
16146 24237
16150 24252
16360 24579
16350 24552
16323 24468
16340 24519
16339 24519
16543 24822
16555 24873
16554 24870
16558 24882
16544 24831
16760 25188
16739 25116
16756 25170
16741 25131
16735 25107
16968 25512
16944 25440
16947 25449
16955 25467
16923 25371
17151 25755
17150 25749
17146 25737
17146 25740
17138 25716
17342 26028
17360 26088
17354 26070
17353 26061
17339 26019
17545 26337
17536 26307
17549 26358
17537 26322
17555 26367
17747 26640
17756 26679
17748 26646
17736 26610
17736 26616
17953 26967
17949 26955
17942 26937
17941 26925
17932 26895
18149 27246
18132 27195
18120 27168
18143 27240
18139 27225
18354 27564
18347 27543
18357 27579
18357 27573
18342 27534
18548 27846
18542 27828
18540 27828
18536 27807
18551 27861
18744 28134
18752 28164
18749 28149
18746 28137
18752 28164
18956 28470
18936 28410
18959 28488
18924 28371
18949 28455
19154 28770
19149 28755
19154 28773
19149 28755
19130 28689
19355 29064
19355 29076
19348 29046
19347 29049
19350 29058
19543 29322
19560 29391
19558 29382
19545 29346
19549 29349
19751 29661
19753 29670
19753 29658
19757 29682
19735 29616
19956 29967
19951 29961
19940 29922
19940 29922
19949 29946
20152 30264
20156 30276
20139 30216
20149 30255
20150 30258
20350 30549
20339 30525
20345 30543
20346 30546
20353 30570
20562 30894
20555 30864
20556 30876
20548 30846
20538 30816
20751 31152
20759 31185
20738 31116
20740 31131
20755 31173
20940 31422
20955 31473
20941 31422
20944 31431
20938 31422
21156 31779
21148 31755
21146 31746
21152 31758
21144 31734
21352 32067
21354 32064
21341 32022
21346 32040
21348 32052
21565 32406
21536 32319
21541 32331
21543 32328
21546 32349
21759 32679
21761 32694
21751 32661
21750 32661
21732 32607
21954 32961
21951 32961
21952 32964
21947 32949
21945 32934
22156 33276
22143 33228
22148 33246
22140 33228
22145 33243
22351 33552
22354 33570
22347 33549
22346 33549
22349 33549
22555 33864
22547 33849
22550 33852
22549 33846
22545 33843
22757 34179
22746 34146
22740 34128
22746 34137
22745 34143
22957 34482
22954 34473
22944 34440
22959 34488
22944 34443
23128 34692
23153 34767
23147 34749
23139 34719
23143 34737
23360 35088
23347 35049
23339 35025
23352 35064
23334 35013
23553 35370
23530 35292
23539 35325
23544 35343
23548 35355
23754 35670
23732 35604
23760 35688
23740 35619
23748 35652
23943 35937
23951 35952
23959 35988
23948 35952
23948 35955
24146 36249
24132 36207
24144 36240
24144 36240
24121 36171
24346 36540
24359 36585
24349 36549
24344 36540
24329 36489
24541 36834
24543 36840
24551 36861
24546 36849
24532 36804
24751 37161
24761 37194
24738 37122
24740 37128
24748 37152
24946 37449
24957 37482
24926 37389
24943 37437
24942 37437
25154 37770
25157 37782
25140 37731
25145 37746
25152 37764
25351 38061
25343 38040
25343 38037
25340 38019
25352 38064
25540 38328
25554 38370
25553 38367
25556 38379
25552 38367
25743 38637
25750 38658
25743 38637
25738 38622
25738 38622
25965 39012
25928 38886
25955 38973
25951 38961
25935 38913
26152 39267
26155 39276
26146 39246
26142 39237
26134 39213
26348 39555
26343 39540
26336 39516
26343 39528
26348 39555
26536 39816
26552 39864
26547 39852
26546 39846
26536 39825
26754 40173
26740 40128
26758 40185
26744 40140
26751 40164
26936 40410
26945 40443
26935 40416
26952 40467
26939 40428
27157 40782
27138 40725
27142 40737
27145 40752
27139 40728
27350 41049
27339 41016
27347 41043
27347 41052
27349 41064
27538 41313
27555 41373
27548 41361
27536 41325
27542 41334
27755 41676
27751 41661
27749 41655
27731 41604
27735 41613
27955 41976
27945 41952
27932 41904
27935 41916
27937 41919
28153 42267
28145 42246
28153 42276
28149 42264
28136 42216
28354 42579
28351 42561
28347 42558
28343 42531
28347 42558
28549 42855
28555 42873
28557 42888
28556 42885
28551 42864
28750 43161
28752 43167
28738 43125
28726 43089
28740 43131
28956 43485
28954 43479
28955 43482
28938 43431
28950 43467
29147 43749
29146 43749
29152 43764
29121 43671
29144 43740
29334 44010
29350 44058
29339 44028
29348 44061
29338 44025
29547 44349
29543 44337
29540 44337
29555 44382
29551 44370
29765 44712
29758 44691
29752 44673
29755 44682
29726 44589
29954 44973
29952 44967
29942 44943
29950 44967
29941 44931
30146 45246
30155 45282
30146 45255
30143 45240
30149 45258
30360 45597
30352 45564
30342 45537
30339 45525
30340 45537
30557 45879
30545 45846
30552 45864
30547 45852
30540 45831
30759 46188
30749 46158
30745 46152
30743 46137
30737 46119
30953 46476
30946 46449
30943 46437
30943 46446
30950 46467
31134 46719
31139 46725
31147 46749
31142 46737
31132 46704
31335 47013
31344 47040
31336 47025
31345 47052
31337 47028
31547 47349
31541 47340
31544 47343
31545 47352
31542 47334
31752 47664
31713 47556
31737 47619
31743 47646
31745 47646
31927 47889
31942 47934
31941 47940
31951 47964
31944 47940
32150 48258
32146 48255
32151 48261
32146 48255
32136 48219
32362 48603
32336 48525
32353 48570
32342 48534
32334 48519
32531 48792
32554 48870
32542 48834
32539 48834
32532 48804
32761 49200
32751 49161
32730 49098
32753 49176
32746 49155
32945 49446
32955 49482
32947 49458
32951 49464
32943 49440
33145 49743
33150 49767
33150 49761
33150 49758
33131 49701
33344 50040
33351 50070
33347 50052
33337 50022
33345 50046
33556 50376
33548 50361
33552 50373
33520 50271
33542 50334
33751 50664
33756 50688
33750 50667
33745 50646
33741 50640
33948 50955
33925 50883
33943 50937
33944 50949
33950 50967
34146 51255
34149 51264
34153 51267
34146 51255
34151 51270
34341 51531
34348 51561
34346 51555
34345 51543
34320 51477
34545 51852
34539 51825
34541 51831
34534 51804
34539 51834
34755 52185
34749 52167
34746 52149
34743 52146
34740 52131
34949 52458
34943 52428
34942 52446
34948 52461
34947 52452
35150 52761
35140 52731
35148 52761
35128 52701
35143 52746
35344 53040
35354 53082
35351 53064
35347 53052
35333 53016
35548 53361
35540 53328
35548 53361
35551 53361
35549 53364
35741 53640
35742 53637
35741 53634
35747 53658
35741 53631
35959 53985
35950 53961
35933 53910
35948 53952
35943 53940
36155 54285
36150 54261
36157 54279
36137 54222
36143 54246
36334 54510
36336 54519
36344 54543
36333 54507
36340 54537
36545 54855
36551 54864
36555 54882
36543 54840
36519 54768
36739 55128
36736 55125
36739 55134
36741 55131
36741 55131
36953 55476
36950 55467
36944 55449
36940 55437
36944 55443
37158 55794
37156 55776
37146 55746
37153 55776
37134 55713
37349 56058
37345 56052
37336 56025
37319 55965
37346 56049
37545 56352
37542 56343
37543 56337
37557 56391
37546 56358
37717 56559
37744 56640
37737 56619
37728 56604
37739 56634
37959 56994
37954 56979
37922 56883
37939 56937
37934 56913
38159 57297
38146 57255
38145 57255
38144 57240
38132 57213
38355 57582
38317 57462
38349 57564
38333 57507
38344 57549
38551 57861
38526 57795
38543 57849
38548 57861
38530 57801
38738 58131
38752 58164
38725 58083
38750 58170
38734 58119
38944 58440
38936 58419
38956 58485
38939 58434
38934 58410
39159 58794
39151 58770
39150 58767
39142 58746
39145 58746
39350 59067
39349 59064
39354 59079
39345 59055
39327 58998
39554 59379
39530 59310
39551 59370
39531 59313
39546 59355
39743 59640
39753 59667
39743 59640
39755 59682
39732 59604
39950 59967
39953 59976
39942 59946
39937 59928
39933 59910
40144 60243
40141 60243
40141 60231
40143 60237
40140 60228
40357 60591
40353 60570
40350 60567
40346 60558
40326 60498
40556 60885
40550 60858
40542 60843
40538 60822
40544 60849
40737 61128
40738 61125
40733 61107
40742 61143
40740 61140
40952 61476
40937 61428
40950 61470
40950 61467
40934 61419
41135 61725
41151 61770
41141 61734
41142 61743
41147 61758
41349 62067
41346 62055
41345 62052
41342 62046
41342 62034
41549 62364
41555 62385
41541 62340
41547 62358
41551 62373
41748 62661
41740 62637
41735 62616
41728 62595
41745 62655
41951 62973
41949 62967
41957 62991
41938 62931
41939 62937
42159 63294
42148 63261
42136 63225
42150 63270
42145 63255
42354 63579
42346 63546
42348 63561
42346 63555
42335 63513
42556 63885
42550 63867
42542 63843
42533 63816
42534 63822
42759 64194
42740 64131
42726 64098
42741 64140
42739 64134
42928 64401
42946 64455
42947 64458
42941 64440
42938 64431
43144 64752
43150 64767
43140 64740
43141 64740
43137 64728
43348 65052
43347 65058
43342 65043
43346 65058
43347 65058
43552 65373
43547 65361
43543 65346
43538 65331
43524 65289
43741 65640
43739 65634
43733 65610
43743 65646
43725 65592
43935 65922
43952 65973
43941 65940
43946 65958
43941 65940
44151 66270
44149 66267
44141 66240
44130 66207
44137 66222
44347 66558
44350 66558
44337 66531
44342 66534
44335 66525
44549 66867
44540 66831
44548 66852
44550 66870
44542 66843
44744 67149
44742 67143
44750 67167
44741 67140
44742 67143
44949 67467
44941 67434
44946 67449
44950 67470
44945 67455
45145 67752
45149 67755
45151 67770
45125 67686
45143 67737
45352 68076
45351 68073
45337 68031
45337 68031
45312 67947
45537 68322
45550 68367
45536 68328
45550 68370
45532 68313
45754 68679
45748 68664
45737 68628
45739 68634
45745 68655
45937 68928
45949 68964
45939 68925
45949 68967
45947 68961
46157 69288
46139 69234
46155 69285
46141 69243
46129 69195
46351 69573
46348 69561
46344 69543
46325 69492
46345 69555
46563 69906
46548 69861
46547 69858
46537 69828
46532 69813
46753 70176
46748 70161
46748 70164
46744 70152
46745 70152
46943 70446
46950 70467
46944 70452
46947 70461
46942 70443
47165 70812
47134 70719
47142 70743
47140 70737
47140 70737
47342 71046
47343 71046
47333 71016
47349 71067
47333 71016
47552 71373
47545 71355
47546 71355
47542 71343
47544 71349
47762 71703
47738 71634
47735 71616
47743 71646
47742 71646
47951 71970
47938 71922
47952 71976
47952 71976
47931 71904
48142 72243
48141 72234
48131 72210
48135 72225
48145 72255
48349 72567
48337 72528
48346 72555
48332 72516
48330 72507
48523 72777
48537 72828
48530 72810
48544 72849
48544 72849
48752 73173
48737 73128
48751 73170
48750 73167
48744 73152
48943 73449
48939 73437
48937 73428
48937 73428
48927 73398
49143 73749
49150 73761
49157 73791
49141 73743
49142 73746
49346 74055
49343 74049
49338 74034
49327 73998
49323 73986
49535 74322
49537 74328
49552 74373
49535 74325
49544 74352
49755 74685
49747 74658
49752 74676
49747 74658
49731 74604
49932 74916
49941 74934
49948 74961
49947 74958
49931 74913
50143 75246
50152 75276
50130 75207
50138 75231
50147 75267
50351 75570
50342 75543
50349 75567
50336 75525
50334 75519
50532 75813
50553 75876
50537 75828
50539 75837
50544 75852
50755 76182
50744 76152
50740 76131
50727 76089
50741 76149
50953 76479
50955 76485
50948 76461
50923 76389
50930 76407
51155 76785
51127 76698
51140 76740
51139 76737
51143 76749
51350 77076
51350 77070
51329 76995
51342 77043
51343 77046
51553 77376
51543 77337
51529 77307
51548 77364
51536 77325
51729 77604
51747 77667
51744 77652
51741 77640
51739 77634
51952 77973
51949 77964
51944 77949
51938 77922
51931 77919
52134 78219
52142 78243
52146 78255
52145 78255
52140 78237
52348 78564
52334 78519
52334 78522
52336 78525
52332 78507
52543 78846
52544 78840
52536 78825
52543 78846
52524 78792
52740 79140
52744 79149
52749 79164
52739 79137
52740 79137
52946 79455
52952 79482
52955 79485
52941 79440
52937 79428
53137 79728
53157 79791
53147 79767
53150 79776
53146 79758
53337 80028
53337 80031
53342 80046
53337 80028
53328 80010
53552 80382
53550 80367
53546 80355
53531 80313
53530 80307
53730 80601
53743 80646
53748 80664
53733 80619
53737 80631
53954 80982
53938 80940
53927 80901
53938 80940
53944 80958
54134 81222
54146 81255
54148 81264
54126 81189
54144 81252
54352 81573
54333 81510
54344 81549
54321 81480
54332 81516
54538 81831
54542 81846
54533 81819
54528 81801
54544 81852
54743 82149
54740 82140
54742 82143
54742 82146
54724 82092
54949 82473
54943 82446
54931 82413
54936 82416
54949 82467
55135 82716
55145 82743
55139 82737
55133 82716
55136 82734
55344 83049
55344 83043
55340 83040
55327 83007
55352 83082
55545 83355
55531 83313
55521 83280
55539 83337
55534 83319
55752 83673
55726 83604
55743 83646
55726 83595
55741 83643
55949 83964
55947 83967
55937 83928
55938 83934
55948 83961
56136 84225
56152 84282
56146 84264
56131 84219
56143 84249
56348 84570
56347 84561
56327 84498
56340 84546
56347 84561
56544 84849
56544 84852
56542 84843
56538 84834
56544 84852
56749 85167
56739 85134
56746 85155
56724 85092
56732 85113
56947 85467
56933 85416
56937 85428
56941 85440
56941 85449
57141 85740
57147 85758
57140 85740
57148 85761
57127 85701
57358 86094
57339 86043
57345 86046
57334 86022
57327 85998
57550 86367
57535 86322
57545 86352
57542 86346
57539 86334
57749 86667
57741 86649
57740 86637
57736 86628
57741 86643
57959 87003
57938 86931
57926 86886
57930 86910
57942 86946
58152 87273
58155 87282
58148 87270
58150 87267
58139 87237
58324 87489
58340 87537
58335 87525
58348 87561
58347 87567
58553 87885
58536 87825
58544 87852
58541 87840
58539 87834
58743 88149
58738 88134
58750 88167
58741 88143
58734 88119
58945 88455
58944 88458
58941 88449
58953 88479
58935 88422
59157 88791
59154 88788
59142 88743
59129 88713
59140 88740
59350 89076
59351 89079
59354 89079
59332 89016
59348 89061
59556 89394
59549 89364
59543 89355
59522 89283
59536 89334
59745 89652
59752 89676
59734 89619
59721 89589
59727 89598
59948 89961
59937 89928
59952 89973
59944 89949
59952 89973
60141 90243
60125 90192
60138 90231
60141 90243
60142 90243
60356 90585
60348 90570
60341 90549
60341 90534
60330 90501
60533 90825
60540 90840
60543 90855
60536 90828
60538 90834
60744 91152
60738 91131
60748 91161
60735 91122
60740 91146
60934 91422
60946 91449
60936 91425
60941 91443
60933 91419
61155 91791
61138 91731
61142 91752
61135 91731
61134 91728
61345 92052
61321 91983
61342 92052
61334 92019
61340 92037
61549 92373
61543 92349
61532 92313
61529 92307
61550 92376
61758 92700
61745 92655
61739 92643
61742 92652
61744 92652
61940 92946
61931 92913
61947 92967
61948 92970
61938 92940
62145 93252
62134 93222
62144 93258
62142 93234
62141 93249
62339 93537
62347 93561
62342 93546
62339 93534
62342 93552
62550 93867
62557 93879
62544 93852
62546 93855
62537 93828
62750 94176
62753 94185
62743 94146
62738 94134
62731 94119
62937 94431
62954 94488
62943 94455
62943 94437
62940 94437
63136 94728
63137 94728
63127 94701
63143 94749
63127 94701
63357 95088
63347 95061
63338 95040
63322 94983
63334 95019
63526 95298
63540 95340
63542 95352
63532 95313
63527 95298
63753 95685
63723 95577
63727 95598
63749 95664
63739 95637
63932 95916
63938 95931
63953 95979
63942 95952
63942 95943
64156 96288
64138 96231
64136 96228
64139 96234
64128 96201
64358 96600
64342 96543
64316 96459
64348 96570
64348 96564
64543 96855
64550 96876
64539 96834
64538 96834
64530 96807
64747 97167
64735 97131
64746 97155
64722 97083
64738 97140
64948 97464
64940 97440
64939 97443
64942 97452
64925 97392
65149 97767
65145 97755
65135 97713
65147 97761
65142 97743
65343 98049
65335 98022
65343 98046
65351 98079
65337 98028
65550 98376
65550 98376
65545 98355
65546 98364
65524 98292
65753 98676
65745 98661
65752 98676
65739 98643
65735 98622
65954 98988
65955 98991
65956 98994
65932 98916
65939 98943
66148 99270
66141 99243
66147 99267
66138 99240
66151 99279
66326 99504
66347 99561
66327 99498
66345 99552
66343 99546
66539 99837
66552 99873
66549 99867
66539 99837
66530 99807
66753 100179
66743 100146
66741 100140
66743 100146
66745 100152
66937 100437
66947 100461
66950 100476
66928 100401
66925 100401
67129 100704
67147 100767
67122 100686
67137 100728
67148 100773
67337 101028
67346 101064
67322 100986
67337 101022
67329 101004
67559 101403
67551 101370
67536 101328
67535 101322
67541 101349
67750 101667
67751 101679
67739 101643
67753 101688
67749 101673
67929 101913
67931 101910
67938 101931
67947 101967
67944 101958
68147 102267
68148 102270
68119 102183
68140 102246
68138 102240
68342 102543
68347 102558
68347 102561
68343 102555
68337 102531
68552 102882
68549 102873
68544 102858
68538 102840
68534 102828
68748 103164
68722 103086
68752 103182
68745 103161
68737 103137
68954 103488
68947 103461
68924 103392
68935 103422
68931 103410
69157 103797
69125 103695
69147 103767
69150 103776
69139 103737
69337 104028
69328 104004
69342 104052
69331 104010
69346 104064
69545 104352
69550 104379
69541 104343
69543 104349
69533 104319
69747 104667
69743 104655
69741 104643
69748 104670
69725 104595
69951 104970
69937 104937
69943 104946
69951 104973
69929 104913
70124 105189
70145 105261
70132 105213
70134 105231
70128 105204
70349 105576
70347 105567
70339 105537
70343 105555
70342 105552
70543 105855
70539 105837
70544 105858
70547 105867
70539 105834
70754 106188
70737 106137
70723 106086
70739 106134
70741 106149
70933 106416
70927 106401
70944 106452
70928 106392
70941 106452
71133 106716
71147 106761
71154 106788
71136 106734
71124 106692
71329 107004
71348 107073
71340 107046
71335 107022
71336 107028
71541 107340
71522 107292
71553 107379
71536 107334
71524 107298
71753 107685
71741 107649
71739 107628
71736 107625
71736 107625
71943 107949
71947 107967
71944 107958
71937 107937
71928 107904
72154 108291
72143 108255
72140 108246
72133 108219
72143 108255
72329 108504
72330 108507
72352 108576
72340 108540
72334 108522
72539 108834
72541 108840
72539 108843
72549 108876
72536 108834
72726 109095
72738 109140
72750 109176
72738 109140
72735 109131
72951 109470
72950 109479
72935 109422
72927 109401
72936 109434
73127 109698
73140 109746
73155 109791
73147 109770
73140 109746
73343 110055
73348 110070
73341 110049
73333 110025
73341 110049
73544 110361
73535 110316
73536 110334
73550 110376
73536 110325
73753 110685
73744 110649
73742 110643
73721 110589
73749 110664
73939 110937
73948 110970
73951 110979
73946 110964
73925 110886
74134 111222
74150 111276
74147 111267
74147 111267
74129 111213
74353 111585
74332 111522
74326 111504
74324 111492
74336 111528
74539 111834
74553 111885
74522 111783
74529 111807
74537 111837
74751 112179
74747 112158
74755 112194
74755 112194
74738 112140
74947 112467
74944 112461
74950 112476
74937 112437
74939 112443
75153 112788
75147 112770
75142 112752
75119 112677
75113 112656
75330 113016
75329 113004
75340 113040
75341 113049
75339 113046
75542 113343
75535 113325
75542 113352
75545 113361
75530 113307
75740 113637
75749 113664
75744 113649
75726 113595
75718 113571
75947 113967
75952 113982
75942 113946
75913 113859
75929 113904
76154 114288
76149 114267
76140 114237
76134 114228
76134 114228
76351 114579
76340 114549
76311 114450
76347 114567
76339 114534
76548 114870
76543 114855
76529 114804
76538 114834
76540 114840
76748 115173
76738 115143
76741 115143
76734 115128
76752 115185
76936 115425
76938 115440
76941 115440
76916 115365
76952 115482
77150 115776
77140 115746
77132 115722
77156 115797
77144 115758
77340 116046
77326 116004
77340 116049
77333 116019
77338 116034
77542 116355
77550 116367
77544 116349
77542 116352
77522 116292
77754 116688
77749 116676
77742 116652
77724 116598
77727 116598
77934 116919
77950 116976
77953 116985
77939 116943
77931 116919
78147 117261
78130 117216
78137 117237
78130 117207
78129 117213
78345 117552
78346 117555
78313 117465
78326 117495
78339 117543
78535 117825
78545 117861
78536 117837
78535 117825
78538 117840
78743 118146
78740 118146
78735 118131
78739 118146
78742 118155
78956 118497
78956 118494
78936 118425
78927 118407
78922 118386
79150 118779
79138 118731
79145 118764
79142 118752
79137 118740
79343 119055
79343 119049
79338 119040
79335 119034
79336 119034
79549 119367
79542 119343
79548 119373
79529 119316
79538 119340
79755 119691
79746 119664
79749 119673
79749 119673
79746 119664
79946 119967
79941 119949
79942 119946
79935 119931
79923 119895
80147 120270
80136 120234
80139 120246
80145 120261
80131 120213
80329 120513
80352 120582
80343 120555
80346 120567
80342 120552
80539 120846
80542 120852
80530 120807
80543 120855
80548 120873
80746 121164
80721 121083
80744 121158
80739 121143
80734 121122
80943 121455
80932 121422
80940 121446
80927 121407
80929 121416
81141 121740
81152 121782
81132 121722
81130 121716
81135 121731
81341 122040
81347 122070
81338 122043
81328 122010
81328 122010
81546 122355
81542 122352
81549 122376
81531 122322
81529 122313
81751 122670
81746 122664
81745 122661
81746 122658
81733 122625
81939 122943
81936 122928
81940 122946
81939 122946
81950 122979
82150 123276
82132 123216
82136 123234
82137 123228
82138 123243
82335 123525
82347 123567
82331 123510
82328 123501
82332 123522
82543 123855
82551 123879
82529 123813
82535 123825
82543 123855
82753 124188
82733 124125
82750 124176
82733 124116
82743 124158
82937 124437
82947 124467
82939 124434
82951 124482
82922 124383
83144 124752
83140 124749
83117 124668
83153 124788
83141 124749
83347 125067
83347 125067
83349 125073
83335 125031
83338 125040
83539 125346
83537 125337
83548 125373
83521 125289
83532 125316
83756 125694
83744 125658
83747 125667
83738 125640
83733 125616
83936 125925
83938 125934
83940 125937
83923 125895
83935 125922
84139 126237
84141 126243
84144 126258
84126 126195
84134 126228
84346 126564
84350 126579
84349 126576
84338 126540
84337 126531
84529 126813
84547 126867
84545 126864
84548 126870
84539 126834
84744 127158
84748 127170
84743 127158
84741 127149
84715 127065
84947 127470
84940 127437
84942 127455
84934 127431
84924 127398
85131 127719
85139 127743
85149 127764
85128 127710
85137 127731
85344 128061
85340 128046
85345 128064
85343 128055
85345 128061
85547 128361
85552 128382
85527 128307
85534 128328
85535 128322
85751 128670
85734 128628
85748 128673
85742 128655
85731 128619
85952 128982
85941 128949
85946 128964
85936 128925
85941 128949
86147 129258
86138 129240
86149 129276
86135 129222
86132 129216
86339 129543
86336 129534
86337 129531
86337 129531
86330 129510
86545 129861
86546 129864
86525 129795
86543 129858
86529 129807
86746 130164
86750 130179
86747 130170
86735 130122
86731 130113
86923 130389
86945 130464
86943 130458
86924 130398
86928 130404
87156 130794
87148 130770
87130 130707
87145 130755
87129 130713
87340 131049
87347 131067
87337 131040
87343 131055
87344 131061
87553 131385
87540 131346
87549 131373
87537 131337
87531 131322
87742 131652
87749 131673
87745 131652
87745 131664
87746 131667
87945 131961
87947 131967
87941 131952
87942 131955
87938 131931
88156 132285
88149 132273
88145 132264
88148 132270
88140 132249
88337 132528
88354 132588
88339 132546
88341 132549
88343 132558
88557 132897
88544 132858
88550 132879
88549 132873
88551 132870
88744 133158
88730 133119
88744 133161
88737 133137
88741 133149
88932 133422
88937 133437
88940 133449
88923 133395
88938 133443
89150 133776
89128 133710
89125 133695
89133 133728
89129 133716
89351 134079
89341 134049
89347 134070
89344 134061
89334 134031
89557 134397
89533 134316
89549 134373
89518 134280
89527 134307
89754 134688
89742 134655
89738 134640
89745 134661
89734 134631
89944 134958
89946 134955
89941 134949
89948 134970
89926 134904
90146 135258
90137 135237
90140 135246
90142 135255
90145 135261
90347 135561
90349 135573
90318 135465
90338 135540
90339 135543
90539 135837
90543 135849
90535 135822
90537 135837
90538 135831
90744 136161
90750 136179
90734 136131
90743 136155
90737 136140
90930 136407
90957 136500
90929 136407
90914 136362
90941 136449
91132 136725
91136 136734
91132 136722
91144 136758
91132 136722
91325 137001
91351 137073
91340 137046
91343 137058
91334 137028
91542 137355
91548 137370
91548 137370
91536 137325
91534 137322
91744 137658
91742 137655
91740 137637
91744 137658
91725 137601
91942 137955
91929 137913
91941 137949
91930 137919
91938 137934
92161 138309
92141 138249
92113 138165
92136 138228
92132 138225
92346 138564
92330 138516
92349 138573
92344 138561
92344 138558
92544 138858
92538 138840
92539 138846
92539 138843
92539 138843
92753 139185
92745 139164
92744 139149
92732 139116
92740 139146
92925 139392
92945 139464
92933 139428
92938 139440
92941 139452
93140 139746
93134 139728
93133 139725
93127 139707
93143 139758
93341 140052
93343 140058
93347 140067
93349 140076
93328 140001
93529 140313
93535 140331
93537 140340
93538 140340
93522 140292
93733 140625
93742 140652
93729 140613
93743 140658
93749 140673
93922 140886
93917 140877
93940 140949
93929 140913
93928 140901
94143 141249
94116 141174
94103 141129
94137 141240
94133 141228
94340 141540
94347 141567
94341 141549
94337 141537
94339 141546
94548 141870
94536 141834
94529 141807
94526 141798
94545 141864
94748 142170
94737 142128
94741 142152
94719 142083
94739 142146
94946 142467
94931 142422
94927 142407
94937 142437
94941 142443
95139 142746
95145 142764
95138 142743
95142 142752
95133 142725
95346 143064
95344 143061
95329 143004
95349 143076
95332 143022
95543 143355
95551 143382
95548 143364
95547 143367
95531 143322
95738 143640
95746 143667
95724 143601
95738 143640
95744 143658
95929 143907
95936 143934
95945 143961
95945 143964
95938 143934
96145 144264
96139 144243
96143 144255
96142 144252
96130 144216
96344 144558
96332 144522
96345 144555
96341 144543
96324 144492
96532 144813
96552 144882
96546 144864
96514 144771
96540 144846
96752 145182
96727 145098
96728 145104
96747 145167
96745 145161
96951 145479
96932 145413
96949 145473
96934 145431
96933 145428
97140 145746
97135 145725
97140 145746
97129 145713
97126 145704
97338 146043
97333 146025
97341 146049
97333 146025
97336 146034
97544 146358
97539 146343
97537 146340
97541 146352
97538 146340
97743 146655
97748 146670
97747 146667
97731 146619
97738 146643
97941 146949
97930 146916
97930 146916
97938 146943
97925 146901
98131 147219
98134 147231
98140 147249
98131 147222
98135 147234
98335 147531
98347 147567
98327 147507
98340 147549
98332 147522
98549 147867
98544 147858
98541 147849
98546 147858
98540 147846
98746 148164
98734 148128
98745 148161
98731 148110
98743 148155
98951 148479
98934 148428
98927 148407
98943 148458
98924 148398
99143 148758
99144 148761
99134 148722
99128 148701
99135 148722
99341 149052
99345 149064
99326 149007
99348 149070
99339 149043
99528 149313
99543 149349
99539 149346
99540 149349
99536 149337
99747 149658
99747 149667
99742 149652
99744 149652
99727 149610
99942 149946
99928 149913
99924 149898
99951 149988
99914 149862
