180 288
183 303
173 267
171 261
176 276
373 573
376 582
368 552
368 561
362 540
573 882
573 882
572 879
568 858
571 879
777 1197
766 1161
772 1179
770 1176
759 1140
974 1485
960 1434
953 1422
966 1464
956 1434
1164 1764
1173 1791
1168 1776
1172 1791
1156 1731
1367 2073
1372 2091
1365 2067
1357 2037
1359 2043
1572 2382
1567 2364
1545 2298
1547 2304
1553 2334
1767 2673
1767 2682
1765 2667
1749 2619
1763 2664
1974 3003
1958 2955
1971 2985
1964 2964
1963 2970
2160 3261
2167 3282
2172 3297
2161 3255
2150 3225
2368 3588
2349 3519
2365 3570
2366 3579
2364 3573
2559 3861
2564 3873
2552 3831
2557 3846
2554 3837
2763 4170
2757 4152
2755 4149
2750 4122
2747 4122
2968 4488
2965 4476
2966 4479
2957 4452
2956 4449
3167 4791
3165 4785
3161 4758
3160 4761
3161 4764
3368 5085
3362 5070
3358 5058
3359 5061
3350 5031
3556 5358
3561 5364
3559 5361
3559 5358
3558 5364
3765 5679
3752 5640
3762 5670
3762 5670
3760 5670
3970 6000
3946 5922
3964 5976
3942 5898
3960 5970
4163 6273
4153 6240
4156 6252
4150 6234
4146 6222
4355 6549
4369 6600
4365 6579
4349 6522
4353 6549
4565 6885
4564 6876
4557 6864
4541 6813
4551 6843
4773 7209
4762 7176
4750 7134
4762 7176
4755 7158
4958 7455
4953 7443
4954 7452
4939 7389
4957 7461
5167 7794
5152 7740
5140 7701
5164 7782
5147 7731
5361 8073
5351 8046
5357 8061
5353 8040
5350 8034
5554 8343
5562 8379
5563 8373
5543 8319
5556 8361
5755 8658
5765 8685
5756 8661
5757 8661
5749 8637
5951 8946
5953 8949
5933 8889
5951 8946
5947 8922
6163 9282
6155 9258
6150 9243
6158 9267
6158 9264
6362 9576
6361 9573
6360 9573
6358 9567
6357 9564
6562 9876
6555 9858
6563 9879
6553 9849
6553 9849
6754 10152
6747 10125
6759 10167
6747 10134
6750 10149
6956 10461
6953 10449
6957 10461
6952 10449
6946 10428
7161 10776
7152 10749
7158 10767
7145 10734
7143 10719
7351 11043
7351 11043
7365 11094
7358 11064
7354 11055
7558 11367
7565 11394
7557 11361
7545 11328
7540 11319
7757 11661
7756 11667
7760 11679
7748 11643
7747 11634
7962 11979
7961 11973
7961 11982
7961 11982
7950 11940
8168 12294
8161 12276
8157 12264
8152 12249
8154 12261
8352 12546
8357 12564
8351 12543
8325 12456
8330 12480
8566 12891
8550 12849
8561 12882
8547 12825
8541 12822
8766 13197
8764 13191
8753 13152
8747 13131
8751 13146
8961 13473
8949 13428
8952 13449
8954 13461
8956 13467
9161 13773
9158 13773
9126 13662
9136 13701
9154 13761
9360 14079
9349 14046
9340 14013
9346 14022
9356 14067
9552 14355
9557 14370
9539 14316
9543 14328
9556 14367
9749 14649
9750 14649
9747 14640
9758 14673
9756 14667
9952 14955
9953 14949
9960 14973
9956 14967
9958 14973
10158 15273
10157 15261
10155 15264
10157 15270
10149 15246
10362 15579
10363 15591
10329 15477
10354 15561
10339 15510
10551 15855
10563 15888
10550 15849
10548 15837
10535 15798
10759 16179
10749 16149
10754 16161
10752 16155
10739 16116
10961 16482
10948 16437
10959 16479
10947 16440
10940 16419
11144 16722
11141 16716
11151 16755
11144 16734
11137 16710
11362 17085
11350 17049
11352 17058
11361 17085
11335 16995
11547 17340
11552 17355
11558 17373
11552 17358
11539 17316
11744 17634
11760 17679
11752 17655
11734 17604
11748 17643
11956 17967
11951 17952
11939 17910
11943 17928
11947 17940
12162 18285
12159 18276
12156 18267
12135 18204
12145 18234
12366 18606
12354 18564
12331 18492
12343 18522
12359 18585
12548 18837
12559 18876
12557 18861
12554 18855
12545 18843
12755 19155
12741 19122
12754 19164
12749 19149
12738 19113
12954 19464
12953 19461
12936 19398
12948 19437
12947 19443
13158 19776
13145 19734
13137 19710
13134 19692
13136 19707
13347 20043
13347 20040
13356 20070
13343 20019
13345 20037
13555 20364
13555 20364
13543 20331
13546 20340
13551 20352
13755 20658
13757 20679
13756 20676
13738 20604
13749 20646
13965 20997
13944 20931
13951 20955
13958 20982
13938 20913
14147 21240
14143 21228
14140 21222
14144 21234
14150 21243
14366 21600
14348 21546
14340 21519
14339 21519
14342 21528
14560 21888
14558 21882
14552 21864
14545 21834
14541 21825
14756 22167
14756 22167
14744 22140
14746 22140
14740 22128
14945 22437
14958 22473
14941 22425
14945 22434
14958 22482
15146 22740
15156 22770
15135 22707
15138 22716
15148 22752
15356 23067
15347 23034
15350 23049
15358 23073
15340 23019
15558 23382
15548 23343
15543 23328
15537 23313
15548 23343
15750 23652
15760 23688
15751 23661
15754 23670
15748 23643
15958 23982
15953 23961
15947 23943
15944 23931
15944 23931
16140 24219
16157 24279
16124 24165
16139 24225
16152 24264
16353 24561
16349 24555
16345 24534
16349 24540
16351 24561
16546 24837
16545 24834
16560 24888
16554 24870
16539 24816
16753 25167
16722 25068
16752 25158
16735 25107
16737 25113
16946 25437
16952 25464
16956 25467
16945 25443
16958 25482
17165 25797
17155 25773
17157 25779
17150 25758
17146 25731
17357 26073
17347 26043
17352 26055
17347 26040
17349 26046
17556 26376
17547 26349
17545 26343
17550 26340
17549 26349
17759 26679
17742 26628
17756 26676
17733 26598
17747 26649
17960 26988
17957 26979
17953 26961
17951 26961
17947 26949
18147 27249
18145 27237
18154 27270
18153 27270
18135 27207
18335 27513
18343 27531
18343 27537
18346 27546
18332 27495
18538 27813
18547 27849
18556 27879
18553 27858
18532 27804
18755 28173
18753 28161
18744 28140
18753 28161
18739 28128
18956 28479
18924 28380
18947 28449
18942 28434
18946 28440
19146 28740
19147 28752
19148 28752
19153 28770
19144 28731
19352 29067
19345 29037
19351 29055
19344 29043
19353 29061
19559 29379
19551 29361
19543 29337
19556 29376
19530 29298
19758 29673
19759 29685
19756 29679
19742 29637
19751 29655
19957 29979
19952 29967
19950 29958
19943 29937
19952 29958
20152 30264
20150 30258
20144 30231
20153 30270
20138 30216
20358 30585
20357 30579
20351 30561
20347 30549
20350 30558
20545 30834
20551 30864
20554 30870
20537 30813
20544 30840
20762 31188
20739 31116
20750 31152
20755 31176
20740 31128
20929 31386
20955 31476
20941 31422
20942 31428
20951 31461
21159 31785
21162 31794
21138 31713
21150 31761
21139 31725
21350 32061
21357 32082
21352 32064
21356 32079
21347 32043
21550 32358
21548 32352
21561 32394
21551 32361
21552 32367
21761 32691
21755 32676
21747 32649
21734 32613
21733 32607
21956 32979
21940 32928
21945 32946
21935 32913
21949 32955
22163 33300
22154 33270
22143 33240
22152 33267
22148 33246
22356 33576
22351 33564
22338 33522
22346 33549
22330 33492
22554 33864
22555 33873
22538 33822
22549 33858
22534 33804
22752 34167
22764 34203
22733 34098
22752 34167
22744 34143
22954 34470
22948 34452
22958 34485
22946 34446
22941 34422
23151 34752
23152 34767
23152 34764
23158 34782
23153 34767
23363 35097
23356 35079
23344 35040
23342 35034
23351 35061
23543 35337
23548 35355
23557 35382
23535 35313
23540 35331
23741 35634
23744 35631
23739 35619
23745 35643
23741 35634
23948 35955
23953 35967
23954 35973
23952 35964
23948 35946
24141 36234
24150 36261
24146 36249
24131 36204
24145 36243
24347 36552
24349 36555
24336 36510
24330 36492
24344 36543
24557 36879
24546 36846
24541 36831
24526 36786
24546 36849
24746 37149
24741 37131
24756 37179
24742 37134
24732 37107
24945 37434
24954 37470
24952 37464
24944 37443
24950 37458
25144 37740
25150 37752
25122 37665
25149 37755
25126 37689
25348 38046
25348 38052
25338 38025
25348 38043
25344 38040
25554 38361
25547 38352
25556 38376
25549 38364
25535 38316
25758 38691
25761 38694
25742 38634
25753 38670
25742 38634
25956 38976
25946 38949
25951 38970
25944 38940
25946 38949
26155 39273
26143 39237
26149 39255
26149 39264
26141 39234
26345 39552
26354 39573
26326 39477
26340 39531
26342 39534
26551 39861
26550 39858
26543 39837
26552 39867
26538 39822
26750 40158
26749 40158
26743 40137
26752 40167
26745 40143
26954 40473
26955 40473
26940 40428
26945 40437
26950 40458
27158 40785
27141 40734
27131 40701
27119 40668
27129 40698
27351 41070
27361 41091
27347 41049
27350 41058
27328 40992
27549 41358
27548 41361
27550 41361
27548 41355
27544 41340
27746 41649
27736 41616
27747 41652
27726 41577
27743 41640
27950 41958
27943 41937
27943 41937
27934 41910
27957 41982
28144 42240
28138 42225
28139 42225
28143 42237
28143 42228
28347 42552
28347 42549
28342 42534
28345 42546
28351 42561
28556 42885
28541 42831
28538 42825
28538 42813
28545 42852
28753 43167
28736 43119
28746 43140
28752 43173
28736 43119
28961 43494
28928 43392
28941 43431
28952 43473
28947 43452
29144 43743
29155 43776
29143 43740
29142 43737
29142 43725
29353 44070
29349 44055
29345 44043
29351 44061
29358 44085
29545 44343
29557 44382
29553 44358
29543 44340
29531 44301
29763 44697
29764 44709
29744 44649
29753 44676
29747 44658
29953 44967
29957 44982
29937 44913
29949 44958
29947 44949
30143 45246
30157 45288
30130 45198
30135 45204
30141 45240
30353 45576
30353 45576
30354 45570
30348 45552
30345 45543
30550 45867
30555 45873
30546 45840
30542 45843
30542 45834
30741 46134
30729 46098
30747 46158
30736 46116
30735 46107
30959 46485
30956 46479
30939 46428
30928 46401
30935 46422
31156 46767
31142 46743
31129 46686
31144 46743
31138 46722
31361 47094
31338 47025
31337 47028
31334 47013
31341 47034
31540 47337
31554 47364
31547 47358
31547 47358
31539 47328
31751 47664
31751 47670
31749 47658
31756 47679
31753 47670
31940 47937
31951 47970
31951 47964
31938 47931
31945 47946
32138 48225
32144 48249
32131 48201
32137 48219
32135 48216
32356 48579
32349 48558
32351 48570
32353 48567
32346 48555
32550 48867
32539 48834
32540 48828
32553 48870
32548 48852
32739 49134
32749 49158
32749 49155
32742 49134
32747 49149
32940 49422
32944 49449
32943 49431
32947 49449
32951 49470
33153 49776
33137 49719
33143 49746
33154 49770
33144 49740
33338 50031
33332 50013
33345 50046
33351 50064
33346 50055
33555 50382
33547 50358
33539 50328
33535 50316
33547 50352
33756 50685
33742 50637
33751 50661
33738 50631
33725 50574
33957 50982
33944 50949
33927 50898
33957 50988
33952 50973
34139 51234
34152 51273
34147 51258
34139 51228
34139 51234
34341 51540
34338 51525
34354 51573
34333 51516
34333 51507
34534 51813
34545 51843
34550 51870
34539 51828
34549 51864
34755 52182
34752 52167
34755 52182
34748 52152
34734 52119
34946 52455
34954 52479
34955 52482
34943 52437
34938 52431
35138 52725
35146 52755
35151 52770
35141 52731
35140 52737
35353 53070
35355 53082
35349 53064
35347 53061
35342 53043
35537 53319
35539 53328
35552 53373
35540 53337
35537 53319
35754 53679
35738 53631
35746 53649
35749 53664
35752 53673
35946 53946
35943 53946
35956 53985
35945 53952
35944 53943
36147 54252
36151 54264
36134 54219
36141 54240
36129 54198
36350 54567
36350 54567
36342 54543
36354 54582
36343 54537
36540 54831
36547 54858
36541 54840
36553 54879
36542 54837
36743 55137
36743 55140
36735 55122
36740 55137
36725 55092
36958 55491
36947 55458
36949 55464
36943 55437
36930 55398
37155 55782
37147 55758
37140 55728
37149 55764
37137 55719
37355 56082
37349 56067
37340 56037
37328 56001
37329 56004
37546 56358
37549 56367
37544 56349
37532 56313
37545 56346
37734 56613
37754 56679
37747 56658
37744 56643
37748 56661
37961 56994
37933 56916
37952 56973
37954 56982
37943 56946
38142 57243
38151 57270
38125 57177
38127 57198
38150 57258
38348 57555
38344 57540
38351 57570
38344 57549
38349 57567
38542 57843
38554 57879
38544 57849
38544 57852
38546 57855
38754 58182
38737 58128
38734 58113
38743 58146
38747 58161
38953 58476
38952 58476
38954 58479
38936 58425
38941 58440
39151 58773
39146 58746
39146 58758
39149 58767
39140 58737
39352 59073
39337 59028
39350 59058
39344 59043
39342 59043
39556 59379
39553 59376
39544 59352
39544 59349
39540 59331
39746 59649
39753 59676
39748 59655
39747 59652
39736 59619
39947 59952
39950 59967
39948 59964
39944 59949
39948 59952
40129 60207
40142 60237
40127 60198
40137 60219
40143 60249
40348 60561
40348 60564
40350 60561
40351 60570
40348 60555
40550 60867
40557 60891
40534 60822
40546 60855
40530 60798
40757 61191
40744 61149
40733 61116
40745 61152
40736 61125
40968 61521
40950 61461
40936 61419
40929 61398
40946 61455
41162 61803
41129 61698
41141 61740
41142 61737
41125 61683
41353 62076
41344 62040
41337 62028
41341 62040
41350 62067
41553 62376
41536 62325
41549 62364
41535 62322
41534 62319
41747 62640
41754 62679
41735 62616
41739 62634
41748 62661
41952 62976
41954 62973
41943 62946
41944 62949
41934 62910
42144 63252
42150 63267
42142 63234
42128 63192
42146 63249
42340 63537
42345 63552
42355 63582
42349 63564
42329 63507
42536 63825
42531 63813
42555 63882
42539 63825
42531 63804
42736 64116
42735 64125
42750 64170
42749 64167
42745 64152
42949 64467
42948 64464
42952 64476
42931 64410
42936 64428
43142 64746
43144 64749
43145 64752
43126 64689
43140 64731
43355 65082
43343 65046
43354 65079
43334 65013
43341 65040
43541 65331
43553 65379
43544 65349
43544 65340
43538 65334
43729 65604
43748 65661
43744 65652
43744 65649
43746 65658
43938 65922
43938 65931
43949 65964
43945 65952
43932 65916
44162 66306
44143 66249
44137 66222
44148 66255
44141 66231
44338 66531
44344 66543
44335 66525
44338 66531
44346 66555
44527 66789
44546 66855
44542 66834
44546 66855
44529 66807
44747 67161
44738 67131
44744 67152
44745 67155
44720 67077
44957 67488
44953 67479
44936 67425
44941 67443
44930 67398
45149 67764
45153 67779
45145 67746
45136 67728
45142 67743
45352 68073
45351 68070
45332 68004
45344 68049
45332 68013
45562 68403
45541 68343
45544 68352
45532 68313
45543 68346
45746 68649
45742 68646
45743 68649
45734 68619
45735 68622
45952 68976
45933 68916
45942 68943
45941 68934
45931 68901
46147 69252
46140 69237
46138 69231
46149 69267
46129 69207
46349 69564
46352 69573
46343 69549
46354 69579
46325 69492
46551 69870
46541 69840
46541 69840
46542 69843
46542 69843
46752 70173
46751 70173
46739 70137
46736 70128
46738 70134
46929 70404
46951 70473
46947 70461
46926 70398
46944 70452
47150 70767
47149 70764
47149 70767
47130 70698
47120 70680
47345 71046
47355 71085
47344 71049
47331 71010
47352 71073
47552 71373
47541 71334
47536 71325
47540 71337
47542 71343
47744 71649
47740 71628
47735 71622
47735 71622
47735 71622
47946 71958
47951 71973
47944 71952
47948 71961
47950 71967
48144 72243
48133 72210
48139 72234
48142 72243
48143 72246
48355 72585
48332 72513
48348 72561
48341 72540
48356 72588
48550 72867
48541 72840
48523 72786
48540 72837
48548 72861
48750 73161
48747 73158
48734 73119
48733 73116
48735 73125
48945 73446
48950 73467
48935 73422
48946 73458
48948 73464
49136 73728
49148 73764
49160 73800
49145 73752
49138 73722
49343 74046
49340 74037
49342 74046
49341 74043
49340 74037
49533 74310
49547 74361
49533 74319
49546 74355
49543 74349
49754 74682
49747 74658
49748 74664
49744 74652
49739 74634
49944 74952
49945 74955
49943 74940
49952 74982
49936 74925
50146 75258
50151 75279
50150 75267
50150 75267
50139 75237
50357 75597
50355 75582
50353 75576
50343 75549
50350 75567
50548 75861
50539 75834
50539 75828
50545 75855
50540 75840
50740 76137
50758 76200
50741 76134
50718 76065
50719 76077
50934 76419
50949 76464
50929 76404
50937 76419
50930 76401
51139 76737
51150 76770
51143 76746
51138 76731
51133 76707
51339 77028
51346 77058
51346 77055
51348 77061
51348 77061
51531 77310
51550 77376
51543 77346
51548 77361
51533 77316
51750 77670
51751 77670
51737 77631
51743 77646
51728 77604
51951 77970
51948 77964
51935 77922
51932 77916
51945 77946
52137 78228
52146 78258
52141 78240
52143 78246
52130 78207
52343 78540
52336 78525
52330 78507
52336 78528
52329 78504
52551 78870
52548 78861
52546 78855
52538 78825
52529 78795
52756 79188
52736 79116
52741 79143
52744 79152
52741 79143
52942 79434
52951 79473
52931 79410
52942 79446
52928 79404
53143 79746
53135 79725
53153 79776
53144 79749
53138 79734
53355 80082
53338 80031
53347 80061
53342 80046
53336 80025
53552 80373
53528 80304
53550 80367
53539 80334
53541 80343
53735 80613
53736 80628
53751 80679
53743 80646
53727 80598
53923 80889
53954 80979
53944 80952
53937 80922
53954 80988
54154 81279
54155 81285
54132 81216
54142 81243
54143 81240
54356 81588
54346 81558
54338 81525
54341 81543
54343 81546
54552 81864
54553 81876
54535 81825
54527 81801
54543 81837
54734 82122
54741 82140
54750 82176
54729 82098
54740 82137
54956 82485
54932 82413
54943 82446
54945 82461
54944 82449
55148 82761
55134 82719
55135 82725
55143 82749
55130 82707
55343 83046
55342 83043
55345 83052
55337 83031
55339 83037
55556 83385
55533 83319
55545 83355
55538 83334
55543 83346
55741 83643
55740 83637
55755 83685
55746 83655
55747 83667
55928 83910
55947 83961
55915 83862
55941 83940
55939 83934
56145 84261
56149 84264
56133 84225
56146 84258
56146 84255
56347 84561
56329 84504
56342 84546
56348 84570
56341 84549
56555 84885
56552 84873
56545 84852
56544 84852
56540 84840
56734 85122
56752 85176
56747 85161
56732 85104
56733 85116
56953 85476
56944 85440
56935 85422
56939 85437
56943 85446
57140 85737
57141 85740
57128 85704
57143 85749
57121 85674
57350 86067
57326 86004
57351 86073
57349 86073
57310 85947
57543 86349
57537 86328
57529 86307
57544 86358
57521 86280
57747 86667
57733 86616
57742 86643
57738 86634
57732 86613
57941 86943
57946 86955
57941 86943
57945 86955
57931 86910
58141 87240
58135 87225
58130 87201
58128 87204
58134 87219
58351 87573
58346 87558
58343 87546
58338 87540
58336 87528
58534 87822
58544 87852
58542 87846
58542 87846
58530 87807
58753 88185
58748 88161
58738 88131
58741 88140
58741 88140
58948 88461
58940 88428
58953 88485
58936 88425
58939 88443
59149 88767
59144 88749
59133 88716
59140 88731
59129 88707
59350 89070
59336 89025
59342 89046
59334 89022
59339 89025
59545 89355
59560 89400
59547 89367
59543 89346
59519 89283
59746 89664
59746 89664
59753 89676
59737 89628
59751 89670
59947 89958
59950 89976
59938 89934
59944 89958
59943 89937
60140 90237
60133 90216
60153 90285
60139 90234
60133 90219
60331 90510
60357 90597
60332 90516
60337 90531
60346 90564
60551 90879
60541 90840
60547 90858
60544 90849
60536 90825
60755 91191
60747 91161
60740 91140
60744 91149
60734 91128
60957 91497
60940 91431
60954 91470
60941 91440
60937 91431
61155 91785
61131 91710
61142 91743
61141 91743
61142 91752
61343 92049
61346 92058
61357 92097
61322 91983
61338 92031
61551 92370
61542 92346
61545 92352
61547 92361
61536 92328
61751 92673
61761 92709
61719 92574
61743 92637
61751 92670
61949 92964
61944 92949
61946 92964
61953 92985
61937 92928
62140 93237
62138 93240
62138 93240
62141 93249
62134 93222
62350 93567
62342 93552
62329 93504
62331 93519
62337 93528
62550 93867
62540 93840
62545 93852
62543 93849
62538 93840
62751 94179
62739 94137
62748 94161
62733 94107
62740 94140
62959 94497
62926 94398
62932 94422
62933 94416
62927 94398
63152 94776
63138 94740
63141 94740
63144 94758
63131 94713
63354 95079
63350 95076
63333 95025
63337 95037
63326 94995
63560 95406
63524 95292
63542 95352
63533 95319
63532 95313
63756 95694
63748 95661
63709 95547
63747 95667
63734 95619
63946 95964
63932 95922
63935 95931
63946 95955
63942 95952
64152 96276
64137 96237
64140 96246
64139 96234
64108 96141
64341 96549
64340 96540
64352 96573
64346 96558
64339 96543
64537 96831
64555 96885
64537 96837
64546 96858
64545 96852
64740 97137
64733 97116
64725 97095
64741 97140
64731 97119
64935 97425
64941 97449
64932 97416
64928 97401
64945 97452
65143 97749
65136 97725
65137 97737
65148 97770
65126 97698
65347 98058
65336 98028
65346 98064
65341 98049
65340 98040
65547 98367
65524 98289
65528 98310
65528 98304
65550 98376
65751 98670
65752 98682
65737 98619
65735 98625
65731 98610
65935 98925
65934 98919
65935 98931
65923 98886
65929 98898
66130 99210
66143 99246
66147 99267
66145 99255
66130 99210
66349 99567
66343 99549
66342 99552
66339 99543
66329 99504
66546 99864
66540 99846
66555 99885
66531 99813
66536 99828
66738 100131
66743 100146
66744 100158
66734 100119
66742 100146
66958 100500
66938 100425
66933 100425
66939 100437
66917 100368
67135 100725
67145 100761
67153 100788
67141 100749
67139 100734
67327 100998
67350 101070
67356 101097
67341 101049
67331 101010
67551 101379
67541 101340
67546 101364
67547 101361
67541 101340
67744 101658
67721 101583
67719 101574
67750 101676
67733 101616
67941 101949
67950 101967
67941 101949
67945 101952
67938 101931
68150 102276
68143 102255
68125 102195
68138 102240
68140 102246
68349 102564
68344 102552
68341 102543
68342 102552
68329 102513
68552 102873
68542 102843
68535 102831
68548 102870
68540 102846
68748 103170
68744 103158
68744 103158
68749 103176
68735 103131
68952 103482
68943 103440
68942 103452
68941 103440
68932 103422
69153 103779
69149 103764
69152 103782
69142 103746
69139 103743
69329 103995
69350 104067
69335 104022
69339 104037
69337 104019
69547 104367
69520 104277
69551 104370
69542 104346
69533 104316
69735 104631
69738 104631
69737 104628
69746 104655
69725 104592
69953 104979
69948 104970
69938 104934
69949 104973
69948 104970
70147 105267
70128 105204
70159 105303
70143 105255
70146 105264
70347 105567
70343 105555
70340 105546
70330 105516
70331 105513
70548 105870
70535 105825
70521 105789
70551 105879
70537 105831
70741 106149
70749 106173
70747 106158
70736 106134
70738 106140
70950 106467
70943 106458
70930 106407
70932 106416
70939 106443
71126 106698
71151 106773
71134 106722
71140 106740
71146 106767
71320 106980
71348 107070
71336 107028
71348 107070
71327 107001
71554 107388
71542 107352
71543 107358
71547 107367
71521 107289
71751 107679
71738 107640
71726 107604
71740 107637
71729 107604
71942 107946
71946 107958
71935 107925
71949 107973
71936 107934
72159 108306
72144 108252
72130 108216
72143 108255
72139 108237
72338 108540
72322 108492
72342 108552
72340 108540
72338 108531
72549 108873
72543 108849
72538 108843
72541 108849
72545 108855
72759 109197
72744 109161
72722 109086
72744 109152
72730 109110
72935 109422
72948 109470
72951 109479
72940 109446
72943 109455
73144 109749
73135 109722
73142 109752
73129 109704
73137 109737
73351 110082
73341 110049
73346 110067
73338 110040
73331 110013
73552 110373
73540 110340
73542 110352
73540 110340
73527 110307
73741 110649
73738 110631
73722 110586
73731 110610
73731 110619
73934 110919
73943 110949
73937 110931
73916 110868
73945 110964
74138 111243
74147 111267
74144 111249
74118 111174
74148 111261
74358 111603
74337 111537
74338 111540
74353 111585
74324 111492
74535 111831
74536 111825
74529 111813
74539 111843
74547 111867
74740 112140
74736 112125
74741 112149
74746 112164
74710 112050
74934 112422
74945 112455
74940 112446
74946 112464
74945 112464
75150 112770
75140 112746
75134 112722
75141 112752
75136 112725
75333 113016
75324 112989
75335 113022
75345 113061
75325 113001
75540 113346
75545 113361
75531 113319
75549 113364
75532 113316
75747 113670
75737 113631
75747 113667
75745 113661
75709 113544
75949 113967
75947 113961
75934 113922
75943 113955
75933 113925
76139 114234
76144 114258
76149 114276
76142 114246
76142 114252
76346 114564
76341 114549
76348 114570
76342 114552
76345 114561
76544 114858
76537 114837
76540 114837
76538 114834
76537 114837
76755 115194
76739 115143
76737 115131
76726 115104
76736 115137
76942 115443
76942 115455
76938 115440
76944 115458
76938 115431
77134 115728
77154 115788
77143 115755
77121 115683
77127 115701
77342 116046
77346 116067
77339 116037
77344 116058
77329 116004
77548 116352
77546 116364
77539 116343
77546 116367
77529 116313
77737 116628
77745 116664
77744 116658
77748 116673
77744 116652
77943 116955
77923 116886
77942 116952
77943 116958
77933 116925
78151 117279
78129 117207
78147 117261
78140 117246
78131 117222
78336 117528
78345 117555
78342 117546
78318 117474
78332 117516
78545 117855
78551 117879
78542 117843
78544 117858
78529 117813
78735 118122
78735 118122
78726 118098
78744 118161
78741 118149
78946 118455
78947 118470
78949 118473
78952 118482
78932 118422
79149 118773
79141 118749
79138 118740
79124 118698
79132 118722
79340 119046
79341 119043
79352 119082
79337 119037
79347 119067
79527 119301
79535 119331
79525 119301
79541 119343
79524 119292
79744 119649
79731 119619
79745 119661
79740 119637
79735 119625
79940 119937
79949 119967
79925 119901
79930 119901
79946 119964
80135 120231
80140 120246
80141 120249
80142 120252
80119 120174
80343 120555
80348 120570
80343 120555
80327 120498
80341 120549
80546 120867
80539 120843
80532 120813
80545 120852
80545 120855
80747 121158
80744 121161
80741 121149
80735 121131
80729 121113
80941 121449
80939 121443
80939 121443
80946 121464
80941 121449
81146 121755
81142 121752
81146 121767
81132 121725
81141 121743
81346 122055
81330 122010
81336 122034
81333 122028
81341 122049
81544 122358
81536 122328
81539 122346
81544 122361
81539 122337
81740 122640
81743 122649
81746 122667
81743 122655
81729 122613
81939 122943
81939 122946
81939 122946
81936 122934
81935 122934
82134 123228
82138 123240
82147 123267
82136 123225
82136 123234
82345 123561
82348 123573
82330 123516
82346 123564
82333 123516
82534 123828
82553 123888
82541 123843
82552 123882
82547 123870
82749 124167
82752 124176
82741 124152
82745 124161
82732 124122
82946 124464
82937 124440
82946 124464
82936 124437
82945 124464
83129 124704
83147 124770
83135 124734
83134 124731
83122 124692
83352 125076
83339 125046
83338 125034
83320 124980
83334 125028
83535 125331
83531 125319
83538 125340
83539 125343
83529 125304
83748 125670
83727 125607
83738 125631
83727 125598
83734 125628
83927 125907
83934 125928
83935 125925
83934 125928
83924 125898
84135 126231
84134 126222
84148 126261
84136 126237
84137 126237
84323 126495
84319 126477
84344 126558
84341 126552
84326 126504
84544 126852
84535 126831
84552 126882
84528 126801
84530 126819
84739 127134
84746 127164
84744 127158
84735 127131
84749 127173
84912 127353
84950 127479
84950 127476
84944 127458
84931 127422
85133 127719
85132 127716
85152 127782
85125 127701
85139 127743
85347 128067
85335 128031
85327 128010
85326 128004
85337 128040
85548 128361
85547 128367
85541 128340
85535 128334
85519 128286
85747 128667
85733 128625
85741 128652
85739 128634
85735 128634
85944 128958
85942 128955
85935 128934
85926 128898
85940 128949
86142 129252
86138 129234
86152 129282
86135 129225
86126 129204
86332 129516
86357 129597
86331 129522
86345 129561
86335 129531
86531 129819
86538 129840
86540 129849
86535 129834
86548 129870
86745 130164
86750 130179
86730 130119
86728 130110
86736 130134
86943 130446
86952 130485
86947 130470
86932 130416
86926 130404
87142 130752
87155 130794
87132 130713
87140 130737
87151 130782
87338 131040
87332 131016
87322 130986
87335 131031
87333 131016
87545 131364
87542 131343
87532 131325
87536 131337
87543 131358
87735 131625
87740 131646
87734 131628
87743 131658
87739 131646
87945 131961
87948 131973
87930 131907
87918 131874
87924 131892
88137 132237
88141 132249
88140 132246
88135 132231
88119 132186
88338 132540
88324 132498
88327 132501
88337 132537
88331 132519
88545 132861
88532 132822
88543 132855
88533 132819
88524 132783
88751 133182
88750 133179
88736 133134
88735 133134
88750 133179
88936 133428
88940 133449
88944 133458
88936 133437
88945 133464
89152 133773
89141 133749
89133 133725
89134 133731
89128 133701
89353 134076
89337 134031
89341 134040
89341 134052
89324 133998
89520 134289
89545 134364
89548 134370
89530 134316
89538 134340
89749 134667
89745 134664
89734 134628
89745 134664
89740 134646
89936 134937
89937 134937
89947 134967
89940 134946
89930 134916
90142 135252
90124 135201
90147 135270
90140 135237
90127 135210
90342 135555
90342 135552
90343 135546
90342 135552
90329 135513
90549 135876
90550 135876
90528 135804
90523 135798
90551 135882
90731 136122
90736 136125
90726 136095
90719 136083
90737 136140
90947 136470
90932 136416
90938 136443
90949 136473
90941 136449
91136 136728
91131 136722
91131 136722
91148 136764
91143 136755
91344 137052
91331 137019
91335 137022
91318 136965
91326 137007
91540 137349
91547 137367
91534 137328
91537 137337
91537 137337
91755 137694
91745 137661
91738 137631
91747 137661
91730 137607
91948 137973
91944 137958
91938 137943
91947 137970
91933 137928
92141 138243
92145 138261
92143 138255
92145 138261
92126 138204
92337 138528
92346 138564
92325 138492
92339 138537
92334 138531
92558 138903
92553 138885
92525 138804
92542 138855
92538 138843
92761 139209
92735 139131
92751 139182
92734 139131
92746 139167
92932 139425
92944 139461
92941 139440
92947 139467
92943 139458
93154 139791
93144 139752
93146 139764
93137 139728
93146 139767
93352 140085
93317 139971
93345 140061
93345 140064
93329 140013
93538 140343
93552 140382
93518 140280
93543 140355
93522 140295
93751 140679
93729 140613
93746 140667
93747 140661
93718 140571
93942 140952
93914 140868
93942 140946
93941 140952
93931 140919
94147 141267
94129 141204
94148 141270
94148 141273
94137 141237
94341 141549
94323 141486
94350 141576
94328 141510
94346 141567
94554 141888
94546 141867
94543 141855
94539 141843
94541 141852
94740 142146
94732 142116
94717 142071
94730 142119
94725 142101
94953 142485
94919 142383
94934 142431
94938 142443
94912 142353
95127 142710
95128 142710
95136 142737
95134 142731
95129 142713
95348 143073
95340 143049
95334 143031
95322 142992
95334 143028
95534 143322
95547 143367
95531 143319
95546 143367
95523 143289
95752 143682
95745 143661
95746 143664
95733 143625
95745 143664
95921 143892
95943 143955
95929 143913
95943 143958
95928 143910
96150 144267
96143 144255
96141 144249
96130 144210
96146 144258
96340 144546
96327 144501
96327 144507
96330 144516
96337 144528
96560 144906
96545 144864
96523 144798
96541 144852
96531 144819
96756 145194
96750 145179
96749 145173
96748 145173
96728 145110
96941 145440
96936 145437
96936 145437
96935 145431
96937 145437
97141 145749
97129 145713
97150 145779
97139 145743
97120 145689
97341 146049
97339 146037
97337 146040
97340 146046
97340 146046
97549 146376
97539 146346
97542 146343
97534 146331
97537 146331
97738 146634
97754 146688
97735 146634
97730 146616
97743 146658
97947 146967
97927 146901
97941 146940
97930 146919
97947 146970
98137 147240
98131 147213
98123 147189
98115 147174
98151 147282
98354 147591
98341 147549
98348 147570
98328 147510
98329 147513
98552 147885
98519 147774
98529 147813
98549 147873
98545 147864
98729 148116
98737 148128
98729 148107
98734 148128
98723 148095
98943 148455
98944 148458
98937 148440
98935 148434
98950 148479
99133 148728
99137 148737
99123 148689
99138 148743
99137 148740
99346 149067
99351 149082
99330 149016
99334 149031
99334 149028
99547 149370
99535 149334
99532 149322
99543 149358
99509 149247
99740 149646
99743 149655
99742 149652
99741 149649
99731 149622
99952 149985
99931 149919
99923 149895
99940 149949
99926 149904
