454 492
477 501
450 474
463 468
448 435
970 969
1004 1014
977 972
1007 987
993 981
1529 1506
1506 1464
1489 1443
1516 1449
1533 1479
2076 2028
2090 2031
2047 1974
2100 2025
2061 1968
2590 2463
2593 2466
2595 2466
2643 2493
2597 2451
3147 2991
3145 3003
3147 2997
3179 3006
3160 2979
3668 3426
3715 3456
3651 3402
3688 3426
3708 3435
4334 4083
4285 4017
4338 4083
4353 4083
4344 4080
4698 4317
4707 4323
4728 4368
4733 4320
4736 4353
5428 5049
5439 5052
5423 5037
5432 5031
5453 5061
5867 5355
5881 5394
5836 5346
5939 5484
5938 5487
6520 5991
6514 6009
6555 6024
6552 5997
6486 5958
6962 6381
6974 6387
6945 6333
6938 6312
7002 6396
7472 6741
7447 6729
7481 6756
7525 6750
7412 6651
8051 7293
8046 7287
8041 7278
8042 7266
8247 7428
8915 8232
8868 8166
8865 8187
8933 8232
8931 8241
9182 8328
9207 8340
9128 8259
9182 8319
9149 8259
9821 8877
9881 8940
9835 8889
9834 8865
9832 8856
10357 9339
10198 9162
10337 9297
10200 9102
10232 9162
11173 10185
11111 10107
11188 10179
11118 10071
11092 10047
11416 10323
11406 10308
11416 10296
11431 10317
11425 10308
12019 10782
12031 10839
11966 10731
12084 10851
12069 10803
12435 11067
12453 11115
12405 11040
12431 11100
12470 11103
13139 11775
13138 11766
13148 11775
13158 11751
13203 11790
13587 12177
13852 12450
13854 12474
13602 12132
13619 12189
14424 13020
14323 12873
14428 13011
14406 12957
14413 12936
14699 13134
14632 13041
15026 13479
14727 13146
14713 13086
15437 13758
15393 13656
15414 13683
15395 13647
15472 13758
15566 13740
15578 13752
15829 14046
15647 13830
15836 14001
16644 14904
16621 14856
16656 14889
16567 14766
16817 15018
17250 15408
16988 15132
16973 15138
17029 15144
17001 15135
17947 16149
17922 16086
17992 16185
17883 16029
17942 16107
18152 16224
18103 16182
18450 16557
18404 16476
18450 16521
18564 16452
18734 16611
18562 16449
18566 16419
18479 16311
19125 16803
19156 16878
19089 16812
19031 16731
19122 16842
20189 17958
20058 17799
20176 17913
20170 17931
20193 17958
20217 17838
20114 17676
20040 17580
20150 17706
20146 17700
21092 18696
21317 18912
21117 18699
21329 18912
21097 18675
21716 19203
21235 18723
21249 18756
21236 18705
21221 18705
22731 20364
22721 20367
22720 20331
22766 20376
22749 20352
22655 20157
22652 20172
22686 20205
22682 20205
22703 20199
23305 20676
23384 20769
23386 20775
23406 20784
23375 20754
23444 20610
23484 20664
23562 20784
23524 20676
23515 20646
24156 21240
24244 21282
24159 21231
24198 21249
24188 21249
25014 22011
24609 21585
24673 21663
24648 21630
24596 21552
25928 22908
25664 22644
25930 22932
25693 22626
25907 22902
25850 22710
25865 22719
25822 22704
26353 23196
26388 23307
26870 23691
27023 23874
27048 23904
27031 23853
27088 23964
26717 23475
26753 23508
26745 23481
27261 24018
26742 23481
28032 24813
27869 24588
28160 24915
28038 24783
28038 24792
28779 25506
28233 24927
28163 24750
28226 24912
28285 25008
28974 25536
29123 25746
29139 25752
29219 25812
29165 25764
29111 25587
29146 25671
29143 25671
29150 25608
29308 25845
29665 26034
29653 25986
29942 26274
29679 26028
29677 26034
30720 26940
30274 26535
30212 26424
30252 26424
30252 26469
31536 27654
31584 27723
31554 27696
31551 27675
31366 27462
31240 27240
31260 27288
31933 27939
31226 27231
31922 27957
32252 28200
32361 28338
32259 28191
32392 28365
32369 28326
32234 28161
32261 28188
32267 28176
32091 27942
32283 28185
33946 29922
33932 29898
33944 29883
33975 29889
33965 29910
34399 30240
33756 29619
33933 29793
33779 29631
33760 29616
34577 30330
34499 30216
34933 30672
34555 30267
34699 30375
34693 30363
34675 30342
34664 30336
35484 31215
34688 30336
35755 31488
35766 31464
35766 31452
35787 31467
35786 31509
35982 31590
36756 32397
35988 31536
35998 31533
36727 32310
37237 32829
37614 33279
37252 32862
37331 32886
37322 32895
37042 32475
37987 33528
37178 32643
37001 32379
38007 33492
38193 33354
38155 33360
38134 33318
38391 33600
38176 33378
37555 32658
38179 33198
37396 32448
37011 31989
37414 32445
39159 34152
39552 34506
39170 34158
39175 34113
39199 34182
39393 34359
39400 34356
39396 34347
39415 34341
39387 34293
40729 35613
40745 35643
40728 35613
40732 35631
40711 35583
40423 35247
40375 35178
40317 35103
41414 36228
41294 36084
40811 35445
40817 35451
40812 35430
40711 35304
40792 35394
41477 36075
41485 36072
42329 36957
41487 36051
41474 36048
43206 37863
43180 37824
43183 37857
43212 37845
43225 37830
42536 37062
42536 37023
42542 37038
42559 37041
42576 37068
43893 38391
44369 38844
43868 38370
43896 38376
43896 38367
43543 38001
43544 37980
43524 37935
43541 37986
44505 38916
46086 40701
46027 40659
46093 40704
46022 40635
46047 40647
46250 40662
45278 39717
45279 39699
45280 39687
45260 39663
46357 40620
45997 40272
46019 40314
46033 40278
46064 40335
45925 40095
46237 40473
46655 40860
45970 40140
46207 40407
46749 40755
46768 40746
46834 40869
46846 40884
46795 40815
47034 40905
47055 40959
47046 40908
46836 40647
46823 40656
48955 42807
48420 42213
48387 42225
48791 42552
48432 42252
48088 41781
48124 41808
48114 41799
48119 41778
48081 41745
49636 43107
49590 43044
49632 43101
49612 43047
49584 43047
48628 42087
48654 42081
48609 42048
48628 42018
48627 42030
50760 44181
50850 44268
51181 44571
50818 44208
51289 44718
50782 44169
50819 44211
51294 44592
50773 44157
51801 45153
52231 45531
51966 45234
51968 45252
52222 45495
52043 45276
51345 44517
52496 45639
51348 44532
51568 44721
52465 45576
52407 45456
51850 44868
51889 44901
52449 45480
51857 44880
53753 46683
52685 45666
53740 46659
52585 45519
52620 45561
55063 48126
54953 48003
54986 48006
55056 48120
55083 48114
53985 46896
55207 48087
54042 46998
55202 48084
55193 48042
55305 48168
55380 48222
55327 48174
55427 48249
55863 48729
55840 48642
54705 47508
54704 47508
54667 47469
54705 47502
57451 50334
57440 50331
57153 49995
57463 50304
57188 50001
56379 49125
56371 49113
57572 50283
57595 50298
56374 49104
57405 50052
57348 49956
57424 50079
57973 50583
57419 50043
57221 49770
57815 50259
57235 49785
57174 49668
58402 50883
58208 50601
58253 50691
58315 50745
58213 50574
58211 50577
58295 50625
59538 51861
58279 50598
58308 50652
58330 50661
60400 52689
59929 52176
59953 52239
59963 52239
60545 52845
59520 51708
60815 53037
59520 51696
59549 51711
59524 51699
61022 53010
61060 53052
61025 52989
61045 53007
61037 52953
59619 51471
59918 51816
59925 51822
59639 51441
59671 51501
62004 53760
62729 54444
62706 54459
62727 54420
62739 54438
61830 53418
63096 54702
61824 53475
61870 53508
61862 53490
63523 55029
63490 54975
63551 55044
63504 55005
63525 55005
62842 54309
64095 55569
62092 53529
62784 54285
62799 54315
62921 54201
63660 54972
63650 54966
62959 54204
63011 54264
63695 54882
63797 55056
63832 55113
63831 55068
63810 55053
66059 57282
66148 57405
66419 57732
66142 57321
66165 57462
66735 57918
66340 57480
64907 56100
64815 55980
64935 56070
67012 57981
66424 57495
66431 57501
66408 57480
66312 57288
66892 57876
65373 56385
65387 56364
65369 56304
65520 56574
68695 59775
68686 59727
68694 59739
68737 59829
68741 59808
67848 58869
67868 58869
67870 58875
67859 58884
67852 58872
68674 59475
68695 59505
68818 59676
68869 59721
68864 59742
68570 59352
68565 59355
68610 59373
68612 59373
68593 59349
69236 59850
69145 59766
69542 60177
69160 59766
69499 60114
69152 59712
69164 59730
69409 59967
69145 59652
69100 59619
71291 61863
72015 62604
72100 62670
71269 61794
71185 61701
70809 61374
70764 61293
70812 61353
70834 61362
70790 61317
72964 63435
72971 63465
72974 63429
72974 63441
72918 63375
72560 62868
71048 61416
71083 61443
71091 61467
71074 61419
73831 64140
73867 64209
73843 64179
73827 64128
73848 64185
73375 63642
73344 63591
74528 64719
73326 63561
72987 63210
74989 65193
75013 65214
74958 65178
75009 65235
75006 65151
74153 64344
74156 64341
74524 64749
74168 64329
74171 64287
74440 64359
74637 64584
75516 65481
75496 65463
74660 64608
76044 65730
75145 64938
75035 64785
76765 66441
75038 64755
77628 67191
77620 67200
77610 67188
77828 67398
77550 67020
76170 65670
75978 65484
75915 65394
76003 65457
75932 65376
77414 66660
77424 66675
78126 67416
77698 66945
77622 66912
76188 65466
76556 65808
76574 65868
76562 65844
77500 66654
80061 69228
80025 69225
80025 69204
80048 69168
80079 69219
79329 68583
78870 68061
79278 68508
79328 68535
80617 69699
80842 69822
80911 69861
80019 69054
80051 69063
80838 69777
81074 69897
79412 68349
81040 69894
79339 68229
81125 69957
80721 69588
80724 69591
80696 69540
80765 69582
80756 69579
80584 69399
82310 71019
82343 71076
80648 69366
80577 69327
83854 72624
82954 71721
82948 71697
82958 71709
82972 71706
82311 71061
82230 70962
81702 70338
82278 70965
82317 71037
83757 72159
83799 72132
83740 72144
83774 72153
83902 72324
81689 70104
83829 72231
83843 72210
81750 70173
81586 69966
85256 73731
85211 73650
85168 73587
85257 73725
85023 73398
86503 74814
84719 73149
84698 73131
84714 73131
84686 73080
86879 75267
86874 75210
86905 75273
86886 75207
86930 75267
85601 73926
85621 73968
85623 73962
85550 73893
85793 74157
85812 73980
85816 73971
85838 73998
85851 73974
85850 73971
88542 76608
86563 74640
86631 74718
86643 74700
86628 74706
89190 77160
89227 77253
89248 77280
89242 77226
89162 77154
89770 77730
87265 75219
87227 75159
89335 77196
87280 75219
89773 77766
89729 77640
89757 77703
90829 78762
89708 77583
88442 76449
88430 76416
89527 77412
88491 76488
88458 76458
92657 80697
92633 80622
92649 80670
92631 80616
92679 80715
90731 78531
90783 78618
90818 78642
90804 78675
90844 78663
91658 79335
92681 80376
92642 80358
91626 79251
92674 80373
90699 78279
91231 78876
91175 78804
93258 80844
91201 78813
91901 79374
91929 79434
92457 79959
91934 79431
91936 79422
91767 79185
91781 79203
91733 79143
91711 79071
91756 79140
94625 82044
95850 83304
95750 83193
94780 82230
94757 82188
93600 80979
93557 80904
95734 83085
93586 80955
93745 81120
95597 82638
95453 82413
95583 82617
95599 82644
95643 82626
94891 81792
94860 81708
92885 79839
92923 79941
92911 79908
96142 82824
97221 83931
97236 83955
96199 82836
96143 82806
95921 82626
95974 82674
95909 82617
95506 82176
95943 82644
97825 84429
98295 84843
97774 84354
97794 84324
98287 84834
96727 83226
96206 82689
98449 84882
96215 82665
96233 82683
96700 83034
96741 83127
96698 83010
96717 83013
96818 83142
97466 83616
97432 83574
97510 83682
97503 83670
97380 83508
100876 86838
100885 86886
100894 86904
100940 86904
100886 86841
98647 84693
98691 84723
98696 84720
98703 84702
98679 84672
100484 86346
101524 87399
100500 86361
100531 86379
100483 86337
99040 85041
101158 87003
98951 84918
99047 85008
101168 87030
103246 89079
103327 89124
103381 89223
103303 89094
103283 89091
103794 89475
101783 87600
101223 87018
101252 87006
101800 87639
102772 88431
102705 88359
102609 88245
102607 88185
103819 89415
102076 87708
102250 87912
102005 87573
104430 89919
104372 89859
103520 89025
103511 88974
103546 89004
103539 88968
103558 89004
103122 88503
102876 88188
102881 88200
102937 88254
102933 88230
106902 92148
105701 90948
106490 91677
106573 91776
105690 90915
103905 89076
103907 89097
105768 90900
104448 89646
103934 89076
106419 91338
106453 91377
106417 91359
106427 91332
106445 91347
103743 88845
105947 90885
104194 89262
104298 89391
103759 88800
108118 93039
107986 92874
108073 93009
108200 93096
108095 92988
107668 92634
107661 92631
107695 92655
107690 92619
107701 92649
110267 95163
110275 95190
110274 95193
110307 95205
110295 95211
108119 93060
108163 93060
108107 93006
108116 92964
108137 93003
108008 92673
109260 93948
108059 92706
107935 92553
109150 93741
110210 94689
108878 93516
108885 93513
108866 93486
108880 93492
112745 97332
112761 97380
112813 97404
112834 97407
112769 97383
110173 94770
110155 94731
110179 94776
110173 94704
110198 94794
112750 97272
112748 97257
112742 97257
112678 97086
112752 97230
110656 95253
113456 97914
110828 95403
110657 95199
110677 95235
115940 100497
116204 100758
115915 100473
115952 100479
115945 100476
113634 98154
113637 98127
113623 98127
113642 98145
113639 98103
115804 100101
114883 99252
114860 99207
114795 99105
114889 99213
114009 98328
115344 99573
116597 100809
114005 98301
114016 98298
114642 98667
114603 98691
114576 98670
114650 98727
114612 98697
114690 98706
114073 98031
114070 98025
116830 100710
114038 97971
117157 101049
117092 100962
118337 102165
117157 101046
117104 100989
115655 99495
117200 100998
118428 102186
115797 99678
118412 102162
119121 102834
119101 102816
119134 102870
119051 102726
119098 102813
115658 99450
115661 99444
115674 99411
115679 99405
115636 99354
119335 102741
119294 102714
120573 103968
119288 102675
119302 102699
118412 101802
120888 104184
118382 101802
120900 104130
117726 101013
120545 103770
120760 104046
120733 104031
120722 103980
120778 104049
118606 101874
118632 101907
118609 101829
118458 101607
121419 104562
119297 102414
120328 103386
119263 102345
119026 102024
119278 102384
120273 103341
120003 102999
122716 105552
120131 103083
120014 102981
124249 107031
124247 107013
124281 107001
124220 106959
124264 106983
121335 104187
121302 104154
121310 104139
121318 104109
121333 104130
123238 105816
124233 106746
124489 107016
122991 105492
123285 105843
121069 103650
123796 106293
123789 106278
120388 102957
123874 106308
125743 107946
125801 107976
125911 108105
126422 108615
125822 108036
124542 106887
123843 106161
123831 106143
127328 109509
124523 106842
125496 107595
125445 107496
125454 107526
125494 107553
125473 107595
124539 106650
124497 106572
124487 106548
124496 106578
126040 108000
126216 108147
126147 108066
126178 108123
126139 108087
126174 108123
125617 107523
125603 107535
125665 107577
125531 107385
125672 107553
128713 110517
128822 110667
128785 110559
128799 110598
128813 110592
127272 109125
127279 109119
127267 109098
128775 110520
127279 109098
129332 110742
129350 110751
129402 110787
129317 110727
129372 110751
126321 107907
125647 107250
126314 107892
128394 109776
125683 107217
130963 112326
130897 112254
130891 112269
130890 112239
130911 112305
132313 113427
129712 111129
129519 110886
129727 111129
129473 110835
132595 113889
132616 113886
132573 113832
132624 113904
132599 113865
133771 115068
130794 112290
133740 115044
130838 112368
130783 112227
130494 111678
130547 111768
130847 112059
130544 111732
130506 111603
131270 112323
130627 111678
131321 112326
132932 113781
131308 112302
135259 116133
135273 116148
135243 116088
135295 116112
135205 116055
135080 115851
134905 115650
132043 112989
132671 113550
132743 113661
134805 115494
134897 115611
134911 115665
134830 115545
134930 115626
132651 113613
132643 113577
132659 113598
132624 113508
135860 116634
139199 120045
139171 119961
139214 120084
139188 119988
139189 120015
136636 117516
136585 117438
136663 117561
135136 115968
139849 120531
137632 118272
139194 119805
136869 117444
139140 119775
137651 118299
136236 116937
135984 116601
136165 116757
139182 119694
136035 116652
136597 117000
136849 117234
136639 117024
136677 117027
136678 117036
136778 117150
136101 116412
136227 116616
136963 117363
136247 116601
140639 120852
141959 122163
142053 122208
142232 122439
140654 120873
141782 121935
140311 120405
138567 118896
140579 120726
138592 118866
141660 121575
141650 121563
141694 121671
141633 121533
141615 121539
140583 120501
137601 117726
137585 117759
137537 117645
137602 117756
142439 122331
142405 122277
142503 122379
142524 122409
142418 122235
141399 121338
140716 120642
144506 124293
141515 121485
144507 124266
143945 123783
143934 123765
143791 123585
143858 123666
143867 123663
144916 124737
144867 124680
141564 121542
142350 122340
139913 119853
142021 121803
142021 121806
143684 123459
143712 123429
141896 121620
146247 125742
142960 122694
142948 122652
143017 122733
143009 122709
147281 126681
147449 126936
147365 126822
147427 126870
147426 126906
143745 123249
147097 126432
143690 123183
143716 123201
143764 123198
148235 127530
146666 125997
146698 126075
146674 126033
146661 126021
144064 123597
144112 123624
144107 123648
144086 123573
144081 123561
149636 128802
149690 128877
149689 128862
149691 128880
149717 128847
149830 128856
147357 126594
146526 125718
147374 126588
149862 128874
148099 127107
148382 127392
149959 128940
148463 127482
148443 127470
150207 129030
146859 125925
146876 125916
146846 125853
150186 129003
149023 128007
148971 127956
148908 127875
148985 127929
149063 128031
148850 127815
148799 127761
151817 130572
148852 127824
148487 127386
154437 133341
152652 131556
152709 131586
154006 132849
152210 131028
150627 129546
150828 129777
154212 133038
150692 129636
152467 131247
152643 131055
152616 131040
152551 130971
152631 131043
153485 131841
147752 126225
148644 127158
147780 126273
147732 126165
151961 130260
155059 132987
153217 131214
153348 131385
153273 131274
153430 131469
152804 130914
152638 130743
152681 130791
154174 132018
155999 133833
155973 133758
155908 133671
155954 133752
155955 133704
155634 133404
156702 134397
153110 131022
156752 134475
153187 131118
153165 131064
152579 130257
152622 130287
154377 132039
152650 130320
152657 130290
153607 131169
153653 131268
153659 131241
156912 134247
156960 134310
158231 135495
158261 135522
159026 136329
157996 135171
158272 135546
154502 131931
154479 131931
154498 131922
158631 135768
154328 131691
157807 134967
157774 134979
159165 136206
159510 136563
157805 134964
158208 135237
154587 131910
154614 131901
154585 131889
154618 131898
162208 139212
162181 139191
162193 139233
162160 139176
162171 139188
158915 136086
158518 135738
158452 135636
158467 135636
156784 134010
161767 138588
160051 136977
160146 137094
161424 138267
160145 137055
159207 136239
159165 136203
159301 136356
159216 136224
159276 136302
159711 136380
159713 136488
159642 136386
159667 136380
159661 136386
158226 134865
159085 135687
158294 134910
162726 139086
159099 135687
162554 138954
164457 140790
162526 138918
162612 138969
162575 138957
162470 138798
160490 136974
160469 136944
160497 136953
160511 136956
164508 140730
164552 140823
164405 140619
164565 140823
164581 140820
159765 136284
163259 139503
163255 139506
159761 136284
159771 136278
165472 141663
167268 143415
165503 141696
167218 143295
165430 141603
164576 140982
164565 140946
164469 140829
164574 140934
164582 140928
167258 143352
168143 144228
167233 143298
167268 143343
168154 144213
164287 140481
168409 144360
167525 143412
163268 139380
164593 140796
164097 140094
165600 141450
164104 140121
163714 139644
164117 140103
164842 140772
164817 140745
164744 140619
164730 140544
164798 140733
170549 146070
170697 146208
170688 146226
170589 146046
170614 146097
166389 142128
166289 141969
166352 142083
170303 145740
166860 142602
169579 145146
169469 144960
169495 145053
169552 145101
169569 145119
166456 142269
168443 144009
166372 142179
166394 142179
170199 145698
173197 148665
174094 149550
173095 148491
173158 148593
174114 149553
169673 145182
170422 145968
173500 148815
169728 145317
173542 148866
173496 148728
173512 148743
173435 148620
171658 147006
171651 147003
170154 145629
170122 145566
170072 145533
170196 145677
170126 145560
172293 147639
172295 147630
172255 147555
172323 147639
172304 147615
175316 150381
171254 146508
175157 150198
175176 150138
175186 150249
174907 150054
174874 149955
174925 150045
174886 149946
174894 149994
171475 146586
172692 147909
172259 147456
172639 147783
172455 147645
176019 150843
175933 150639
175738 150438
176005 150780
175965 150672
169978 144945
171560 146592
170205 145215
170687 145728
170718 145740
176703 151272
176744 151293
176713 151209
178814 153288
176573 151095
174843 149508
174847 149481
174822 149400
174875 149508
174874 149520
178714 153093
178793 153189
178738 153147
178784 153129
178732 153030
179805 154140
175980 150621
175427 150078
175448 150024
175923 150552
175627 150138
177127 151440
175061 149475
175113 149496
175626 150108
176802 151221
176843 151287
175721 150093
176822 151209
176741 151122
182664 157017
182694 157020
182716 157029
182648 156939
182637 156900
178116 152568
178973 153447
182337 156594
182347 156564
179024 153507
183452 157629
183464 157662
181402 155622
181409 155658
181506 155694
178015 152574
180210 154563
178020 152514
177971 152496
177995 152535
185805 159921
185902 160077
185845 159963
185870 159987
185844 159954
182367 156546
182373 156561
186687 160599
182407 156567
186723 160596
185694 159591
183512 157422
183566 157428
183575 157452
183517 157407
181886 155847
184056 157776
181845 155835
180887 154779
181893 155820
182566 156327
182498 156237
182527 156297
182535 156264
182530 156225
181233 154818
181227 154830
185595 158979
182310 155994
181254 154869
186666 160215
188376 161826
186619 160140
188396 161826
186741 160287
188160 161631
184265 157974
183827 157557
183828 157524
188644 162057
187770 161028
187735 160971
187736 160941
187832 161067
187823 161034
186118 159381
186165 159417
182115 155685
182077 155589
182169 155730
189019 162288
189084 162372
189067 162297
188905 162069
190617 163761
186969 160299
191018 164037
186989 160278
186969 160272
185946 159174
190172 163293
190225 163344
190192 163314
190223 163323
191241 164349
187093 160380
188291 161628
188152 161481
187139 160398
187103 160362
187441 160506
187475 160533
187515 160596
189645 162654
189652 162642
188030 160902
187864 160695
187854 160632
188041 160899
187865 160689
193757 166125
193695 166008
193762 166128
193723 166041
193709 165984
188695 161247
188734 161256
193303 165585
193463 165729
188683 161160
193374 165387
191411 163518
191443 163557
191401 163491
191477 163635
188002 160356
188231 160662
188306 160764
186937 159252
186875 159171
195874 167658
195781 167541
195859 167586
195597 167325
195590 167256
193223 165297
193277 165294
191920 163809
196213 167841
193294 165348
194275 165969
193862 165579
196323 167943
194365 166077
194363 166059
191338 163053
191376 163068
195668 167070
195676 167034
191340 163050
193637 165264
193640 165270
193642 165282
193612 165210
193665 165270
196985 168189
192558 164109
192603 164178
192641 164211
192671 164226
198084 169365
198115 169422
200422 171621
197057 168339
199924 171126
195344 166800
194424 165921
199973 171150
195480 166905
197771 168969
198467 169341
198285 169161
198368 169272
198346 169182
198366 169230
193451 164739
192351 163608
196551 167493
192301 163557
192364 163644
199628 170310
199619 170295
201878 172452
199621 170292
199638 170325
198261 169185
202466 172968
198235 169176
202499 173010
202441 172950
202361 172917
202310 172857
202332 172869
202362 172884
202352 172845
198585 169404
198720 169521
203273 173736
198727 169578
203205 173643
197970 168600
198037 168606
198006 168618
200350 170892
197919 168531
199047 169632
199038 169545
199011 169542
198542 169002
199064 169536
205185 175266
204199 174345
204184 174306
204329 174468
204282 174423
200081 170529
199064 169518
200104 170562
199108 169575
199083 169494
204052 174219
204014 174207
203983 174180
204014 174138
203536 173640
204604 174771
200269 170856
199831 170346
199776 170262
199887 170427
208567 178533
208455 178380
208468 178386
208587 178509
208578 178515
208489 178260
203855 173982
203845 173976
203858 173973
203738 173802
205444 175212
207337 177078
205658 175533
207947 177720
205172 175020
208577 178236
206332 176055
203828 173832
203703 173658
203838 173856
204659 174453
204668 174477
204644 174408
204681 174486
204673 174465
203459 173256
203494 173259
204742 174507
208476 177921
204633 174327
209508 179022
212043 181407
209588 179139
209604 179148
211906 181293
206755 176496
206760 176493
211759 181200
206700 176403
206753 176430
210812 180024
210671 179883
210834 180108
210704 179862
210799 180039
204131 173778
208648 177891
204056 173643
204138 173781
208655 177879
210194 179100
210075 178929
210160 179037
210204 179058
212533 181242
209451 178566
209477 178626
209111 178221
209178 178236
209492 178632
212900 181761
212847 181662
212608 181374
212663 181386
213010 181764
208572 177603
210100 179241
208862 177978
210086 179226
208885 177969
209287 178260
209263 178179
211730 180588
209228 178131
209293 178236
210205 179064
210196 179010
209628 178383
209685 178479
209698 178434
217158 185529
216495 184791
216485 184803
216436 184731
216487 184785
216182 184566
211108 179832
211526 180255
211103 179820
211084 179757
214945 183375
214962 183417
217168 185460
214967 183384
215019 183489
210949 179760
215831 184239
210954 179724
210970 179715
210956 179718
219814 188031
219896 188100
219883 188118
219866 188076
219874 188091
214585 183063
219621 187713
214623 183078
219677 187746
214655 183090
217234 185427
217271 185466
217309 185481
217260 185448
217256 185451
215847 184284
215829 184242
220851 188886
215871 184281
220836 188877
218308 186585
218311 186600
218312 186618
218540 186828
218320 186585
216271 184449
216230 184437
216251 184404
216234 184398
216290 184455
223604 191379
221090 189003
223662 191463
221152 189063
221120 189006
217918 186033
223104 190899
217950 186045
217970 186054
223176 190926
221199 188724
221259 188763
221193 188718
221223 188724
222406 189894
215886 183891
214700 182694
214616 182604
215826 183837
214684 182721
223372 190908
223268 190788
223294 190782
223292 190797
222819 190248
221450 189195
221428 189150
221405 189111
221432 189159
221368 189069
226289 193743
226319 193812
226319 193812
226343 193842
226353 193830
221178 188928
221158 188880
221157 188904
221180 188880
221188 188895
220818 188346
220922 188427
220277 187758
220290 187734
220889 188355
221986 189426
221971 189402
221983 189429
222004 189405
221995 189432
229548 196707
229580 196761
229540 196743
229586 196746
229560 196728
223640 191139
223369 190836
223619 191118
228982 196083
224846 192315
228332 195621
230941 198099
228086 195348
228123 195351
228184 195414
229023 196326
223600 191283
223528 191157
223620 191274
223851 191517
233806 201051
233830 201021
234193 201447
233865 201096
233881 201093
228613 195918
228630 195942
234022 200973
228578 195813
228651 195930
229908 196950
229866 196911
229897 196920
230273 197352
229891 196902
227957 195177
226334 193515
227614 194790
226399 193557
227610 194775
228460 195378
228118 194958
228477 195396
228039 194856
228411 195288
228158 195045
228080 194976
231354 197781
232277 198783
232196 198681
234809 201249
232629 199170
232664 199212
234954 201285
232685 199212
228732 195498
228786 195576
234427 200808
228816 195576
228809 195564
234278 200463
234237 200484
234274 200517
234291 200505
234271 200487
227701 194361
227033 193695
231997 198297
226970 193632
232016 198303
236839 202749
234176 200160
233649 199653
236249 202119
234149 200115
231775 197823
231791 197865
236892 202617
230532 196623
231831 197922
235472 201264
235485 201306
235508 201336
235457 201267
235493 201309
231271 197466
236839 202689
231280 197469
232565 198732
231310 197484
231848 197823
234649 200538
231880 197859
231919 197916
234618 200454
238897 204435
238932 204498
233384 199293
236329 201981
233486 199410
241443 207000
241456 207000
241384 206868
241277 206703
241505 207042
235180 201039
235202 201102
235171 201054
240792 206286
235204 201096
240400 205677
237806 203244
237888 203343
237885 203289
240411 205728
233023 198780
238375 203709
238363 203703
232945 198651
233010 198738
241520 206346
241468 206316
241601 206472
242944 207777
241583 206454
237332 202512
238718 203964
237389 202605
238719 203937
234746 200034
239968 204849
239983 204870
242569 207297
242623 207327
242151 206889
237097 202119
237014 202008
242557 207165
237129 202113
239977 204645
240369 205173
239664 204468
239936 204783
239291 203949
239571 204333
238462 203217
237839 202605
243880 208155
238567 203292
235050 199869
246038 210243
244018 208443
244006 208401
244029 208458
246203 210480
240509 205164
240630 205308
245705 210042
239297 203994
240652 205356
244178 208257
244164 208212
244218 208257
244206 208227
244180 208242
238061 202704
237882 202404
238133 202758
236518 201081
238152 202770
246039 210054
246057 210018
245982 209934
246075 209994
248958 212790
243131 207276
243493 207654
248728 212472
248501 212184
243229 207351
248191 211872
248176 211848
248398 212121
248282 211875
248189 211839
244383 208485
244404 208494
244401 208518
250091 213750
250114 213819
243231 207114
243244 207105
243278 207126
246180 209850
243245 207075
243850 207525
243478 207108
243817 207528
243455 207087
243838 207492
250376 213525
251970 215115
250657 213819
250376 213498
250721 213879
244238 207855
244256 207867
245179 208683
245527 209082
249947 213087
251421 214251
251669 214530
248910 211938
248881 211905
248883 211896
243710 207168
243706 207192
243731 207204
243674 207120
243701 207111
255070 217689
255065 217683
255101 217692
255103 217695
255089 217728
250137 213234
250427 213471
255954 218478
255886 218391
250071 213105
251983 214647
251994 214695
251967 214629
251984 214626
251996 214650
251594 214089
254433 216750
248594 211458
248629 211479
253765 216129
249188 211749
249267 211869
249300 211920
249305 211905
249272 211821
247703 210420
253496 215643
247730 210336
247640 210282
253549 215679
255238 217419
258164 220173
255277 217464
258263 220257
258114 220107
251741 214242
251768 214290
257548 219555
251681 214155
251784 214290
257305 219201
257528 219504
257332 219273
257589 219492
257288 219192
249427 212073
249459 212067
254764 216756
249453 212055
249425 211995
257414 219303
257398 219270
257496 219375
257476 219396
257452 219297
257902 219723
255403 217677
260888 222630
255430 217635
255381 217581
259437 221265
259374 221193
259414 221265
260831 222624
259402 221223
255881 218124
254423 216708
255789 218010
254447 216702
254535 216771
254776 216786
254818 216822
254827 216852
254813 216735
254807 216834
255352 217215
255450 217332
255140 216999
255382 217230
255993 217884
262350 223404
262214 223284
262271 223317
262287 223371
262034 223089
255406 217008
255465 217113
255404 217038
255330 216900
255371 216978
262930 224004
260239 221490
262964 224043
260118 221337
260894 222126
255811 217533
261709 222897
255780 217509
255905 217617
261738 222906
265387 226233
265402 226245
265139 225909
265394 226251
265338 226143
259248 220464
265549 226302
260961 222174
261007 222195
259270 220494
262091 222960
264949 225594
262095 222930
264763 225351
262082 222918
265522 226098
259616 220749
259227 220275
259273 220320
259602 220659
262688 223677
262535 223485
262684 223665
262811 223794
262585 223530
261422 222525
261383 222477
267311 227895
261475 222606
261479 222609
267896 228684
267983 228777
268005 228777
268010 228783
271056 231636
264321 225438
262454 223509
270255 230859
264424 225486
264319 225426
268760 229050
267150 227466
267198 227544
267270 227580
267144 227439
258527 219486
260070 220968
264360 224748
258559 219471
258154 219000
267688 227673
270100 229875
267638 227601
267502 227397
267693 227646
272308 232029
265779 226059
265772 226044
265783 226038
265686 225924
271386 231249
271455 231339
271429 231330
271461 231345
271472 231345
266128 226491
272609 232422
266198 226566
266191 226563
266200 226554
264863 224967
268794 228750
268804 228783
264901 225000
268017 227961
266569 226530
266710 226707
265021 225003
266506 226416
266590 226539
274843 234321
274654 234132
274700 234165
274681 234099
274739 234180
274279 233895
267620 227715
269193 229215
267653 227697
267648 227736
273022 232647
273030 232641
273227 232854
273063 232677
273139 232722
267928 228177
267758 227982
274256 233886
267699 227877
267705 227862
280883 240444
280745 240306
280854 240456
280868 240453
280778 240372
273732 233640
280258 239652
273674 233529
273793 233598
280271 239610
275143 234645
275318 234885
275325 234843
275361 234897
278504 237897
273519 233373
273386 233214
279986 239319
279921 239250
273534 233349
273909 233439
273990 233523
273903 233418
273943 233418
273978 233457
272567 232053
271011 230472
272567 232050
272486 231930
271077 230487
281045 239841
278423 237381
278382 237330
278291 237237
281524 240342
280155 238923
277574 236490
273496 232773
280759 239547
273567 232818
279269 237879
279370 237975
279270 237897
279328 237966
279175 237768
270988 230436
276980 235857
271032 230463
270965 230349
270864 230205
280927 239556
280863 239490
280220 238776
284128 242583
280977 239607
285046 243465
281842 240321
278967 237837
278961 237852
284924 243234
284719 243192
283179 241656
283046 241470
282938 241320
283187 241653
276351 235206
276653 235473
283030 241356
276308 235089
276538 235374
276839 235563
276953 235671
280239 238776
276716 235395
276648 235353
284694 242811
278042 236694
278043 236667
277943 236538
278111 236733
287748 245640
287735 245589
287736 245616
287799 245619
287673 245550
280192 238638
280229 238602
280161 238602
280212 238602
280234 238668
284245 242319
284250 242277
284254 242331
284299 242358
287258 245097
276894 235500
281948 240162
284816 242862
281927 240108
278500 237102
289177 246870
289589 247314
289202 246894
291131 248832
289627 247329
