483 516
489 513
508 519
500 507
479 480
1006 1017
1019 1020
982 936
549 507
1018 993
1529 1503
1518 1467
1558 1530
827 771
1553 1527
2097 2031
2120 2052
2101 2007
1095 996
2066 1959
2593 2475
2635 2517
2614 2436
1399 1284
2642 2529
3183 3057
3163 3006
3164 2946
1667 1515
3146 2949
3615 3315
3674 3378
3648 3354
1924 1704
3649 3327
4304 4050
4391 4179
4361 4119
2273 2076
4414 4203
4740 4371
4764 4401
4776 4392
2483 2208
4790 4398
5411 5046
5444 5100
5374 4923
5424 5022
5421 5007
5904 5424
5858 5358
5884 5370
3086 2754
5888 5385
6455 5907
6530 6033
6458 5865
6536 5997
6513 5976
7058 6525
6991 6384
6989 6390
7028 6438
7016 6411
7505 6822
7487 6762
7482 6729
3851 3372
7487 6741
8132 7416
8103 7353
8132 7395
4256 3795
7762 6978
8862 8157
8850 8115
8893 8172
8939 8280
8895 8172
9092 8223
9093 8199
9108 8208
9128 8172
9137 8199
9859 8934
9893 8967
9899 8982
5127 4533
9919 9000
10172 9081
10238 9192
10225 9165
5257 4587
10222 9150
11142 10182
11137 10179
11099 10053
5723 5082
11110 10107
11472 10389
11470 10377
11488 10395
5981 5295
11467 10365
11991 10761
12010 10785
11957 10683
6199 5427
11993 10743
12512 11220
12568 11274
12571 11247
12574 11232
12573 11226
13142 11799
13163 11823
13146 11784
13190 11850
13092 11658
13613 12237
13602 12165
13611 12201
7147 6303
13639 12219
14442 13071
14396 12987
14331 12852
14379 12903
14498 13110
14658 13071
14620 12978
14592 12942
14647 13044
14564 12885
15664 14043
15665 14061
15616 13917
8017 7023
15631 13986
15601 13764
15595 13791
15706 13923
8037 6957
15643 13830
16716 15006
16721 15018
16679 14904
8612 7587
16714 15003
16983 15132
17011 15183
17061 15243
8833 7725
16992 15096
17771 15912
17773 15873
17791 15897
17840 15993
17824 15981
18290 16446
18226 16311
18256 16344
9514 8379
18254 16326
18466 16293
18526 16386
18562 16428
18733 16590
18542 16353
19099 16815
19149 16869
19117 16818
19131 16857
19100 16800
20200 18000
20177 17934
20121 17826
20194 17940
20173 17931
20095 17679
19974 17484
19999 17505
19960 17469
20089 17643
21417 19077
21251 18870
21261 18876
10949 9564
21293 18927
21248 18747
21272 18762
21728 19245
10913 9462
21316 18828
22672 20304
22698 20328
22734 20376
22707 20337
22722 20334
22693 20196
22678 20154
22707 20211
11824 10362
22676 20127
23217 20589
23183 20496
23152 20466
11955 10404
23257 20571
23791 21033
23845 21021
23799 21051
12334 10734
23804 21069
24150 21237
24160 21153
24241 21237
24152 21210
24134 21174
24731 21714
24550 21519
24720 21699
24724 21735
24445 21402
25666 22632
25790 22812
25693 22668
13257 11553
25768 22788
25666 22512
25600 22377
25692 22542
13358 11550
25694 22530
27243 24204
27275 24225
27250 24123
27268 24198
27236 24123
26749 23499
26697 23391
26712 23406
26762 23490
26764 23505
27977 24750
28000 24759
27884 24555
28220 24969
28016 24759
28224 24903
28217 24888
28209 24846
14688 12783
28208 24882
28965 25506
28978 25515
29014 25539
28990 25581
28948 25521
29997 26562
29543 26130
29594 26178
29929 26448
29346 25866
29648 26001
29620 25944
29913 26268
15001 12888
29639 25965
30318 26562
30259 26442
30296 26517
30323 26481
30320 26541
31713 27951
31720 27924
31510 27615
16093 13932
31774 28017
30981 26964
30987 26961
30941 26889
31052 27012
30757 26682
32505 28539
32610 28665
32592 28626
32635 28650
32641 28686
32221 28122
32219 28083
32941 28839
16513 14199
32324 28245
34007 30015
33923 29850
33911 29787
17335 15036
34012 29991
33718 29538
33869 29709
33758 29586
33940 29808
33933 29790
34361 30102
34390 30084
34321 29979
17597 15141
34368 30090
35027 30795
35077 30810
35062 30825
35030 30762
35017 30729
35629 31317
35642 31323
35728 31353
35602 31263
35560 31158
36033 31635
36027 31581
36050 31632
18774 16290
36051 31647
37359 33000
37430 33102
37278 32901
37388 33042
37212 32760
36896 32298
36898 32313
36880 32256
36842 32202
36886 32289
38472 33744
38491 33732
38690 33981
38449 33699
38633 33936
37355 32328
37409 32409
37606 32643
37617 32646
37650 32709
39221 34221
39236 34239
39206 34215
20118 17319
39223 34209
39414 34392
39466 34443
39424 34350
20512 17700
39453 34365
40303 35151
40365 35241
40335 35151
20550 17670
40368 35202
40673 35526
40656 35469
40670 35502
40696 35484
40686 35460
40535 35136
40801 35472
40711 35307
20591 17595
40663 35220
41415 36015
41443 35994
41519 36141
21633 18669
41516 36132
43334 38037
43325 37995
43164 37782
43384 38058
43262 37920
42460 36996
42507 37047
42428 36915
42449 36969
42219 36675
44287 38820
44235 38739
44254 38763
44204 38709
44309 38880
43614 38091
43668 38148
43605 38055
43658 38145
43583 37992
45986 40581
45938 40527
45985 40560
45982 40569
46002 40593
45281 39702
45307 39720
45279 39663
23436 20277
45328 39723
45670 39939
46072 40320
45680 39915
45702 39957
45674 39906
46536 40809
46586 40884
46579 40845
24170 20967
46535 40788
46636 40653
46824 40863
46842 40854
23453 20091
46645 40659
46699 40473
46937 40713
46740 40533
24430 20997
46964 40779
48870 42729
48585 42354
48429 42225
48635 42489
48577 42402
47693 41325
47701 41325
48833 42471
24774 21231
47758 41352
50099 43644
50031 43581
50040 43569
50126 43656
50074 43575
48668 42135
48657 42123
48676 42138
24888 21255
48682 42075
50695 44175
50859 44337
50813 44274
26122 22530
50896 44376
50823 44211
50707 44070
50835 44166
26357 22677
50835 44220
51509 44685
51640 44877
51522 44679
51645 44874
51483 44637
51798 44991
51804 44946
52130 45396
26899 23115
52117 45354
51732 44727
51760 44757
51922 44922
51766 44739
51749 44724
52610 45540
52689 45630
52631 45564
27332 23436
52714 45669
55167 48204
55183 48225
54994 47964
55226 48306
55228 48324
53551 46443
53051 45897
53570 46446
27777 23823
53591 46488
55799 48717
55760 48636
55781 48660
28602 24684
55858 48738
54693 47520
54648 47400
54719 47520
54697 47502
54672 47457
57324 50088
57403 50214
57141 49902
29148 25194
57085 49866
56656 49449
56341 49035
56664 49437
29398 25398
56343 49053
56931 49536
56955 49527
56928 49500
56939 49482
56937 49476
57681 50274
57761 50379
57750 50343
29959 25863
57699 50253
57987 50373
58288 50718
58258 50676
57899 50175
58247 50640
58308 50655
58344 50697
58336 50688
58243 50523
58279 50541
60211 52578
60216 52560
59933 52206
60172 52476
60251 52599
59104 51270
58850 50895
58950 51030
30483 26097
59081 51240
61643 53676
61660 53667
61699 53727
61622 53634
61580 53559
59938 51822
59981 51888
59935 51795
30576 26109
60948 52800
61994 53751
61974 53682
62031 53793
31811 27288
62009 53751
61884 53589
61882 53559
61833 53439
61881 53517
61829 53418
62903 54387
63090 54663
62904 54354
31965 27306
62936 54417
63338 54909
63363 54915
63325 54849
63320 54837
64712 56202
62712 53988
62975 54279
63674 55017
62442 53661
62920 54159
63801 55056
63806 55053
63866 55134
63869 55128
63826 55074
66008 57195
66322 57633
66134 57321
66277 57570
66467 57861
64262 55374
64414 55554
64667 55821
64383 55524
64399 55569
67088 58209
66979 58074
67688 58797
67091 58191
66961 58065
65533 56601
65622 56745
65524 56562
65549 56523
65453 56436
68596 59586
68738 59766
68821 59898
34758 29832
68666 59661
67901 58935
67864 58878
67865 58860
35223 30273
67896 58857
67830 58635
68347 59220
68289 59130
68317 59109
64960 55872
68991 59769
68986 59769
69199 60006
35798 30738
69060 59787
69031 59640
69195 59811
69221 59832
69025 59628
69030 59646
69523 60120
69548 60165
69448 59997
36122 30981
69117 59673
71643 62298
71320 61866
71345 61881
71706 62319
71651 62175
70287 60810
70311 60825
70310 60795
70317 60777
70193 60630
73445 63939
73556 64050
73588 64077
37191 31935
73587 64089
71090 61473
71059 61380
71070 61395
36236 30945
71134 61515
73826 64197
73807 64149
73792 64116
37877 32613
73850 64182
73361 63606
73404 63684
73407 63666
37872 32478
73356 63579
74235 64314
74331 64404
74641 64764
37739 32307
74345 64476
74760 64956
74769 64947
74752 64890
38874 33477
76474 66648
74387 64290
74337 64191
74664 64617
74355 64239
74397 64272
75030 64746
75071 64776
74932 64605
38970 33327
75155 64824
77978 67605
77967 67602
77645 67167
39489 33822
77997 67623
75228 64629
75239 64644
75301 64749
39084 33318
75360 64740
78021 67302
78054 67362
78272 67626
78361 67710
78248 67575
76398 65598
76621 65889
76609 65829
76330 65496
76624 65886
80215 69471
80212 69432
80571 69816
40867 35052
80214 69456
79304 68499
79304 68475
79344 68523
41096 35226
79304 68499
79392 68391
79455 68472
80180 69114
79417 68412
79403 68343
80095 69069
80049 68991
80120 69069
41358 35322
80003 68907
80343 69174
80344 69135
80655 69426
80320 69117
80250 68982
80644 69441
80616 69372
80638 69423
41817 35703
80518 69225
83230 72027
83252 72015
82965 71709
42610 36534
83181 71922
81432 70092
81457 70143
81469 70146
42198 36021
81395 70047
84695 73194
84587 73065
84601 73008
43095 36867
84565 72963
82184 70722
81728 70200
82171 70665
41872 35643
81594 69999
85144 73626
85266 73776
85541 73908
85261 73767
85112 73566
84866 73341
84889 73350
84683 73059
43956 37659
84703 73083
86227 74598
86057 74370
85922 74184
43695 37383
86137 74427
86218 74574
86398 74793
86318 74691
86328 74673
86307 74652
85246 73353
85766 73908
86520 74682
85526 73629
85464 73521
86667 74751
86698 74766
88691 76746
86704 74799
86685 74814
89592 77652
89590 77610
89176 77112
89555 77571
89608 77658
87020 74958
88561 76395
87001 74943
86529 74388
87031 74991
90632 78648
90676 78717
90477 78381
46241 39720
90609 78609
89613 77601
88615 76695
88581 76620
88589 76608
88598 76623
92441 80337
92467 80352
92500 80415
92431 80316
92442 80325
90808 78675
90821 78663
90780 78591
46863 40164
86414 74385
90891 78432
90812 78360
90893 78489
46382 39600
90813 78327
91941 79599
91976 79644
91909 79524
91991 79665
91955 79620
91897 79377
91538 78972
91941 79416
45877 39060
91476 78867
92397 79926
91831 79248
92505 79929
48000 41187
92395 79899
95185 82674
95210 82689
94774 82212
95180 82653
95144 82593
92810 80121
92800 80127
92796 80097
92769 80049
92942 80226
96670 83778
96440 83535
96722 83850
48773 41733
96614 83727
92911 79857
92876 79806
92889 79836
47227 40107
92899 79830
96129 82800
96072 82692
95923 82545
96004 82605
96040 82653
95952 82656
96003 82719
95963 82641
49738 42516
95969 82674
97080 83601
97095 83640
96870 83355
49394 42123
97074 83604
97061 83529
97084 83571
97565 84108
50450 43110
97543 84084
96331 82626
96789 83100
96798 83124
97484 83817
96458 82764
99628 85674
97510 83658
97345 83439
97443 83520
97484 83613
101263 87375
101225 87297
100826 86826
101347 87447
101415 87492
97831 83868
97890 83916
97887 83904
50728 43167
97888 83886
101314 87252
101299 87234
101276 87165
101342 87228
101384 87336
99051 85074
99047 85056
99054 85068
50442 42897
99014 85011
103763 89652
103439 89316
103401 89199
52630 45036
103748 89547
101815 87690
101699 87483
101251 87039
101083 86829
101768 87594
101865 87504
101888 87516
101593 87183
51976 44214
101906 87534
103313 89064
103112 88806
103307 89031
103043 88701
103017 88632
103175 88662
103501 89001
103513 88968
51538 43734
103442 88857
102750 88038
102753 88026
102755 88020
102676 87906
102684 87873
106183 91563
106527 91734
105611 90828
106105 91386
106147 91461
103586 88812
103583 88800
103061 88248
53469 45411
103614 88761
107463 92472
107480 92487
107614 92604
108011 93030
107506 92526
104315 89451
104387 89544
104373 89505
53080 45057
104399 89535
108306 93288
109465 94425
109472 94428
108281 93240
108216 93135
107714 92724
107682 92649
107748 92736
55736 47589
107677 92628
109108 93951
109101 93927
109122 93966
55323 47178
109091 93852
109115 94032
109133 94068
109152 94056
56240 48030
109119 94032
107621 92271
109246 93969
109210 93867
54064 45828
107536 92118
108956 93621
108952 93603
108911 93534
56433 48132
108933 93600
113230 97878
113235 97857
112773 97329
57503 49242
113241 97872
109727 94326
109762 94350
109746 94317
56772 48414
109724 94320
113761 98292
113820 98340
113760 98274
58140 49800
113790 98319
110656 95274
110952 95613
110666 95277
110671 95253
110681 95250
115765 100281
115851 100389
115848 100365
115882 100371
115817 100323
113596 98085
113553 97953
113632 98100
58928 50520
112383 96828
113852 98172
113830 98154
113693 97950
58219 49749
113840 98118
115008 99378
115031 99375
114985 99297
59488 50988
114717 98991
114566 98640
114574 98634
115127 99219
57199 48639
114550 98610
114714 98715
114118 98046
114593 98553
59606 50970
114670 98676
117703 101691
117086 100923
117842 101667
117699 101655
117675 101616
114759 98616
114707 98514
114788 98619
59237 50466
114868 98727
120248 104043
119975 103653
120281 104043
60819 52062
120170 103848
115634 99375
115656 99381
115630 99345
58873 50070
115751 99501
118994 102351
119114 102522
119012 102345
61040 52107
119098 102450
118417 101853
117735 101058
118320 101676
118345 101724
118421 101826
119246 102393
119585 102810
119903 103083
119303 102456
119910 103131
120332 103680
119670 102948
120018 103284
62028 52923
120326 103659
118835 101943
118863 101940
120506 103554
113488 96903
118828 101919
120143 103182
120449 103530
120363 103401
120251 103203
120279 103239
125135 108063
124208 107034
124225 107055
63187 53982
124927 107763
120262 103125
120210 103032
120289 103128
62379 53097
120692 103554
124413 107103
124359 106962
124062 106617
124243 106809
124238 106791
121012 103578
120036 102546
121089 103608
61301 51918
121064 103638
125795 107958
126382 108597
125804 107955
125766 107949
125760 107901
124596 106941
124568 106878
124505 106803
64479 54963
124565 106875
124565 106698
124544 106632
124553 106632
125840 107877
124561 106680
125651 107718
125638 107730
125702 107799
125572 107649
125606 107703
126129 108036
125770 107751
126194 108108
62665 53055
120061 102408
125660 107565
125718 107643
125647 107517
65238 55497
125567 107436
128774 110604
130213 112038
128732 110484
129308 111195
129291 111129
126272 108159
126235 108111
126194 108039
126217 108075
126246 108135
130417 111879
130477 111978
130662 112068
66394 56511
130465 111945
126383 108030
125755 107349
125824 107445
64410 54609
125795 107412
131044 112506
132349 113757
130949 112368
131092 112560
131116 112593
129479 110862
132498 113718
129576 110994
129499 110838
129616 111006
131550 112920
131099 112308
131262 112566
131540 112881
131483 112770
132009 113553
132011 113559
131881 113370
132003 113460
132000 113454
130007 111201
132012 113262
130903 112158
65637 55632
130362 111522
131093 112056
130898 111858
130807 111720
131257 112269
131260 112269
135945 116913
135286 116133
135293 116139
68877 58680
135945 116898
130916 111876
131484 112428
131508 112407
67927 57660
130857 111771
136099 116898
136028 116685
136081 116817
69454 59136
136054 116802
132744 113727
132900 113913
132691 113598
67451 57243
132728 113670
139355 120147
139414 120285
139404 120237
139394 120240
139460 120363
136624 117462
136672 117474
136630 117396
136715 117486
130119 111405
136380 116991
136441 117126
136373 116973
136454 117099
136480 117153
137199 117801
137275 117918
137421 118059
137270 117885
137272 117897
136144 116547
136353 116814
136672 117060
68010 57552
136004 116421
136022 116307
137019 117432
137052 117468
70864 60270
137008 117411
141269 121563
140688 120930
140735 120990
72136 61563
141313 121581
137535 117873
137378 117651
137711 118056
71220 60615
137475 117801
143202 123219
143006 123012
143111 123075
143038 122982
143044 123027
137643 117846
137665 117864
137614 117756
70180 59559
137660 117810
142450 122382
142424 122307
143585 123414
73006 62295
142532 122448
144542 124329
141137 121059
141531 121512
141524 121476
141513 121479
142424 122196
142376 122115
142427 122193
142462 122244
142819 122655
143613 123660
142777 122739
143635 123684
74127 63309
143632 123678
141534 121290
141549 121293
142050 121809
141403 121080
141470 121164
142872 122577
142948 122610
142947 122625
74136 63168
142928 122568
147342 126801
147826 127215
147346 126774
74486 63465
141185 121203
142448 121989
142379 121785
142431 121914
73483 62409
142530 122016
147820 127104
147871 127197
147941 127323
75635 64605
148039 127374
144190 123771
144173 123726
144138 123651
73244 62259
144159 123645
149272 128346
149313 128340
149332 128403
75835 64668
149284 128349
147312 126549
147355 126588
146491 125634
76083 64848
147307 126507
147076 126102
148658 127641
147144 126168
75089 63807
147133 126099
148442 127581
148306 127416
148312 127407
76689 65373
148203 127242
148255 127164
148466 127329
148852 127773
74406 63159
148043 126831
148606 127584
148632 127599
148599 127566
77271 65934
148542 127494
153308 132282
153307 132258
152661 131568
152784 131580
153222 132135
149318 128241
149321 128226
149316 128217
77090 65673
148886 127743
153972 132390
154293 132747
154278 132747
154009 132396
153954 132333
148682 127212
147846 126324
148556 127017
75297 63741
148558 127020
154860 132816
155124 133137
154278 132240
78259 66495
153148 131109
152733 130869
152744 130866
152746 130851
79131 67386
152667 130725
154360 132159
154602 132435
154404 132180
78302 66507
147592 126084
154523 132483
154677 132636
154676 132606
79889 68013
152686 130590
151968 129654
152639 130311
154459 132144
76688 64866
152107 129777
153415 130989
153452 131013
153457 131007
79787 67770
153412 130941
158865 136197
158725 135933
158058 135288
80640 68598
158875 136227
153163 130629
156806 134055
152966 130362
79612 67539
152956 130383
158881 135915
158845 135933
159054 136185
159116 136254
159082 136179
155067 132480
154683 132027
155025 132387
78750 66699
154910 132195
162097 139167
162425 139542
162108 139137
162322 139347
162340 139413
158480 135705
158481 135690
158467 135630
81792 69540
158513 135657
158641 135654
158230 135162
159963 136836
80771 68481
158312 135183
160659 137688
160681 137694
160276 137256
160672 137670
160704 137700
159687 136419
159020 135762
160502 137175
159806 136443
158967 135633
157990 134577
158031 134601
158846 135423
158844 135426
158776 135312
163329 139740
162597 138969
162606 138960
163369 139800
163307 139701
159116 135606
159041 135447
158984 135384
82102 69465
159190 135678
165757 141921
166111 142278
166106 142269
83784 71133
165769 141861
159657 136086
159775 136230
159655 136050
81292 68793
159743 136176
165587 141789
164723 140940
167411 143523
165700 141921
165695 141930
164480 140790
164547 140895
164539 140886
164544 140889
164526 140871
165817 141903
165499 141486
165486 141498
165762 141795
165747 141795
165101 141231
166093 142293
166050 142224
85507 72714
166063 142242
164089 140103
163409 139350
164099 140055
81999 69270
163380 139281
164750 140634
164951 140805
164778 140703
164849 140715
164792 140634
170638 146160
170937 146499
170676 146202
171545 147153
171406 146946
164738 140436
165145 140853
164850 140562
165040 140772
164932 140622
170622 146160
170142 145692
172172 147513
87449 74499
171179 146748
166485 142353
166508 142350
166514 142362
84560 71703
166486 142311
173160 148590
173902 149226
172994 148281
88028 75024
173550 148896
169819 145443
170776 146412
170807 146409
170609 146202
169805 145401
162159 138249
170277 145659
170146 145488
170183 145563
170340 145746
171818 147330
172004 147519
171846 147366
171835 147330
171661 147135
172336 147672
171398 146688
172152 147420
171154 146388
171159 146388
171254 146529
171254 146538
171239 146502
170951 146139
171136 146388
175768 150996
174830 149913
174869 149943
89329 76077
175466 150618
170838 146001
170829 145959
170863 145995
88028 74670
170842 145971
177830 152661
177843 152694
177833 152601
90147 76743
177263 152013
170668 145725
170388 145362
171638 146685
171412 146433
171393 146406
176599 151182
176272 150735
178499 152958
176606 151167
168142 143304
175309 150003
177081 151488
174892 149559
90476 76848
174879 149505
177607 152004
176783 151110
176802 151164
177190 151551
177184 151551
176956 151593
177447 152130
176960 151575
177002 151524
177039 151596
174851 149322
174339 148668
175114 149505
174324 148599
174339 148638
177205 151746
177194 151692
177205 151716
177200 151689
177181 151665
183455 157851
183541 157809
182559 156765
183461 157821
183375 157725
180633 154827
177318 151755
177421 151875
91491 77760
177428 151935
183033 157308
183119 157422
183033 157284
183160 157500
183115 157422
177930 152484
177986 152556
178009 152598
89817 76140
178012 152583
185597 159570
185818 159900
185820 159873
93230 79314
185682 159645
182356 156456
182385 156468
182393 156525
94126 80190
182382 156474
182009 155964
182101 156033
182017 155922
92801 78834
182027 155910
183421 157338
183444 157377
183496 157425
94655 80604
183477 157404
181690 155361
182508 156228
182553 156279
181674 155289
181712 155364
181226 154842
182349 156054
182315 155997
182335 156018
182331 156003
187462 161010
186716 160260
186679 160188
95592 81474
187552 161139
182267 156030
182263 155985
182749 156549
94353 80235
182743 156504
189311 162537
189685 162900
189718 162978
95874 81615
189317 162486
182229 155817
182278 155883
182283 155868
186758 160056
182296 155883
189141 162486
189151 162495
189019 162327
96814 82596
188618 161829
186893 160179
186973 160290
186942 160212
186973 160269
186967 160278
188074 161139
188092 161148
188090 161133
188508 161604
188520 161631
189842 163140
189913 163248
188999 162300
190047 163392
189843 163125
186735 159789
187435 160461
187670 160758
93949 79635
186673 159663
187393 160122
187343 160002
187366 160065
187607 160314
189690 162174
194462 166845
193729 166095
193723 166077
194915 167391
193988 166416
186979 159558
187146 159750
186938 159459
187187 159774
187148 159738
193087 165150
193178 165306
193172 165315
98563 83676
193316 165432
187993 160371
187976 160332
187987 160350
95541 80811
187973 160314
196257 168144
196157 168033
196269 168153
99679 84756
195887 167697
191674 163638
192201 164223
191243 163404
99897 84912
192185 164208
192557 164316
192628 164373
192602 164364
192629 164400
192390 164094
193640 165441
193178 164928
193257 165033
99724 84579
193053 164712
194080 165708
192864 164457
193643 165279
193890 165426
193018 164496
192560 164118
192589 164151
192577 164112
99738 84465
192422 163860
198898 170244
198351 169569
198121 169410
101414 86148
198851 170070
193814 165360
193810 165300
193715 165240
100000 84723
193749 165267
200494 171345
200444 171267
200530 171378
200256 171111
200510 171360
192404 163659
192424 163689
193484 164715
193513 164784
193498 164796
199533 170208
199680 170397
199733 170427
199731 170448
199616 170304
198265 169200
198287 169149
198241 169110
198306 169185
198229 169080
200731 171381
200829 171495
200340 170907
101559 86082
200208 170718
200549 171351
200572 171345
200592 171372
200492 171249
200451 171174
197216 167871
197283 167982
197060 167712
197180 167829
197280 167907
199050 169602
199016 169551
199082 169650
103333 87645
199036 169557
204987 175146
205004 175176
204213 174336
103752 88008
205038 175209
197284 167781
198332 168834
198352 168837
102244 86487
197281 167772
205946 176097
208005 177996
208043 178053
105131 89331
205905 176055
200362 170988
200350 170961
200079 170688
101712 86124
200058 170622
208188 178134
208087 177981
208058 177888
208079 177801
208112 177951
203706 173799
203886 174018
203626 173706
203885 173979
203897 173955
203937 173913
203402 173316
203931 173877
203982 173883
203969 173874
205210 175161
205741 175707
205749 175692
205197 175113
205778 175737
204709 174549
204726 174522
204699 174474
101971 86130
203879 173682
204849 174657
203997 173838
204024 173853
106407 90306
204831 174600
210600 180192
210906 180573
209581 179070
107549 91428
210864 180516
204923 174711
204940 174708
204946 174726
105989 89853
195090 165798
212419 181569
212470 181632
213182 182412
107172 90891
212387 181500
203896 173436
208289 177408
203934 173487
103386 87264
203990 173547
210061 178971
210030 178875
210096 178929
107270 90798
209971 178845
209442 178557
209235 178263
209176 178248
108346 91863
209190 178248
210687 179607
210955 179862
210699 179505
210933 179787
210737 179604
211896 180987
211910 180966
211936 180981
211601 180594
210673 179721
208464 177432
209323 178284
209039 177891
104843 88509
208444 177393
209566 178392
209959 178755
209591 178344
209626 178374
210335 179163
217685 186129
216500 184803
216451 184776
217746 186135
217774 186210
214271 182715
209382 178209
209364 178206
209473 178218
209535 178317
216851 185295
218422 186603
216156 184491
217067 185487
217047 185451
211169 180024
211213 180054
211126 179928
107237 90768
211168 180015
219989 188256
219841 188043
219842 188013
111765 95061
219952 188187
215886 184371
215887 184374
214664 183111
215774 184185
214627 183045
215418 183744
215393 183699
215355 183648
215394 183714
215316 183585
217986 186423
218036 186453
218058 186471
112571 95739
217816 186186
217331 185544
218331 186588
218293 186519
108044 91392
217878 186066
215958 184122
215975 184161
215958 184110
111777 94770
215723 183810
222151 190158
221150 189024
221153 189093
221913 189822
221909 189807
215866 183978
215898 184056
215890 184023
215978 184167
215936 184086
223630 191088
224906 192426
223701 191184
223292 190752
223286 190770
215939 183975
215972 184035
215973 184050
215910 183921
215925 183945
223712 191265
223745 191322
226240 193695
223765 191373
223682 191256
221468 189198
221967 189708
221485 189252
114754 97530
221943 189648
224253 191814
223787 191295
224303 191823
224119 191517
224229 191709
223264 190959
223218 190878
223255 190926
115085 97800
223197 190824
219829 187350
220245 187701
220869 188397
219875 187299
219807 187224
221494 188934
222011 189423
222057 189513
221463 188874
222056 189501
229537 196683
230547 197694
230700 197742
116812 99483
230499 197664
221549 189069
222779 190308
221570 189093
221552 189072
221508 189030
230101 197214
230247 197502
232982 200022
230389 197616
230479 197775
223612 191313
223625 191319
223629 191289
113437 96291
223677 191361
233773 200928
233802 200922
233811 200913
233793 200943
222646 190692
228613 195855
228599 195825
228590 195828
228626 195846
228625 195858
227756 194790
227762 194814
227778 194826
227789 194826
227847 194880
229716 196887
229719 196866
229734 196890
118678 101109
229724 196860
228376 195264
228063 194871
229338 196170
113571 96108
227046 193806
226769 193590
228052 194889
228072 194895
118204 100470
228030 194859
233671 200244
235238 201657
232336 198792
118698 100908
233341 199839
226599 193383
226510 193242
226659 193407
226668 193410
227183 193965
236414 202644
236850 203118
236864 203094
119683 101814
236465 202674
226995 193701
227034 193689
227032 193713
115545 97851
227046 193701
233654 199584
235776 201594
235802 201636
233738 199644
233751 199683
231298 197364
236864 202500
231912 197997
119728 101598
231292 197340
233516 199392
233431 199263
232868 198606
118405 100341
233465 199320
233387 199554
233395 199533
234693 200820
120956 102834
234699 200868
230936 196881
230864 196809
231960 197961
116116 98175
230820 196707
233689 199653
233688 199638
233693 199641
121277 103113
233813 199746
241464 206991
242616 208194
241449 206943
122455 104262
242654 208272
232952 198843
232966 198849
233044 198960
233148 199017
233107 198969
240178 205605
240023 205359
240074 205491
122210 103857
240156 205554
232728 198369
232821 198492
232667 198234
232819 198501
232771 198384
242551 207351
241509 206310
242880 207744
122274 103695
241274 206061
237303 202473
237280 202422
237312 202473
123521 104973
238683 203871
238021 203025
237952 202902
240619 205434
237923 202827
237982 202947
239363 204330
239743 204693
239376 204333
239629 204540
239575 204471
238387 203133
239476 204192
239601 204360
238041 202644
239875 204567
237612 202248
237474 202110
237664 202299
237554 202116
238015 202593
244994 209460
243242 207564
243968 208356
244118 208401
244764 209154
238502 203271
238597 203355
238606 203391
123062 104202
238578 203331
246254 210228
246677 210660
246577 210486
234573 199629
246715 210741
238090 202710
238413 203112
238105 202704
121006 102273
236875 201480
246481 210612
246022 209976
246275 210234
126067 107043
246147 210171
243215 207354
243183 207315
243128 207204
125358 106194
243150 207261
246106 209934
245487 209181
245545 209238
245424 209142
246351 210219
246718 210819
246734 210798
247102 211266
246663 210696
246730 210807
240968 204906
242455 206403
246227 210009
121935 102975
242152 206043
243054 206628
248897 212070
243135 206781
126039 106641
243122 206754
251726 214989
251796 215043
250663 213831
239830 204246
251805 215058
240438 204249
241666 205287
243229 206847
125417 105993
242941 206559
250898 213843
251180 214113
251275 214290
127882 108267
251176 214110
243683 207174
243687 207159
244350 207834
243652 207036
244323 207708
255543 218289
256144 218829
255537 218229
129243 109614
255612 218325
250088 213123
250093 213168
250120 213171
129476 109791
250036 213015
249814 212634
251895 214512
249754 212562
249741 212442
249734 212466
250902 213666
250928 213678
250903 213642
250935 213690
256050 218292
248291 210888
249351 211965
249237 211761
248246 210819
248275 210873
247703 210396
249129 211800
249046 211716
128758 108876
253516 215688
256493 218721
256546 218760
258218 220263
130858 110940
256493 218682
249550 212157
249594 212214
249582 212190
128915 109023
249472 212040
259375 221172
259998 221832
259871 221676
259670 221535
259676 221547
249351 211944
249349 211896
249391 211953
249490 212115
249467 212073
257397 219396
257337 219306
260244 222060
131852 111858
257300 219243
255374 217590
255423 217665
255433 217668
255428 217656
255391 217602
257183 219099
256610 218454
255911 217710
257221 219189
257247 219195
258127 220257
256772 218937
258174 220320
258204 220350
258187 220362
254801 216813
253841 215895
254819 216804
253819 215844
253792 215817
255210 217065
255204 217074
255879 217770
132755 112482
255419 217251
263360 224529
262193 223263
262928 224025
263587 224709
263612 224754
253931 215724
253258 215010
253039 214758
253257 214971
253287 215031
265214 226188
263305 224541
262455 223581
134561 114177
262882 224100
255979 217770
255997 217776
255982 217767
255924 217653
254538 216324
266137 226782
264928 225738
264785 225498
264813 225522
264943 225741
260819 222075
260813 222048
259510 220755
134711 114105
259460 220683
259729 220752
259974 220980
260003 220950
260113 221127
259865 220890
262006 223065
262064 223152
261936 222933
261881 222933
262412 223518
261382 222318
261241 222168
262800 223761
130041 109674
261305 222327
261977 223209
261871 223038
261979 223182
135830 115140
261487 222597
269189 230058
267952 228726
268032 228858
269189 230016
270701 231273
261542 222750
261478 222621
261550 222741
135050 114342
261407 222531
270227 230613
270129 230406
270172 230466
136347 115425
270077 230343
256766 217854
259767 220641
259578 220464
131339 110670
259838 220743
267631 227625
267626 227628
270800 230640
267591 227559
267356 227313
266525 226899
266498 226800
265847 226185
266567 226824
266365 226572
269079 229110
269115 229149
268534 228495
269198 229128
268588 228495
268346 228564
268413 228651
268486 228768
138757 117576
268448 228609
264489 224676
264954 225129
265532 225642
263674 223668
265552 225582
266014 225921
266722 226686
266678 226623
138197 116904
266686 226641
275907 235449
275878 235335
274694 234108
139822 118557
275970 235476
265356 225549
267066 227313
266927 227103
267068 227241
266984 227172
275330 234813
275447 235005
275323 234756
275495 234987
275534 235044
268070 228288
268031 228249
268063 228300
268050 228291
268044 228252
280911 240426
280865 240348
280728 240180
141607 120309
280971 240507
273666 233442
273717 233487
273780 233616
140689 119259
273914 233727
272756 232356
272803 232467
275969 235482
138663 117321
272737 232284
276004 235740
276054 235806
282502 241680
276038 235782
275994 235644
272682 232107
272698 232179
275373 234795
136262 115095
272691 232176
270511 229866
270554 229971
272126 231519
140876 119211
259838 220560
278356 237321
279597 238578
278352 237270
279622 238566
279617 238572
270894 230265
271628 230988
271145 230517
270837 230211
270897 230277
282112 240558
281872 240414
282375 240927
142473 120651
282107 240591
277079 235953
271051 230451
271014 230406
271578 230937
271086 230478
283654 242079
280659 239283
280460 239028
280705 239316
281494 240201
278118 236964
279068 237978
285142 243504
279079 238014
279052 237969
280121 238701
281683 240234
280087 238605
280561 239100
280089 238638
280538 239322
280858 239646
279282 238038
279318 238104
280577 239367
275818 234579
276669 235356
277040 235773
275532 234249
275548 234282
277895 236478
277814 236412
277853 236466
278135 236772
278376 237009
287665 245517
289243 247191
287906 245772
146041 123957
289340 247299
277594 236166
284033 242013
277603 236136
143711 121674
277896 236487
286911 244968
286925 244980
286867 244848
287194 245250
286952 244938
278559 237231
278536 237147
278647 237246
141502 119703
278482 237111
289134 246819
289499 247191
289200 246807
147119 124947
289557 247284
