485 534
499 507
572 528
483 489
503 519
1049 1011
1067 1017
1070 1026
1030 981
1071 1017
1544 1551
1572 1539
1648 1563
1597 1488
1549 1524
2071 2016
2097 1989
2144 2052
2159 2037
2111 1989
2677 2562
2688 2574
2712 2562
2657 2523
2689 2556
3226 3057
3222 3081
3253 3054
3234 2997
3147 2919
3727 3429
3670 3366
3761 3435
3743 3462
3749 3471
4386 4167
4355 4122
4418 4131
4473 4137
4417 4146
4806 4404
4797 4383
4792 4368
4869 4509
4861 4476
5441 5061
5481 5115
5491 5055
5495 5070
5533 5133
5896 5409
5968 5472
5824 5244
6000 5493
5979 5457
6536 6012
6582 6027
6431 5814
6642 6075
6528 5886
7040 6492
7109 6504
7068 6420
7096 6492
7190 6585
7511 6789
7469 6744
7523 6789
7489 6756
7532 6759
8125 7407
8117 7356
8183 7422
8348 7635
8314 7566
8890 8214
8946 8259
8939 8205
8944 8169
8910 8121
9102 8241
9332 8427
9131 8181
9303 8397
9422 8457
10048 9168
9908 8976
9987 8997
9966 9033
10056 9117
10241 9189
10286 9198
10299 9210
10511 9393
10435 9414
11098 10080
11148 10128
11152 10125
11210 10137
11139 10068
11478 10383
11678 10578
11497 10299
11647 10512
11637 10533
11979 10758
12069 10797
12070 10815
12089 10824
12127 10830
12476 11181
12641 11319
12628 11286
12707 11328
12849 11547
13211 11886
13163 11802
13138 11730
13169 11745
13185 11745
13615 12216
13562 12084
13699 12255
13935 12564
13931 12528
14366 12930
14487 13041
14633 13236
14593 13116
14575 13101
14656 13044
14704 13032
14733 13011
15055 13428
14997 13398
15641 13986
15684 14070
15668 14001
15510 13782
15644 13926
15688 13950
15642 13749
15637 13752
15698 13764
15834 13986
16714 15003
16749 15051
16745 15021
16836 14976
16818 15075
17057 15255
17075 15222
17108 15240
17325 15435
17349 15498
17851 16020
17826 15978
17870 15876
17955 16083
17854 15915
18272 16413
18322 16389
18334 16365
18556 16596
18664 16788
18535 16368
18509 16356
18805 16641
18828 16698
18800 16689
19106 16821
19117 16782
19603 17271
19579 17301
19555 17319
20133 17868
20200 17967
20295 18021
20233 17922
20180 17913
20103 17682
20154 17694
20014 17460
20465 18048
19467 17016
21355 19029
21376 18954
21411 18972
20629 18180
21477 19095
21319 18864
21391 18930
21387 18870
21836 19356
21823 19353
22712 20325
22689 20331
22759 20349
22771 20313
22813 20403
22689 20199
22745 20220
22787 20226
23021 20499
23041 20505
23215 20517
23233 20604
23150 20412
23485 20862
23474 20751
23843 21042
23802 21027
23843 21060
24127 21309
24326 21627
24137 21168
24238 21285
24194 21219
24149 21135
24265 21249
24789 21804
24765 21756
25220 22170
25057 21927
24982 21972
25710 22689
25780 22815
25847 22845
25960 22875
25980 22953
25676 22545
25703 22497
26300 23142
26436 23256
26269 23148
27169 24078
27278 24180
27296 24132
27293 24123
27285 24126
26755 23499
26793 23514
26802 23499
27279 23994
27052 23745
27968 24747
28297 25092
28025 24747
28344 25116
28364 25140
28163 24798
28192 24831
28330 24972
28817 25524
28835 25542
28911 25455
29010 25572
29012 25557
28957 25449
28975 25494
29514 26094
29545 26109
29564 26061
29646 26091
29964 26517
29709 26022
29582 25878
30037 26334
30032 26370
30008 26340
30360 26589
30380 26553
30988 27168
31035 27303
30963 27237
31750 27978
31714 27903
31682 27894
31601 27711
31719 27867
31053 27030
31037 27000
31060 26958
31699 27669
31731 27738
32669 28761
32574 28599
32604 28602
32725 28644
32982 28971
32274 28206
32344 28221
32398 28299
33010 28929
33000 28905
33972 29895
34028 29970
33986 29922
33943 29766
34012 29910
33987 29895
33792 29571
33775 29568
34473 30333
34368 30204
34322 30036
34370 30066
34405 30051
34664 30336
33070 28701
35082 30855
35199 30975
35181 30921
35506 31134
35899 31695
35690 31335
35688 31272
35662 31218
35736 31302
35747 31350
36022 31635
36064 31629
36088 31647
36888 32484
36919 32568
37832 33525
37446 33075
37871 33537
37672 33306
37700 33306
36932 32292
36920 32286
36969 32319
37991 33387
37737 33180
38610 33921
38533 33831
38472 33681
38137 33204
38535 33714
37415 32427
37415 32400
37704 32697
38178 33195
38211 33204
39267 34212
39285 34212
39266 34227
39690 34605
39632 34650
39431 34377
39485 34437
39510 34428
40320 35217
40245 35127
40432 35292
40434 35250
40375 35172
40272 34989
40307 35043
40707 35535
40711 35484
41685 36498
41191 35943
41572 36357
40574 35148
40662 35277
40571 35115
41126 35739
41286 35955
41455 36048
41452 36012
41617 36174
42451 37002
42436 37026
43277 37914
43427 38112
43413 38022
43302 37902
43243 37785
42455 36957
42528 37029
42259 36663
43224 37707
43043 37512
44267 38775
44379 38991
44317 38820
44431 38856
44790 39288
43710 38187
44581 38967
44623 39018
44693 39216
44642 39123
45955 40500
46029 40632
46012 40554
46063 40569
46054 40560
45279 39669
45294 39591
45910 40227
45943 40302
45868 40239
45732 39981
45701 39951
45677 39834
46212 40470
46218 40449
46617 40905
46363 40557
46618 40806
47205 41397
47645 41952
47012 41058
46629 40560
46646 40620
44852 38889
46787 40728
46958 40752
46725 40425
46551 40290
47928 41715
47740 41499
48445 42267
48661 42495
48633 42441
48945 42747
48958 42750
47754 41424
47821 41472
47910 41481
49407 43020
48924 42531
50049 43554
50063 43602
50119 43632
50132 43647
50093 43578
48672 42096
48712 42105
49738 43104
49289 42654
49304 42672
50748 44187
50762 44154
51397 44856
51418 44898
51412 44868
50613 43971
50647 43917
50868 44160
51898 45222
51871 45234
51691 44871
51670 44868
51714 44883
51545 44694
51705 44790
52167 45408
52146 45399
53071 46179
52945 46095
53007 46131
51911 44943
51786 44763
51727 44670
52501 45450
52483 45483
52741 45735
52738 45654
53962 46860
53851 46755
53913 46845
55218 48243
55238 48258
55225 48186
55101 48051
55026 47955
53549 46407
53562 46371
53597 46377
54770 47622
54794 47628
55779 48687
55840 48684
55855 48678
56361 49233
56414 49320
54707 47520
54723 47499
54747 47526
55905 48705
55926 48711
57125 49923
57174 49956
57137 49899
57138 49920
57177 49923
56751 49566
56765 49551
56391 49086
57661 50370
57466 50223
56983 49593
57023 49575
57606 50196
57623 50196
57574 50151
57728 50331
57831 50382
57793 50328
58985 51573
59062 51639
58300 50796
58049 50418
57987 50283
58375 50769
58402 50781
58279 50553
58327 50655
58367 50661
59077 51321
56517 48921
60215 52590
60907 53250
60009 52251
60600 52923
60589 52887
59069 51234
59086 51186
59113 51204
60360 52461
60454 52545
61670 53679
61738 53778
61676 53634
61130 53022
61728 53721
60028 51978
59737 51540
59774 51570
60545 52335
60958 52791
61961 53691
62084 53823
62005 53709
62799 54507
62614 54309
61892 53550
61975 53556
61976 53568
63248 54759
63174 54723
63088 54606
63059 54549
63168 54633
62955 54345
62890 54237
63329 54903
63296 54804
63353 54864
64207 55671
63985 55410
62822 54150
62822 54117
62742 53970
63704 54927
63510 54759
63893 55170
65127 56289
63965 55170
65477 56658
65327 56574
66089 57354
66406 57711
66433 57732
66245 57471
66172 57387
64704 55860
64791 55917
64411 55467
66307 57372
65481 56601
67072 58242
67108 58230
67653 58662
67634 58698
67721 58788
65476 56562
65482 56535
66999 58017
66985 57984
67253 58263
68644 59628
68678 59691
68640 59607
68725 59685
68808 59850
67856 58866
67913 58872
68013 58941
69412 60411
68717 59598
68346 59235
68365 59208
68249 59046
69064 59865
69074 59871
69030 59796
69244 59973
70761 61524
70178 60906
70754 61554
69297 59928
68998 59556
69026 59580
69293 59856
69246 59784
69515 60150
69571 60183
69168 59655
70700 61251
70636 61140
71308 61842
71679 62337
72055 62643
70786 61401
72020 62547
70374 60933
70377 60903
72085 62622
71969 62484
72026 62496
73584 64017
73451 63846
73468 63825
73076 63450
73541 63981
71037 61362
71166 61506
71151 61449
71905 62133
72667 62967
73811 64176
73882 64245
73866 64197
74706 65088
74637 64938
73440 63684
73373 63606
73446 63651
74975 65154
74962 65181
74486 64524
74270 64341
74308 64368
75185 65370
74402 64509
75231 65475
76574 66753
74819 64929
75930 66066
76137 66282
74673 64602
74410 64275
75299 65163
75539 65508
75255 65142
74906 64596
74947 64599
74900 64476
76789 66432
76739 66420
77604 67158
77918 67515
77966 67485
77690 67149
77652 67146
75294 64734
76395 65766
77061 66441
76952 66306
76279 65619
78261 67611
78022 67257
79096 68382
79195 68538
79122 68466
76249 65421
76651 65904
76677 65883
78253 67401
78352 67554
80234 69438
80281 69477
80266 69474
80205 69282
80210 69375
79425 68664
79347 68508
78903 68001
80368 69510
80398 69540
79429 68406
79398 68367
79504 68493
80964 69897
80323 69291
80072 69012
80295 69246
80238 69144
81822 70692
81933 70824
80725 69597
80317 69027
80206 68898
80672 69444
80690 69468
80433 69141
80663 69432
80721 69432
82364 71040
82449 71214
82993 71688
84165 72963
83164 71886
83870 72609
83892 72618
81502 70173
81468 70077
81526 70107
84116 72699
82931 71484
84918 73347
84492 72903
84504 72897
83659 71931
84393 72708
82225 70710
82206 70716
81706 70062
83450 71814
82944 71289
85189 73635
85168 73623
85261 73728
86108 74583
82376 71100
84669 73107
84811 73248
84686 73092
86500 74820
86516 74814
86145 74487
85832 74070
85998 74253
86844 75171
85996 74199
86341 74757
86288 74670
86598 74991
88285 76608
88286 76584
85841 73983
86542 74667
85288 73329
86543 74622
86480 74568
86467 74502
88540 76512
86296 74316
88472 76476
88685 76674
89627 77646
89645 77661
89641 77637
89569 77547
89227 77145
86919 74811
86548 74388
86530 74331
88582 76353
88618 76407
90536 78555
90669 78660
91708 79698
91441 79368
91541 79515
88646 76734
90783 78795
88687 76731
90662 78615
90740 78747
92501 80490
92438 80319
92513 80367
92689 80646
92409 80220
90838 78633
90854 78612
92984 80733
92909 80670
92986 80751
90911 78495
90780 78306
91986 79575
91969 79560
91935 79485
92015 79674
92007 79575
92043 79605
93353 80907
94008 81597
91816 79236
91532 78957
91545 78948
91941 79371
91926 79347
92417 79911
91908 79302
91505 78918
93300 80598
93013 80319
94833 82296
95270 82731
95165 82581
95842 83283
95810 83238
93001 80352
92722 79968
92845 80127
94982 82227
95193 82443
96427 83499
96404 83430
96358 83334
95520 82449
96831 83898
92848 79752
92928 79830
92880 79737
94910 81765
94965 81777
96079 82725
96070 82728
95777 82299
97216 83850
97216 83898
95767 82389
95752 82374
96034 82647
98069 84624
97748 84288
96853 83319
97113 83583
97113 83595
96872 83301
96859 83313
97062 83496
97143 83571
97175 83628
98741 85122
98287 84690
97775 84090
96431 82743
96468 82743
97499 83721
97941 84255
97392 83502
97514 83586
97264 83259
99742 85797
99759 85800
101308 87333
101308 87372
101345 87360
100981 86928
101046 87015
97853 83889
97850 83814
97903 83883
99931 85806
99173 85110
101255 87135
101356 87282
101307 87141
102505 88362
102137 87996
99103 85122
98746 84681
99099 85044
101389 87240
101357 87210
103336 89115
103377 89202
103222 89013
103343 89043
103256 88965
101798 87663
101168 86889
101330 87054
103410 89088
103472 89112
101895 87561
101968 87573
101995 87600
103780 89271
102960 88542
103130 88848
103237 88947
103492 89214
105349 90882
105339 90891
103234 88644
103101 88503
103091 88470
103227 88617
103609 88989
102815 88125
102797 88059
102825 88047
105154 90300
103981 89109
105683 90924
106194 91545
105946 91194
107071 92247
106576 91731
103583 88743
103415 88548
103358 88467
106011 91107
106010 91110
107663 92691
108011 93000
107517 92478
102499 87774
107521 92448
104407 89535
104380 89466
105963 90834
105392 90273
105473 90507
108368 93396
108374 93354
108436 93360
109269 94077
109468 94398
107775 92796
107780 92781
107861 92805
110151 94950
110020 94863
109388 94287
109405 94263
109359 94170
110393 95250
109192 93978
109092 94038
109172 94086
109213 94077
110768 95532
111704 96519
107620 92313
107649 92298
108933 93513
109294 93894
109302 93996
108982 93621
108485 93060
109013 93609
111466 95982
106716 91695
112780 97377
113835 98490
113354 97926
112782 97308
112824 97377
109759 94362
109830 94365
109243 93729
111795 96273
111772 96234
113866 98373
113849 98328
113890 98391
114142 98574
115057 99570
110686 95331
110947 95574
113353 97809
113310 97761
113357 97821
115866 100467
115707 100164
115835 100296
115911 100398
116279 100863
113634 98109
113678 98103
113669 98094
116239 100557
116314 100698
113550 97794
113870 98160
113402 97578
115157 99399
115098 99351
114870 99159
114455 98703
117702 101925
117662 101937
117717 102009
114481 98517
114199 98217
114291 98307
114141 98124
114669 98709
114773 98814
114813 98877
114170 98088
116812 100686
116657 100500
117820 101823
117633 101532
117844 101781
119029 102918
118840 102696
114822 98676
114807 98640
114922 98766
118571 102318
117511 101256
120076 103827
120012 103707
119828 103431
119051 102645
120299 104028
115673 99465
115464 99090
118281 101769
116933 100413
118293 101901
119061 102369
119074 102492
120522 103845
120432 103794
120660 104082
117878 101184
120990 104256
118450 101787
121098 104268
121027 104286
119332 102519
119723 102954
119575 102729
120678 103854
119588 102774
119979 103224
120393 103707
122580 105702
120816 103932
122410 105564
118856 101943
118866 101904
120238 103281
120683 103725
120660 103749
120065 103077
120175 103092
120362 103287
117687 101013
123088 105915
124204 107046
124804 107589
124844 107679
124410 107178
124332 107049
120253 103098
120250 102993
122832 105396
122863 105441
121896 104511
124031 106581
124455 107028
124111 106614
125441 107910
125766 108300
121027 103623
120965 103461
121096 103602
123806 106191
123833 106254
125883 108060
125837 107970
126495 108654
125868 108063
125917 108030
124539 106839
124575 106845
123343 105639
126120 108291
126811 108984
124513 106593
125921 107949
124586 106680
126837 108840
125831 107865
125712 107814
125899 107946
125863 107931
128566 110484
128618 110544
126146 108048
125755 107736
125609 107382
126229 108069
125500 107268
125688 107619
125718 107568
125733 107622
128674 110391
128637 110394
128842 110673
129457 111348
129407 111267
130281 112011
130216 111936
126237 108048
126250 108123
126298 108096
130277 111924
128686 110331
130600 112095
131408 112917
130599 112056
129388 110748
130670 112116
125062 106755
126599 108195
125813 107358
128423 109797
128581 110013
130930 112320
132616 114006
131203 112596
132401 113640
132413 113706
129931 111372
132671 113907
129908 111318
132579 113742
132452 113604
131549 112908
131544 112860
131505 112800
132831 114063
131558 112812
132004 113547
132049 113532
131947 113385
134014 115299
135089 116385
130559 111762
130099 111261
130110 111279
132380 113514
126597 108330
131189 112218
131275 112263
131292 112248
134471 115290
134318 115185
135467 116316
135818 116706
135996 116913
135925 116790
135979 116796
130811 111717
130945 111876
130968 111873
134021 114804
133267 114120
136302 117120
136148 116883
137639 118335
136499 117129
137717 118407
132667 113592
132862 113829
135870 116619
135909 116697
136014 116877
139457 120312
139401 120234
139405 120105
139238 120033
136305 117249
136657 117510
136687 117462
136698 117462
139844 120570
139822 120522
136388 117030
136409 117039
136445 117084
138018 118605
138043 118644
137278 117891
136659 117231
140607 121005
139515 119994
140599 121086
136231 116604
136277 116646
136257 116634
136791 117123
136759 117099
137050 117426
137069 117426
135314 115602
133388 114096
139326 119520
140714 120975
141008 121263
142967 123201
142342 122505
142296 122544
137795 118161
140684 120864
141085 121227
142208 122304
140670 120828
143000 122958
143024 122982
142979 122919
142090 121971
143205 123144
137676 117870
137692 117846
136151 116253
140677 120588
139072 118995
142426 122346
142462 122409
141955 121788
143827 123609
144079 123927
141476 121431
141550 121494
144292 123915
144470 124119
144240 123945
142781 122628
142849 122661
142847 122622
142472 122160
142483 122121
146980 126873
143658 123663
146137 125889
144022 123813
145252 125073
141544 121305
141586 121338
141589 121329
143645 123339
143675 123396
142951 122592
142923 122523
143048 122679
146438 125946
146433 125979
148031 127551
147832 127248
148043 127470
147435 126798
148207 127680
142410 121878
144222 123543
142448 121866
144397 123729
144331 123666
147962 127308
148058 127434
149591 128886
148300 127581
149650 129027
144125 123636
144248 123744
144261 123756
147488 126813
147514 126807
149362 128436
149348 128409
149333 128403
149348 128322
150098 129201
147370 126621
149938 128919
146594 125724
149926 128868
149247 128298
147154 126147
147863 126747
147161 126105
150103 129045
148711 127668
148671 127788
148669 127749
151688 130563
144912 124374
151645 130509
149458 128499
148505 127356
148157 126951
142448 121920
148835 127677
148646 127638
148646 127629
152241 131076
150400 129204
152097 130893
153293 132243
153270 132198
152930 131775
153947 132711
154349 133212
149356 128274
148583 127395
149379 128247
152520 131211
151690 130350
154042 132423
153835 132153
154033 132405
152402 130698
154338 132774
147915 126372
147927 126339
147952 126351
150285 128556
151173 129429
153293 131289
153365 131313
153335 131253
155250 133230
155201 133233
152710 130818
152785 130821
152738 130734
155960 133824
155968 133773
154810 132651
154691 132495
154796 132585
156234 133998
154376 132048
154572 132507
154614 132489
157910 135537
158016 135699
156391 134109
152008 129714
152059 129687
151995 129645
154660 132267
154366 131973
153444 130974
153581 131097
157108 134394
157077 134415
157059 134409
158092 135303
158915 136224
158541 135759
158812 136035
158061 135258
154031 131538
154047 131517
153283 130674
157275 134490
156822 134040
159034 136179
159089 136188
159145 136203
159596 136632
160837 137895
155074 132432
155098 132465
158414 135423
158234 135282
158388 135414
162092 139149
162243 139341
162292 139383
162179 139134
162544 139509
158502 135690
158507 135645
162160 139002
162627 139563
162196 139101
158316 135255
158719 135690
158067 134931
160481 137367
160470 137331
160593 137604
159893 136872
160742 137682
164376 141132
164317 141042
159057 135765
158999 135666
159052 135690
159694 136350
159705 136356
158030 134601
158883 135450
158019 134550
161723 138042
160837 137247
162617 138990
163430 139818
163414 139800
164366 140592
164357 140625
159185 135621
159346 135804
159378 135807
164400 140580
162953 139155
165786 141900
166089 142200
165781 141828
166269 142386
165934 141969
159744 136239
159725 136155
159723 136107
161551 137736
163337 139443
165670 141906
165824 142065
167653 143784
167611 143751
167582 143751
164603 140943
164569 140910
164600 140856
168183 144225
168134 144213
165805 141828
165792 141840
165789 141822
167335 143364
165548 141522
166158 142383
165259 141402
169110 144942
168250 144207
169113 144948
164242 140235
163485 139434
163609 139527
165396 141288
166199 142095
164793 140676
165047 140877
164702 140481
168646 144228
169179 144819
170362 145833
171390 146898
171541 147108
171024 146502
170717 146154
164584 140217
164889 140553
168723 144084
168487 143901
169254 144651
171045 146562
170625 146118
171104 146583
171338 146823
173087 148479
166516 142401
166581 142395
170379 145884
170327 145851
169950 145371
173210 148602
173280 148635
173056 148368
173374 148764
173166 148440
170777 146406
169684 145248
169732 145248
173510 148788
173775 149100
170385 145797
172100 147363
170486 145803
173774 148992
172139 147417
171880 147408
171985 147486
176034 151278
174101 149232
175658 150867
172328 147699
171262 146499
171324 146436
172431 147702
172129 147360
171284 146601
171280 146523
171360 146580
175207 150183
175245 150291
175879 151071
175594 150741
175681 150783
176760 151758
176810 151806
170876 146001
170956 146058
171003 146103
175030 149919
175035 149880
177321 152064
177618 152421
178294 153042
177895 152616
177642 152340
171675 146724
170484 145431
170486 145440
174285 148986
174263 148986
176525 151032
176581 151128
178610 153006
178901 153363
178533 152970
175356 150003
174954 149589
175452 150123
179231 153483
178662 152988
177083 151494
177190 151557
177168 151476
176813 151074
168499 143493
177031 151656
181327 155658
177096 151665
181267 155607
181198 155538
175053 149490
174382 148704
174361 148689
169788 144888
177230 151521
177160 151635
177191 151680
177258 151686
180182 154233
181447 155634
182679 156975
183392 157683
183525 157785
182627 156846
182740 156981
177405 151905
176401 150798
180784 154953
180767 154986
179637 153945
182997 157212
183196 157500
183189 157473
185044 159228
185109 159306
178015 152625
178089 152664
178158 152745
182333 156600
182394 156744
185642 159624
185692 159603
185660 159603
185770 159690
185881 159888
182435 156561
182456 156513
184763 158670
186787 160740
184734 158649
182028 155925
182046 155943
182069 155937
185787 159573
184156 158040
183444 157389
183504 157428
183508 157395
186317 160050
187814 161550
182503 156198
181734 155349
181685 155265
182571 156192
180447 154161
182331 156009
181303 154899
181351 154911
184633 158046
183639 157056
187591 161175
187554 161106
189481 162924
188898 162372
189758 163248
186718 160200
182395 156126
182359 156024
186730 160209
187196 160719
189296 162540
189274 162453
189346 162483
187406 160557
189758 162924
182248 155853
182338 155850
186389 159666
184160 157443
184243 157563
189128 162414
188669 161865
188666 161868
191356 164586
191200 164388
186992 160269
186483 159669
191130 164070
191072 164073
191043 164022
188569 161640
188613 161694
188640 161733
190303 163398
189098 162132
190134 163497
189874 163137
189116 162396
190500 163584
193608 166713
186719 159747
186962 160038
186617 159522
189931 162915
184529 157743
187338 160056
187343 160008
187352 159987
192347 164856
191976 164355
193673 166008
194540 166977
194651 167010
194813 167214
193736 166083
186999 159588
187068 159570
187044 159444
193199 165414
191596 163923
193214 165366
193128 165240
193186 165270
193581 165543
195489 167481
187976 160344
188030 160326
188080 160362
192433 164475
192409 164451
195995 167763
196958 168780
197113 168921
195577 167163
195949 167682
190044 162102
192242 164220
195597 167337
195441 167136
196526 168207
192554 164280
192626 164391
192659 164364
194593 166206
194698 166347
193955 165828
193471 165255
193494 165270
195753 167157
197506 168822
193805 165462
192611 164130
192706 164235
193508 165000
193476 164955
192536 164067
192581 164067
197257 168474
196960 168096
194791 165936
198383 169656
198391 169647
198159 169338
200257 171384
200281 171378
193748 165267
193829 165276
193852 165276
200028 171144
198369 169536
200195 171018
200202 171015
200172 170970
200562 171369
200595 171360
193514 164838
192469 163683
192482 163677
196694 167580
195515 166482
199700 170430
199658 170325
199648 170304
201926 172584
201978 172614
198331 169179
198289 169122
202692 173205
202485 172959
202519 172899
200760 171405
200729 171345
200998 171507
202487 173007
200694 171258
200571 171288
200589 171312
202979 173376
205129 175509
205156 175539
198175 168819
197286 167910
197350 167925
200392 170907
200326 170787
199121 169662
199085 169626
203818 173946
203724 173931
203773 173895
204232 174426
205076 175260
205044 175191
205194 175326
204190 174279
198486 169041
198420 168867
202113 172215
202052 172206
200983 171222
205927 176088
205975 176151
206005 176124
208176 178194
208201 178224
200029 170658
204842 175074
199977 170553
204552 174654
204797 174984
208119 177954
208563 178446
208143 177978
208610 178494
208213 177993
203481 173529
203918 174042
203958 174027
208670 178374
206322 176106
203346 173259
203422 173343
206311 176115
207545 177198
206271 176058
205733 175746
205744 175698
205308 175161
210045 179643
210063 179613
204852 174630
203974 173718
203651 173385
204719 174459
204829 174582
205102 174936
208916 178404
203853 173595
207071 176544
208873 178365
210951 180603
211017 180663
210929 180567
212165 181587
212176 181620
204895 174687
205112 174885
205425 175209
211762 181086
209891 179322
212537 181740
212600 181767
212466 181563
210299 179451
212679 181884
203887 173466
203968 173490
203996 173511
208457 177591
208544 177729
209956 178851
209979 178869
209889 178728
212507 181194
212855 181677
209266 178335
209290 178347
209339 178392
213824 182484
212599 181233
211065 179943
210996 179907
211294 180135
212567 181257
210785 179568
211912 180969
211683 180663
215574 184209
215416 184095
214487 183273
208390 177345
208377 177303
208497 177387
211787 180615
211797 180615
209558 178362
209432 178173
209556 178218
214813 183231
214698 183021
216428 184716
217618 186006
217818 186156
216734 185025
216720 185013
209381 178215
209439 178212
209443 178215
213746 182118
214453 182910
216286 184668
216281 184626
216326 184626
219156 187344
219188 187362
210671 179493
210654 179436
211214 179982
215848 184146
216089 184500
220092 188379
220647 188868
220108 188334
219906 188064
219942 188130
216079 184470
214782 183174
214732 183129
219700 187782
218571 186759
215386 183681
215392 183744
215104 183318
217639 185802
217720 185769
218167 186672
218372 186858
218479 186984
221194 189246
223286 191340
218623 186864
217187 185361
217203 185325
217163 185250
217271 185430
216019 184164
215950 184050
216009 184137
219025 186900
221050 188850
222099 190041
222128 190002
222243 190179
224671 192459
223500 191241
216012 184155
216052 184239
216074 184173
221278 189084
221270 189132
223258 190731
223822 191349
223369 190824
223777 191274
223694 191142
216032 184086
216043 184041
214846 182874
218237 185925
218259 186009
223799 191370
223843 191403
223833 191376
226188 193560
226298 193749
221510 189294
226394 193710
221583 189300
226345 193611
226350 193608
224244 191718
224287 191742
224232 191667
223820 191250
223804 191196
223322 191040
223313 191007
228643 195882
224047 191448
228603 195888
220330 187824
219368 186795
219368 186753
223377 190692
222885 190218
221997 189438
222067 189495
222130 189555
227472 194571
227429 194511
230602 197772
230648 197805
230567 197688
229741 196833
229650 196749
222836 190410
228304 195474
220178 187731
227698 194877
227009 194190
230525 197820
232976 200094
230528 197757
231125 198261
233118 200208
223734 191421
229180 196476
223720 191424
229037 196278
229126 196488
233758 200880
233794 200910
233820 200820
234160 201282
233880 200949
228657 195885
228699 195885
228653 195828
234108 201021
231429 198411
227819 194856
227868 194856
227799 194790
232602 199497
230510 197475
229780 196956
229840 196938
229877 196953
233148 199944
235219 202011
227391 194238
227076 193830
227152 193905
228147 194901
229360 196110
227992 194835
228096 194904
232058 198408
230929 197484
231936 198348
233750 200343
233749 200328
233694 200166
235308 201693
236315 202746
226678 193461
226652 193434
232702 199059
234749 201129
232259 198597
236349 202521
236468 202656
236427 202629
234783 200946
236903 203109
227018 193602
227097 193713
227033 193623
229442 195735
229387 195669
233638 199539
233140 199011
235470 201156
236437 202245
236403 202134
231844 197940
235795 201462
231907 197937
236892 202539
236377 202014
233028 198879
233691 199446
233516 199341
235613 201345
232965 198669
234721 200931
233415 199512
233382 199458
235397 201297
237625 203532
232019 198006
230911 196791
233599 199344
234680 200496
234608 200457
233705 199614
233614 199452
239235 204672
239334 204867
239466 205026
242620 208161
242805 208362
242662 208146
242754 208269
241700 207120
232972 198825
233018 198795
232971 198756
238160 203703
236106 201699
240213 205620
239986 205260
242583 207774
240490 205701
242785 208062
232790 198462
232878 198495
232885 198510
238445 203673
238262 203532
242471 207231
242535 207270
241323 206046
241308 206040
241551 206316
238845 204117
237398 202464
237433 202509
241869 206808
242773 207528
238165 203172
238135 203091
238214 203199
240596 205389
240705 205542
239946 204930
239616 204570
239641 204582
242505 207009
244497 208902
238613 203385
238321 203025
238421 203037
239515 204192
238637 203244
237654 202284
237843 202455
243575 207810
240833 205146
240556 204858
245066 209520
245090 209529
247922 212241
246900 211176
246864 211152
238650 203457
238669 203466
238725 203454
244234 208590
244421 208878
246740 210714
246339 210300
246316 210213
244221 208233
246761 210693
238416 203103
238492 203118
235303 199935
242121 206265
240843 205125
246413 210447
246498 210534
246241 210183
249126 212985
249178 213057
243239 207285
243198 207252
243239 207303
248481 212058
248487 212094
246271 210129
246148 209955
246228 210024
248861 212610
234728 199659
246753 210864
246796 210882
246732 210771
249799 213417
249868 213540
243339 207189
242264 206160
245037 208779
246321 210060
245110 208809
247723 210870
243111 206637
248936 212001
248921 212028
248887 212049
250436 213552
251511 214692
252788 215880
251530 214623
250381 213444
241678 205284
241952 205554
247812 210945
248577 211776
246304 209604
251203 214161
253371 216120
254015 216729
251759 214563
253989 216717
244346 207828
244366 207783
243784 207249
237523 201657
250239 213150
255556 218280
255498 218133
255561 218208
255757 218271
255582 218160
250121 213186
250164 213168
255966 218514
253139 215772
255883 218430
249721 212493
252011 214545
249113 211752
252545 215106
252497 215013
249693 212487
249684 212451
256760 218934
254512 216837
256732 218988
249405 211995
248312 210879
248408 210987
249377 211878
249303 211839
249047 211743
247709 210378
247773 210393
251996 214224
253491 215637
255400 217608
256528 218739
256573 218727
258216 220194
258196 220197
249593 212202
249777 212376
249784 212385
257802 219792
255665 217803
259687 221502
259581 221388
259446 221118
260173 221943
260086 221853
254894 216924
249347 211857
249285 211734
251969 214092
254912 216951
257338 219276
257442 219363
257443 219336
260472 222192
260446 222252
254771 216981
254082 216303
255476 217662
260978 222618
260926 222591
257224 219174
257264 219156
257275 219201
259452 221202
245344 208527
258217 220353
258208 220296
262153 223725
261965 223653
262750 224412
254844 216846
253866 215889
253863 215835
257817 219663
257862 219684
255244 217056
255003 216777
255720 217479
261538 222864
261574 222936
264066 225195
264356 225471
263606 224715
262540 223617
262675 223674
253056 214779
258942 220080
258948 220065
258528 219660
258872 220026
263136 224325
262641 223806
262616 223743
266199 227151
253542 215754
255978 217761
254724 216519
256029 217734
261754 222852
261294 222462
265036 225858
264979 225783
265104 225921
265546 226416
264890 225564
260817 222015
259275 220410
264075 224871
263971 224721
262863 223737
260076 221115
260190 221280
262180 222855
265008 225588
262856 223695
262087 223185
262104 223134
262406 223503
265579 226086
267860 228381
261245 222132
261407 222318
261267 222171
262632 223455
262327 223179
261928 223185
261975 223146
268194 228738
267525 228057
267882 228558
267941 228732
269075 229878
272332 232974
272633 233280
272073 232686
261520 222717
268246 228972
267957 228585
255027 216876
267868 228525
269367 229671
269408 229680
269397 229674
266452 226596
270164 230436
259881 220839
259816 220665
263919 224253
262821 223284
263810 224169
267681 227658
267669 227601
267674 227607
270706 230475
270788 230619
266498 226845
266551 226794
271770 231522
271716 231402
271696 231399
269164 229080
269052 229011
269221 229128
268659 228555
268658 228552
268293 228537
268409 228645
268370 228534
271758 231450
274733 234402
264353 224520
263802 223953
263705 223782
267524 227448
267964 227832
265271 225207
273191 232596
266754 226650
273202 232593
273246 232728
274802 234309
276111 235641
276034 235434
275906 235353
274793 234195
267018 227292
266906 226971
263737 223986
274111 233559
270218 229977
275361 234813
275453 234960
275457 234951
276237 235503
278597 237870
268004 228231
274637 234318
268170 228420
261433 222522
274635 234315
280756 240195
280979 240462
280969 240402
280825 240285
280793 240192
280319 239601
273739 233499
273764 233523
280273 239520
277111 236541
272778 232353
272760 232344
272746 232248
275988 235431
276212 235656
276055 235860
274563 234285
276104 235785
280031 239343
282546 241791
274163 233571
274132 233517
272941 232404
273024 232452
273905 233322
270750 230103
270549 229899
270554 229851
275981 235008
275704 234735
278586 237558
282113 240876
279615 238488
283059 241896
281546 240288
271141 230541
271291 230655
278243 237048
277800 236673
277457 236310
281931 240519
281880 240435
281440 239832
276260 234924
281890 240300
271055 230451
270841 230184
270856 230088
277170 235980
277210 236004
281453 240105
280647 239238
284694 243156
284752 243201
283707 242133
279016 237876
279025 237864
279169 237990
285181 243555
285172 243510
280723 239259
280157 238695
280792 239343
280213 238662
279840 238308
280921 239727
280863 239595
279405 238110
285971 244236
284261 242706
275907 234708
275931 234654
278804 237276
278833 237366
279969 238488
277645 236169
277714 236214
284883 242883
284822 242943
284848 242916
289301 247239
289247 247164
289305 247176
288011 245877
287950 245772
277634 236163
277622 236070
277656 236076
283646 241629
284242 242280
286967 244935
286986 245034
286824 244758
289851 247557
290154 247881
285129 243177
278963 237600
278880 237492
285039 243057
285100 243162
289517 247164
289498 247155
289291 246927
289282 246927
289525 247122
