518 543
503 534
498 510
520 522
504 510
1019 1014
1022 1041
1058 1020
1058 1014
1051 1047
1593 1605
1578 1566
1584 1560
1544 1452
1604 1596
2081 2019
2117 2046
2152 2076
2031 1953
2121 2055
2695 2586
2663 2541
2618 2472
2590 2406
2655 2541
3197 3087
3197 3021
3165 2931
3223 2994
3210 3054
3666 3390
3683 3360
3671 3384
3728 3456
3706 3390
4346 4122
4357 4122
4365 4089
4393 4122
4187 3879
4719 4341
4774 4380
4766 4380
4749 4335
4778 4389
5451 5112
5396 5025
5437 5025
5432 5010
5383 4950
5889 5379
5977 5484
5917 5400
5966 5463
5915 5430
6493 5967
6505 5964
6549 6000
6570 6030
6501 5931
7090 6543
7061 6516
7067 6489
7009 6369
7056 6456
7520 6810
7561 6849
7579 6837
7515 6741
7495 6765
8132 7392
8111 7374
8137 7401
8058 7266
8151 7398
8891 8220
8891 8148
8913 8184
8951 8229
8823 8076
9102 8196
9144 8238
9117 8172
9181 8262
9177 8241
9940 9045
9895 8997
9882 8937
9938 8928
9992 9057
10135 9057
10266 9216
10220 9123
10296 9207
10246 9183
11134 10140
11104 10083
11188 10194
11126 10128
11132 10083
11495 10407
11398 10299
11342 10203
11425 10272
11456 10332
11979 10767
11987 10752
12040 10767
12002 10740
12131 10878
12592 11253
12589 11268
12648 11298
12446 11058
12595 11253
13227 11892
13210 11886
13179 11799
13192 11784
13214 11850
13649 12267
13660 12267
13893 12495
13696 12279
13705 12294
14410 13044
14406 12996
14473 12990
14400 12879
14494 13065
14628 12993
14635 12954
14455 12771
14582 12912
14611 12930
15646 14001
15658 13992
15663 13917
15556 13779
15638 13974
15711 13953
15721 13944
15722 13911
15543 13680
15719 13923
16710 15039
16740 15051
16804 15027
16720 14916
16699 14955
17074 15258
17079 15228
17091 15231
17105 15285
17099 15237
17820 15975
17833 15960
17619 15693
17996 16137
17718 15771
18309 16428
18303 16380
18079 16125
18152 16215
18286 16335
18507 16347
18620 16464
18602 16443
18608 16446
18515 16338
19063 16740
19116 16827
19154 16854
19072 16734
19228 16920
20255 18033
20219 17970
20240 17946
20118 17820
20182 17928
20405 17931
20144 17691
20123 17676
20294 17844
20122 17676
21334 18990
21316 18897
21238 18831
21330 18954
21308 18960
21331 18858
21340 18825
21359 18879
21363 18861
21370 18837
22740 20364
22719 20370
22766 20379
22709 20292
22718 20307
22733 20217
22705 20172
22681 20169
22502 19914
23038 20475
23237 20598
23237 20589
22894 20124
23462 20769
23264 20613
23784 20997
23863 21105
23781 20976
23835 21081
23852 21078
24113 21153
24156 21192
24288 21345
24223 21231
24142 21159
24727 21735
24648 21624
24651 21603
24592 21519
24636 21600
26051 23133
25801 22761
25801 22731
25837 22851
25700 22626
25728 22602
25706 22515
25743 22566
25863 22692
25754 22602
27200 24099
27209 24066
27211 24060
26994 23802
27331 24267
26792 23544
26766 23466
26826 23562
26726 23400
26830 23562
28032 24837
28082 24759
28051 24741
28073 24792
27947 24696
28273 24960
28194 24843
28217 24819
28265 24906
28197 24837
28919 25512
28914 25470
29047 25623
28989 25572
28920 25452
29511 26073
29595 26166
29544 26091
29300 25779
29534 26082
29577 25914
29630 25956
29685 25959
29665 25992
29609 25923
30270 26481
30354 26556
30263 26472
30379 26535
30407 26571
31716 27909
31604 27747
31600 27762
31787 27960
31762 27960
31016 27012
31118 27120
31013 26973
31269 27249
31060 27030
32692 28743
32620 28602
32607 28644
32775 28842
32587 28557
32389 28320
32174 28017
32331 28272
32192 28035
32224 28116
33948 29886
33951 29877
34004 29907
34037 29946
33954 29868
33984 29862
33752 29598
33905 29721
33924 29763
33975 29838
34387 30132
34284 29973
34355 30030
34626 30318
34421 30090
35137 30933
35099 30819
35079 30816
34752 30390
35050 30777
35633 31296
35747 31401
35767 31377
35810 31488
35587 31194
36046 31569
36050 31614
36061 31617
36012 31488
36021 31614
37849 33552
37411 33078
37286 32865
37382 33012
37400 33024
36877 32265
36921 32256
36903 32280
37201 32619
36974 32313
38774 34071
38426 33660
38602 33825
38208 33375
38537 33798
37436 32475
37626 32682
37495 32475
37655 32679
37649 32682
39259 34209
39648 34593
39161 34098
39242 34242
39187 34179
39451 34368
39425 34368
39426 34362
39575 34494
39442 34314
40330 35199
40437 35280
40398 35304
40763 35688
40400 35208
40713 35535
40703 35565
40700 35538
40495 35265
40686 35451
40549 35166
40706 35334
41318 35925
40863 35439
40669 35235
41364 35946
41541 36150
41423 36021
41515 36066
41435 35991
43267 37917
43242 37872
43250 37854
43371 38064
43388 38043
42394 36885
42471 36984
42239 36702
42560 37032
42510 37014
44319 38904
44272 38838
44218 38694
43974 38424
44256 38784
43710 38214
43683 38148
43645 38082
43690 38166
43711 38184
45974 40515
46009 40608
45997 40542
46027 40587
46034 40653
45370 39747
46415 40809
45319 39723
45334 39741
45376 39732
45639 39858
45699 39930
45722 39894
45744 39966
45704 39945
46442 40716
46582 40863
46551 40794
46203 40377
46431 40650
46668 40689
46855 40863
46759 40755
47127 41166
46680 40650
47016 40839
46965 40773
47043 40851
47027 40869
46979 40791
48685 42552
48454 42270
48453 42237
48645 42480
46415 40314
47845 41517
47784 41400
47808 41421
47844 41394
47842 41427
50156 43710
49983 43536
50047 43548
50064 43542
50258 43791
48703 42135
48724 42147
48617 42015
48588 41952
48722 42111
50845 44304
50739 44112
50845 44250
50664 43962
50892 44349
50643 43992
50665 43968
50903 44247
50799 44163
50823 44160
51610 44766
51662 44877
51717 44910
52134 45381
51590 44709
52120 45366
52064 45246
52107 45327
51389 44499
52133 45351
51745 44718
51802 44763
51946 44910
51876 44805
51764 44700
52703 45666
52719 45666
52665 45561
52819 45762
52763 45702
55178 48246
55225 48318
55001 48030
55038 48051
55215 48252
53584 46431
53572 46443
53594 46491
53603 46449
53622 46473
55774 48642
55778 48663
55723 48525
55365 48168
53821 46803
54468 47238
54652 47385
54725 47496
54328 46971
54676 47472
57125 49923
57214 49974
57215 50001
57158 49938
57156 49956
56746 49545
58005 50769
56407 49122
56379 49089
56670 49437
56920 49461
56893 49404
56996 49554
57382 49890
57011 49551
57758 50319
57758 50316
57897 50466
57174 49626
57683 50199
58080 50481
58074 50436
58317 50748
57896 50214
58026 50364
58342 50652
58311 50604
58289 50598
58306 50589
58394 50691
60219 52581
60085 52380
59906 52029
60018 52245
60175 52491
59105 51231
58821 50868
59142 51228
59546 51723
60242 52281
61575 53610
61672 53724
61672 53646
61689 53718
61711 53766
59697 51564
59700 51561
59689 51558
60012 51873
59995 51858
61947 53688
62013 53706
62024 53727
62030 53775
62046 53799
61948 53559
61912 53541
61919 53511
61858 53442
61886 53508
63121 54654
62989 54498
63176 54639
63030 54552
63036 54486
63372 54927
63417 54930
63329 54855
63346 54855
63333 54810
63055 54363
62742 54036
63022 54300
63031 54252
62749 53988
63891 55101
63890 55113
63922 55191
63668 54897
63661 54897
66425 57741
66174 57399
66157 57399
66250 57498
66416 57783
64727 55884
65740 56817
64711 55851
64753 55851
64387 55527
67040 58203
67070 58239
66988 58047
66461 57429
67045 58188
65533 56634
65624 56688
65504 56532
65544 56580
65562 56502
68681 59760
68764 59787
68790 59907
68696 59733
68687 59646
67916 58935
67892 58884
67900 58878
67892 58872
67954 58830
68386 59277
68367 59253
68357 59193
68376 59121
68387 59238
68857 59634
68985 59736
69187 59988
68850 59577
69035 59745
69331 59928
68935 59502
69218 59823
68991 59580
68950 59556
69578 60201
69567 60162
69479 60033
69543 60069
68745 59256
71672 62346
71486 62055
71487 62049
71373 61893
71689 62325
70367 60891
70379 60888
70379 60900
70456 61026
70356 60837
73567 64056
73628 64134
73512 63951
73115 63516
73614 64095
71087 61392
71069 61392
71109 61470
71068 61401
71139 61518
73853 64137
73852 64227
73829 64143
73844 64185
73850 64191
73045 63255
73424 63627
73384 63576
73350 63564
73099 63291
74260 64353
74410 64521
74415 64542
74357 64482
74240 64329
75228 65478
74766 64938
75236 65463
75211 65439
75228 65403
74344 64269
74325 64218
74728 64638
74652 64554
74375 64254
75097 64788
74922 64596
74988 64614
75211 64941
74991 64626
77932 67551
77898 67485
77616 67197
77607 67101
78022 67596
77270 66705
75289 64686
75289 64737
75978 65433
75396 64788
78263 67605
78077 67380
78315 67605
77738 66996
78349 67641
76299 65523
76305 65484
76584 65802
76647 65853
77972 67092
80250 69462
80304 69471
80242 69408
80217 69453
80245 69477
79375 68586
78961 68130
79313 68484
79360 68517
79413 68610
79459 68505
79472 68469
79405 68331
79412 68373
79391 68376
80218 69171
80127 69060
80129 69051
79420 68334
80063 68955
80351 69123
80439 69231
80666 69441
80770 69600
80308 69066
80676 69441
80655 69432
80695 69435
80659 69372
80593 69321
83250 72048
82975 71721
82985 71682
83076 71769
83285 71973
81167 69810
81479 70098
83417 72015
81053 69609
81122 69717
84650 73095
84643 73044
84599 72999
84571 73026
84709 73212
82192 70707
81728 70140
81743 70185
82149 70563
82208 70698
85267 73764
85177 73617
85155 73566
85201 73674
85249 73755
84896 73365
84749 73173
84736 73182
84843 73269
84758 73083
86017 74328
86122 74457
86141 74460
87017 75381
85989 74217
86299 74697
86327 74724
86587 75000
85623 73914
86560 74889
85508 73629
85858 73983
85829 73953
85565 73668
85333 73362
86246 74322
86455 74493
86495 74538
86656 74757
86236 74292
89339 77316
89509 77460
89337 77322
89555 77574
89636 77727
86533 74427
86563 74493
85578 73482
87241 75150
87075 75003
90545 78537
90618 78585
90590 78531
89832 77739
90715 78747
88659 76740
88569 76593
88622 76662
88645 76659
88662 76683
92462 80403
92454 80382
92521 80430
92740 80733
92437 80274
89771 77517
90811 78657
90809 78612
90862 78681
90800 78567
90828 78393
90895 78465
90891 78465
91723 79275
90390 77910
91987 79692
91575 79212
91963 79614
93326 80913
91582 79197
91545 78939
91484 78891
91951 79389
91577 78936
91492 78870
92390 79869
92402 79896
91919 79323
91851 79239
92441 79875
95253 82764
94819 82224
94638 81993
94752 82128
95111 82518
92956 80283
92772 80052
92748 80025
93660 80988
92836 80079
96451 83529
96769 83856
96395 83430
95588 82545
96616 83700
92790 79674
92870 79794
92827 79716
92914 79857
92866 79728
95778 82347
96073 82707
95905 82452
96201 82809
95781 82347
95530 82167
96003 82740
95692 82278
96037 82728
95538 82188
96878 83382
96789 83271
97107 83592
98515 85080
97083 83640
97561 84129
97525 84027
97140 83622
97594 84153
97616 84153
96431 82773
96714 82995
96727 83019
96361 82632
96290 82539
97378 83487
97348 83448
97437 83502
97493 83625
97523 83628
100873 86826
100838 86763
100837 86796
100862 86799
101391 87507
97920 83937
97876 83871
97844 83856
99198 85089
97957 84015
101332 87225
101331 87168
101332 87171
100516 86343
101379 87330
98446 84372
98696 84651
99057 84993
98605 84513
98593 84537
103400 89250
103399 89250
103421 89223
103477 89268
103410 89313
101919 87657
101861 87678
101182 86919
101807 87624
101744 87537
101926 87600
101961 87594
101868 87504
101937 87570
101897 87519
103164 88854
103154 88803
103343 89052
98331 84279
103079 88674
103093 88560
103532 88998
103777 89247
103424 88803
103724 89184
102761 88035
102803 88098
102804 88059
102942 88233
102771 87957
105887 91170
105705 90981
105704 90978
105672 90870
106119 91440
103089 88284
103125 88272
103077 88242
103664 88875
103558 88737
107746 92691
107592 92607
107470 92367
107477 92427
107663 92637
104408 89547
103775 88815
104352 89406
104360 89436
106616 91482
108392 93405
108394 93366
108322 93249
108232 93171
108312 93264
107789 92739
107762 92736
107719 92676
107713 92643
107795 92763
109156 93966
109105 93906
109432 94263
110322 95175
109045 93816
109139 94038
109144 94047
111750 96519
108144 92982
109046 93876
107589 92238
107580 92211
108058 92703
107499 92082
107573 92157
108496 93087
108928 93558
108422 93003
108438 92994
108470 93069
112816 97404
112846 97437
112830 97380
112939 97494
113411 98010
109704 94281
109783 94353
109209 93741
109699 94245
109735 94311
113730 98277
113779 98292
113835 98283
112878 97332
113748 98259
110702 95358
110735 95361
110967 95607
110672 95211
110963 95562
115668 100143
115873 100359
115835 100383
115819 100311
115893 100395
113598 98064
113625 98094
113544 98001
113887 98355
113629 98043
113879 98196
113881 98187
113563 97749
113945 98235
113827 98034
114510 98823
114552 98865
115066 99384
114051 98337
114589 98895
114142 98157
114134 98145
114679 98751
114702 98766
115196 99204
114652 98643
114582 98508
114204 98172
114752 98709
114690 98685
117655 101637
117087 100908
117218 101034
117189 101016
117693 101625
114880 98736
114723 98550
114778 98559
114850 98700
114854 98676
120325 104160
120250 104040
120115 103833
120023 103716
120083 103776
115673 99408
115683 99432
115682 99438
115672 99363
115662 99372
119054 102390
119097 102441
119118 102438
119094 102483
119130 102540
118360 101751
118423 101826
118000 101304
118434 101838
117893 101193
119743 102942
119507 102666
119562 102678
119685 102972
119441 102621
119458 102687
120351 103692
119687 103002
120352 103662
120223 103494
119135 102177
119308 102414
119290 102381
119293 102375
118812 101907
120029 102954
120143 103077
120177 103173
119990 102882
120264 103218
124984 107829
124813 107691
124244 107058
124114 106812
125285 108120
120262 103080
120263 103047
120245 103044
120385 103125
120369 103149
124392 106998
124089 106620
124391 106974
123372 105900
124582 107208
120444 103023
120412 102942
121161 103695
120463 102972
120447 102984
125767 107958
126409 108540
125887 108063
125836 108015
125790 107979
124570 106860
123899 106194
123957 106281
124531 106806
124613 106848
124607 106791
124621 106692
124650 106665
125554 107625
124536 106623
125703 107808
128577 110511
125678 107763
125764 107829
125633 107664
125771 107703
125610 107481
126330 108333
126161 108066
125523 107358
125684 107604
125740 107682
125644 107574
125573 107412
125628 107526
129381 111315
129377 111288
128838 110637
129377 111222
128774 110559
125632 107493
126258 108129
126256 108114
127245 109092
126265 108123
130800 112284
130515 111972
130530 111936
130783 112281
130536 111996
126511 108165
125760 107397
126549 108189
126509 108132
119935 102114
131048 112524
131029 112431
130953 112308
130972 112281
131056 112506
129551 110928
132635 113856
129611 111042
129404 110724
129641 110979
131329 112641
131527 112890
131530 112851
131179 112368
131465 112758
131981 113493
131991 113493
131990 113493
130813 112251
131958 113415
129994 111192
130903 112122
130949 112170
130043 111174
129985 111111
130493 111462
133965 114720
131132 112089
131334 112335
130492 111453
135329 116190
135883 116778
135323 116178
135354 116217
135871 116766
131660 112611
131603 112533
130956 111912
131664 112605
131510 112449
136190 116958
136137 116877
136204 116904
135044 115749
136288 117105
132760 113736
132697 113634
132731 113700
132694 113595
132718 113664
139470 120354
139536 120414
139386 120162
139280 120117
139520 120453
136678 117495
136691 117507
136711 117504
136705 117534
136763 117588
136442 117096
136476 117132
136478 117078
136498 117153
136503 117174
136581 117135
137300 117900
137353 117954
136680 117255
136745 117378
136360 116802
136174 116550
136792 117189
136925 117309
136909 117315
136908 117282
136994 117351
136095 116376
136234 116538
135449 115788
141216 121488
141065 121305
140756 120972
140676 120855
141297 121551
137764 118092
137467 117792
137496 117777
138634 118908
137477 117807
143187 123189
142932 122886
142934 122856
141443 121314
143312 123324
137636 117789
137643 117843
137647 117792
137621 117732
138109 118317
142340 122127
142478 122415
142158 121962
142438 122319
142487 122361
140749 120663
140771 120693
140740 120654
140787 120702
140804 120657
142439 122205
142453 122253
142769 122625
144242 124134
142382 122148
143586 123597
141926 121926
143632 123603
143716 123669
143534 123492
141547 121302
142188 121974
142211 121968
141699 121461
141660 121416
143005 122691
142962 122631
143001 122610
143044 122748
143133 122847
147867 127332
147901 127341
147330 126723
148154 127683
147865 127215
142449 121905
142424 121869
142456 121929
143761 123171
142587 122049
147940 127308
147948 127236
147929 127224
146742 126069
148076 127449
143437 122931
144200 123726
144171 123618
144248 123762
144178 123675
149292 128355
149363 128409
149371 128388
149771 128952
149306 128322
147348 126567
146533 125691
146492 125649
147377 126531
147367 126597
147023 125997
147125 126078
147086 126069
148454 127443
147169 126168
148667 127752
148638 127755
148328 127422
148254 127296
148740 127860
148305 127230
148318 127230
148929 127872
148065 126882
148822 127740
148617 127629
148655 127644
148636 127635
148491 127374
148567 127503
152858 131700
153447 132342
152707 131562
146070 125487
152413 131250
149382 128253
149256 128136
148915 127728
150742 129660
149414 128274
154048 132417
153976 132366
153917 132273
153928 132264
154054 132441
148593 127077
148554 127029
148608 126996
148241 126750
148750 127248
153240 131253
154865 132765
153191 131151
153428 131406
153169 131112
152719 130785
152642 130716
152723 130791
152752 130833
152726 130773
154273 132003
154282 132039
154639 132417
156309 134121
154283 132018
154534 132459
154502 132390
154508 132435
153390 131235
154467 132324
151976 129630
151877 129543
152656 130332
152651 130290
151917 129585
153427 130977
153434 130959
152820 130350
153445 130959
153482 131022
158860 136251
158472 135783
158244 135468
158299 135525
158470 135789
153842 131214
154037 131517
154067 131571
154042 131547
154052 131556
159067 136164
159080 136209
158722 135777
159132 136245
158967 135981
154780 132129
154742 132078
155079 132429
154828 132120
154879 132132
162195 139272
161971 138993
162278 139296
162274 139299
162354 139362
158517 135729
158544 135762
158459 135600
162264 139164
156867 134034
158622 135609
158295 135234
160057 136890
159961 136806
158648 135597
159837 136899
160337 137292
160314 137241
159295 136341
159829 136815
159039 135753
159004 135681
159786 136518
159081 135825
158963 135612
158884 135456
158766 135339
158848 135438
158869 135432
158751 135252
165279 141675
162533 138873
164527 140817
162550 138867
163424 139818
159154 135588
159139 135579
159171 135639
159350 135855
159241 135666
165743 141912
166114 142287
165740 141807
165862 141981
165817 141879
159644 136077
159660 136089
159720 136191
157935 134403
159771 136161
165615 141858
165616 141888
165557 141681
165531 141624
165720 141954
164451 140781
163710 140037
164592 140967
164553 140862
163713 140034
165443 141396
166414 142452
165854 141900
167764 143862
165402 141360
170051 145974
165145 141243
165132 141270
163686 139857
166130 142284
163498 139512
163539 139518
164159 140064
165365 141213
163435 139344
165078 140985
165081 140934
164637 140469
164729 140559
164938 140784
171776 147357
171240 146715
170649 146178
171466 146994
163373 139605
165344 141105
164748 140427
164767 140478
164990 140673
168609 143937
171029 146541
171121 146673
170964 146442
169633 145107
171297 146913
165602 141417
166419 142239
165602 141363
166557 142392
165631 141426
173142 148515
173102 148476
173203 148563
173320 148767
173194 148581
170813 146406
170820 146421
169850 145416
170626 146214
170728 146292
170409 145773
170340 145683
170355 145659
171718 147015
170195 145563
171830 147345
171895 147408
171878 147399
171985 147528
171988 147471
171506 146832
172031 147294
172332 147573
172111 147360
171209 146376
171281 146580
171293 146532
171309 146550
171416 146670
171181 146361
175495 150642
175609 150702
174847 149877
175488 150636
175557 150672
169935 145032
170174 145317
170845 145956
170011 145110
170890 146010
177840 152568
177308 151992
177535 152211
177295 152052
177494 152280
171649 146733
175381 150114
170944 145911
171462 146460
171682 146751
176369 150873
176373 150882
176824 151167
176589 151119
176566 151059
175290 149910
174782 149373
174903 149535
174824 149427
174977 149571
176875 151245
176860 151233
177145 151542
177120 151449
176886 151167
177032 151668
177015 151665
175000 149619
175419 149994
177009 151590
175606 150075
174741 149181
175651 150111
175623 150030
175617 150054
176232 150699
176190 150597
176746 151164
176797 151218
176213 150678
183526 157764
183354 157635
182672 156972
183401 157716
183453 157743
177312 151767
176392 150855
176399 150834
177410 151806
177449 151899
183143 157437
183015 157335
183083 157320
183104 157416
183207 157527
177984 152523
178008 152520
178014 152556
182284 156561
177914 152403
185709 159687
185781 159765
185821 159789
185699 159636
185689 159699
182340 156408
182422 156513
182261 156315
182424 156453
182477 156546
182071 156006
182019 155895
182064 155913
182047 155883
182036 155895
183317 157233
182496 156366
183352 157266
182503 156396
182603 156504
181714 155391
182540 156243
182462 156090
182545 156258
181756 155436
182187 155817
182315 155943
181296 154920
182343 156015
182367 156015
186743 160260
187561 161172
186748 160245
187562 161154
187609 161187
182179 155868
182289 156000
182286 156036
183868 157551
182331 156033
189744 162990
189416 162639
189330 162492
187426 160599
189319 162525
182278 155895
182275 155859
180592 154221
182137 155658
182293 155841
189175 162537
188650 161907
189086 162354
188688 161916
188237 161520
186969 160287
186027 159216
186846 160089
186013 159255
185976 159168
188088 161115
188562 161694
188603 161691
188578 161676
188154 161214
189965 163302
189098 162435
188942 162237
190137 163482
189985 163302
186827 159903
186726 159765
187572 160629
187000 160014
186959 159999
187677 160422
187449 160149
187452 160134
187935 160734
187870 160596
194711 167157
193520 165801
193504 165777
193786 166107
194849 167247
187009 159606
187045 159591
187022 159594
187290 159855
187410 160017
193216 165258
193146 165237
195267 167274
193319 165453
193347 165477
186946 159258
187982 160296
186977 159246
188010 160341
187895 160245
197127 168930
196136 167907
195846 167544
195580 167175
196257 168108
193297 165360
193302 165351
192061 164037
193049 165030
193300 165333
192487 164199
192645 164406
192673 164388
194181 165759
192586 164355
193275 165021
193332 165042
193752 165573
191362 163077
193270 164934
192800 164361
192795 164343
193893 165525
193938 165546
192813 164277
192590 164124
192588 164109
192607 164139
192667 164193
192457 163878
198923 170232
198125 169341
198095 169368
198771 169989
198822 170004
192782 164289
193283 164748
192831 164304
193760 165225
192767 164196
200688 171579
200027 170811
201321 172119
198490 169320
200246 171042
193597 164841
193667 164922
192520 163776
193507 164790
193510 164805
199711 170433
199706 170406
199702 170379
199610 170235
199474 170070
198320 169191
198367 169215
198330 169212
198264 169116
198379 169233
200771 171417
200191 170712
200808 171405
202905 173487
200723 171351
200626 171384
200568 171366
200564 171348
198611 169359
200535 171300
197237 167970
197228 167937
198116 168750
197210 167865
197186 167850
199066 169650
199089 169614
199040 169533
199055 169611
197583 168078
204958 175125
205067 175206
204292 174435
204242 174324
205000 175176
197447 167973
198276 168711
197878 168294
200976 171204
198391 168873
206093 176289
207664 177615
205873 175953
206032 176148
206117 176256
200463 171033
199999 170535
199797 170325
200585 171189
200558 171069
208050 177939
208156 177990
208122 178023
208540 178518
208123 177837
203868 173967
203873 173991
203874 173961
204488 174600
203783 173832
203988 173973
203937 173919
203282 173154
203989 173892
203992 173904
204754 174753
205184 175050
205785 175737
204592 174498
204750 174723
203857 173673
203949 173751
204849 174624
204605 174321
203847 173670
205092 174888
204054 173847
203815 173556
204854 174642
205067 174876
209649 179208
210027 179604
209652 179160
209610 179118
210624 180243
204973 174759
204985 174738
204968 174750
206794 176541
205047 174837
213105 182412
212301 181407
212483 181590
213188 182496
212476 181650
203994 173535
203799 173295
203981 173496
204080 173601
204021 173595
209943 178815
209925 178755
209969 178767
210245 179067
210014 178872
208055 177096
209223 178215
208091 177132
208327 177378
208350 177444
210493 179295
211279 180144
211236 180135
212942 181689
211010 179895
210702 179757
210751 179781
210387 179295
211973 180960
211893 180942
208431 177336
208452 177399
209348 178233
210889 179688
208457 177342
209469 178245
209621 178404
209460 178206
209754 178548
209830 178584
216566 184899
216405 184713
216344 184626
216400 184686
217867 186285
209250 178047
209395 178242
209418 178251
211165 179808
209622 178425
216835 185280
216184 184497
216804 185169
217051 185421
217006 185382
210065 178893
211203 180072
210014 178839
210919 179649
210051 178887
220074 188322
219981 188127
219878 187995
220017 188217
220039 188310
215888 184377
220949 189024
214700 183162
214703 183141
215929 184371
215446 183765
215509 183882
215409 183663
215497 183846
215541 183885
218179 186642
218022 186462
218111 186546
215959 184410
218176 186609
217350 185595
217416 185688
218381 186606
217023 185160
217181 185355
215991 184152
216019 184152
215949 184044
206327 175392
215794 183885
222231 190245
220967 188802
221175 189051
221173 189012
222053 189945
214841 183021
215987 184134
215834 183975
216001 184176
214782 182952
223807 191346
223262 190707
223362 190818
223334 190797
223305 190800
214727 182763
215972 183978
215991 184035
215902 183879
215939 183894
223729 191319
223102 190596
223738 191250
223286 190728
223799 191415
221491 189189
221528 189246
222004 189762
221472 189171
221451 189132
223848 191370
224294 191877
224286 191793
226816 194310
223777 191196
223284 190989
223147 190791
223188 190788
226346 193620
223247 190869
219879 187404
220740 188232
220991 188436
219844 187299
219862 187260
222103 189570
226363 193440
220934 188352
220904 188364
220902 188331
229683 196818
229543 196641
229640 196755
229669 196809
230446 197562
221601 189123
221433 188943
222564 190020
222575 190059
222827 190356
230455 197709
230237 197478
230238 197364
230217 197433
230227 197475
223692 191451
223958 191682
223624 191298
223760 191490
223729 191412
233804 200889
233902 201024
233789 200901
233833 200922
234095 201246
228679 195873
228624 195822
228681 195897
228701 195915
228690 195903
227804 194850
227822 194850
227626 194646
229961 196950
227690 194673
218592 186720
228734 195903
228585 195708
226763 193989
229770 196887
227088 193869
227072 193794
228475 195351
228492 195330
227088 193860
228090 194982
226848 193629
227828 194553
226856 193704
228095 194925
232197 198714
232664 199194
232532 198978
233237 199785
233664 200259
226646 193413
226631 193374
226510 193254
228757 195480
226788 193548
236471 202743
236879 203067
236396 202596
236982 203193
236812 202986
227127 193815
227155 193842
227002 193641
227159 193764
227145 193845
233674 199620
233079 198966
233691 199605
233892 199860
233706 199566
230731 196851
230434 196467
231952 198021
231994 198081
231959 198009
233089 198966
233622 199509
233643 199527
233475 199287
233621 199500
234794 200955
234805 200982
233390 199479
232556 198717
234686 200841
234811 200652
230911 196878
231988 197943
231858 197754
230882 196815
233713 199647
233665 199515
233617 199449
233759 199671
233903 199857
242428 207951
242457 208047
241492 206946
241312 206703
242960 208611
233014 198963
233015 198843
233068 198987
233205 199044
236264 201861
239989 205383
239987 205353
240034 205317
237947 203379
240204 205626
232848 198516
232814 198456
232841 198477
231756 197451
231698 197388
241599 206418
241123 205833
241571 206379
241303 206052
241288 206016
238694 203850
238746 203922
238571 203688
238756 203916
238724 203916
238195 203196
238004 202926
237973 202845
240057 204912
238036 203004
239360 204309
239429 204282
239302 204219
239334 204195
245162 209709
238664 203454
239771 204561
239494 204219
240203 204984
238455 203076
237674 202347
237655 202302
237751 202419
237466 202044
237616 202230
245026 209442
245068 209547
244026 208407
244413 208668
244912 209310
237344 202098
237346 202125
237364 202122
238650 203451
237317 202080
246334 210318
246345 210297
246365 210288
243769 207729
246354 210252
237032 201717
237027 201702
238232 202845
236818 201411
238122 202722
246200 210258
248970 212871
245846 209745
246184 210243
246059 210030
243185 207261
243240 207357
243237 207360
243088 207159
243076 207135
245626 209382
246190 210039
246364 210192
246172 209925
245407 209103
246792 210918
246717 210750
246768 210873
246645 210639
246694 210750
242181 206106
242219 206100
243697 207591
244174 207921
244899 208602
243110 206691
243131 206706
241873 205392
242175 205737
242176 205782
251493 214698
251779 215040
250651 213750
250742 213891
253022 216147
241917 205536
241985 205608
243245 206859
244199 207723
241788 205350
251155 214089
250874 213777
250996 213921
251208 214176
250965 213828
243701 207186
244343 207837
243780 207249
249422 212253
244355 207729
255521 218205
255591 218190
255515 218208
255571 218157
255618 218232
250124 213177
250088 213147
250156 213150
250130 213159
250129 213138
249718 212535
249593 212292
249103 211851
249756 212445
249075 211731
249627 212421
250228 212952
250930 213669
248634 211479
249639 212385
248303 210903
248281 210867
249336 211923
248316 210903
248334 210948
249010 211674
249095 211734
247707 210351
247669 210324
249057 211665
255357 217539
255374 217512
255409 217560
258215 220206
256535 218733
249590 212193
249645 212199
249624 212187
251639 214041
255735 217863
259461 221244
260023 221862
259443 221202
260317 222195
260252 222165
249400 211986
249407 211941
249203 211644
249497 212064
249493 212049
256071 218073
257398 219384
257388 219294
257537 219555
260466 222294
254074 216294
254071 216297
255465 217665
255480 217638
259640 221301
257208 219156
256715 218583
257270 219159
257212 219168
256670 218571
258228 220362
256763 218916
258150 220227
254457 216678
258232 220326
253881 215904
254815 216810
254904 216843
254840 216768
254838 216834
255227 217065
254973 216774
255271 217086
255433 217263
255493 217344
262338 223440
263709 224853
262120 223149
262292 223329
263842 225009
253069 214800
253006 214734
253095 214779
253341 215049
253288 215028
263386 224631
262592 223809
263581 224778
263009 224181
262890 224073
256060 217836
254596 216381
254682 216462
255844 217545
242282 205395
265038 225831
264932 225699
265044 225828
264882 225594
264977 225744
261091 222336
260794 221976
260994 222195
261108 222324
260766 221922
259838 220824
259826 220752
259750 220668
262447 223293
259888 220869
262104 223173
262401 223452
261991 223020
262193 223281
262707 223842
261535 222588
262718 223677
262615 223548
261340 222345
261285 222282
261928 223086
261964 223173
261989 223149
261773 222933
261687 222798
269178 230025
267949 228708
267955 228687
269018 229836
269020 229815
260144 221304
260412 221544
261459 222561
264021 225069
261439 222561
269350 229617
270262 230580
269598 229809
267247 227514
270221 230532
258120 219030
256814 217857
259896 220788
259803 220671
259858 220773
267646 227628
267755 227745
267760 227760
267705 227628
267596 227592
266550 226866
265861 226137
265862 226158
265998 226236
265732 225930
268733 228735
268704 228705
269047 229035
268546 228399
268736 228612
268435 228651
268542 228777
268510 228756
272460 232182
268312 228417
265527 225636
264364 224526
265726 225870
265009 225024
263843 223914
265197 225162
265394 225435
266106 226044
266915 226869
265362 225348
275877 235383
274933 234468
274917 234462
275877 235317
275864 235293
266947 227154
267026 227205
265536 225750
266941 227127
266841 226893
275404 234906
275396 234918
275293 234708
275460 234981
275572 235080
268106 228315
268066 228219
268052 228276
268135 228381
268106 228378
280985 240456
281016 240528
280920 240357
280822 240360
281034 240558
273750 233586
273744 233478
273766 233589
273704 233472
273806 233568
272796 232419
272827 232419
275998 235470
275314 234795
272800 232362
274595 234339
274493 234177
276054 235764
273481 233298
276081 235797
272575 231918
272739 232203
273730 233142
273996 233463
272769 232239
270320 229632
272267 231663
270597 229968
268912 228387
277254 236091
279801 238782
279672 238632
278457 237387
279683 238590
279685 238647
271012 230373
271058 230409
271648 230967
271519 230859
271095 230451
282313 240831
282403 240918
282392 240912
281773 240315
282356 240882
270905 230259
270931 230268
270884 230244
271912 231312
270963 230295
281449 240102
284676 243159
281158 239742
281524 240195
281512 240177
277502 236364
278181 237003
279099 237984
279129 238023
278279 237129
280134 238680
280127 238680
280785 239310
283260 241680
280093 238623
279292 238098
280827 239568
275874 234750
283349 241656
280989 239796
275542 234333
275528 234279
279987 238518
276804 235434
275921 234621
277629 236154
277843 236430
278271 236853
277902 236496
278061 236631
288878 246774
287730 245619
287591 245427
287679 245499
289329 247257
277634 236172
277712 236283
277625 236157
280503 238947
277951 236487
286968 245046
286874 244812
286909 244854
284522 242436
290228 247977
278365 236985
278589 237186
278861 237525
277297 235872
277376 236058
289553 247248
289282 246933
289294 246909
289529 247203
289515 247155
