468 483
424 420
469 504
455 420
485 495
1035 1038
969 942
979 993
1020 1017
1014 972
1526 1497
1518 1491
1559 1506
1514 1431
1441 1362
2076 2007
2088 2013
2060 1983
2006 1884
2116 2043
2580 2448
2614 2502
2617 2475
2604 2466
2623 2451
3213 3081
3152 2988
3172 3033
3224 3054
3211 3036
3642 3348
3649 3357
3606 3300
3657 3360
3653 3372
4357 4110
4345 4110
4319 4083
4348 4083
4366 4083
4739 4371
4732 4368
4719 4332
4732 4332
4727 4341
5432 5052
5418 5043
5416 5043
5440 5031
5451 5037
5871 5373
5876 5403
5839 5340
5844 5334
5864 5373
6479 5964
6507 5979
6506 5997
6569 6021
6541 5979
6979 6405
6971 6390
7024 6462
6950 6321
6984 6366
7462 6726
7460 6732
7484 6762
7499 6729
7470 6711
8072 7320
8044 7284
8050 7251
8081 7311
8052 7281
8934 8289
8884 8196
8898 8208
8980 8298
8862 8130
9183 8349
9184 8349
9174 8307
9201 8319
9200 8337
9826 8877
9815 8865
9810 8865
9861 8913
9829 8865
10215 9186
10209 9153
10212 9165
10271 9144
10209 9144
11163 10143
11164 10206
11137 10122
11213 10185
11144 10107
11343 10191
11432 10353
11435 10341
11491 10374
11440 10290
12037 10830
12034 10800
12066 10863
12163 10935
12032 10770
12386 11043
12453 11109
12382 10998
12456 11100
12379 10941
13117 11766
13167 11811
13136 11778
13123 11679
13148 11700
13855 12498
13628 12219
13630 12189
13664 12237
13641 12123
14447 13014
14357 12879
14394 12954
14412 12966
14353 12864
14716 13155
14680 13125
14686 13098
14683 13080
14670 13074
15420 13713
15439 13728
15449 13719
15466 13761
15547 13752
15561 13734
15957 14148
15572 13737
15611 13734
15621 13788
16619 14883
16603 14826
16575 14745
16703 14964
16654 14880
16969 15159
16990 15138
16957 15123
17017 15150
17015 15111
17992 16149
17964 16128
17983 16182
17999 16152
17979 16149
18160 16257
17932 15960
18130 16170
18104 16149
18165 16230
18554 16449
18569 16443
18581 16440
18821 16713
18737 16611
19120 16854
19091 16809
19086 16806
19159 16860
19160 16893
20149 17922
20267 18018
20160 17931
20163 17898
20169 17913
20245 17838
20177 17778
20205 17817
20138 17667
20194 17772
21121 18717
21149 18756
21225 18822
21151 18678
21126 18687
21233 18729
21251 18759
21192 18660
21271 18753
21235 18717
22700 20286
22717 20370
22683 20316
22711 20334
22677 20274
22678 20193
22689 20187
22661 20163
22671 20088
22643 20118
23298 20625
23348 20679
23505 20901
23526 20898
23338 20664
23581 20775
23559 20778
23563 20790
23555 20754
23589 20781
24134 21165
24169 21261
24099 21165
24186 21246
24232 21270
24710 21687
24655 21597
24633 21603
24635 21573
24700 21642
25689 22674
25690 22668
25651 22602
25725 22728
25696 22617
25870 22740
25811 22635
25861 22737
25776 22611
25945 22758
27013 23844
27028 23853
27036 23877
27013 23844
27065 23901
26728 23487
26728 23490
26660 23361
26791 23520
26760 23502
28048 24786
27924 24654
27973 24705
28051 24825
27976 24705
28251 24945
28254 24969
28226 24915
28205 24888
28203 24873
29198 25821
29185 25791
29101 25716
29130 25689
29291 25926
29212 25734
29127 25635
29278 25833
29314 25848
29755 26298
29601 25920
29690 26022
29674 25977
29586 25845
29671 25974
30191 26397
30309 26562
30267 26514
30235 26433
30302 26535
31559 27720
31525 27654
31467 27606
31753 27975
31631 27723
31213 27213
31260 27273
31292 27321
31347 27348
31321 27330
32302 28287
32632 28632
32279 28197
32474 28422
32544 28500
32265 28158
32688 28551
32265 28179
32276 28128
32143 28008
33871 29820
34150 30120
33945 29901
33965 29892
34024 29949
33790 29649
33763 29607
33883 29751
33732 29535
33763 29595
34578 30303
34600 30348
34572 30270
34643 30363
34550 30237
34681 30339
34657 30327
34672 30360
34726 30363
34716 30363
35770 31464
35756 31446
35774 31482
35666 31335
35629 31239
36010 31602
35979 31512
35876 31431
35997 31572
36013 31548
37264 32928
37240 32880
37266 32910
37385 33015
37639 33294
37230 32700
37187 32655
37895 33402
37163 32568
37193 32619
38106 33237
38316 33558
38116 33288
38328 33540
38135 33300
37300 32319
37569 32658
37504 32556
37637 32724
37577 32631
39265 34203
39120 34068
39209 34146
39329 34251
39174 34113
39492 34464
39445 34389
40074 34971
39508 34449
39478 34410
40702 35601
40667 35544
40676 35571
40727 35673
40696 35556
40398 35166
40505 35346
40393 35220
40496 35325
40446 35238
40611 35187
40705 35307
40791 35367
40727 35286
40860 35472
41464 36060
41464 36084
41349 35931
41491 36084
41503 36105
43155 37842
43353 38052
43065 37677
43417 38127
43139 37734
42754 37311
42768 37302
42803 37323
42567 37062
42543 37011
43919 38418
43936 38403
43894 38376
44004 38526
43899 38322
43562 38010
43566 38028
43490 37854
43580 38001
43439 37842
46013 40635
46015 40623
46028 40647
46043 40653
46070 40707
45268 39723
45276 39693
45297 39723
46363 40809
45314 39711
46034 40359
46058 40329
46051 40368
46062 40305
46016 40293
46218 40455
46231 40482
46160 40389
46248 40479
45975 40140
46841 40869
46822 40878
46808 40872
46674 40620
46678 40671
46579 40404
46998 40827
47053 40935
47068 40920
46862 40629
48454 42246
48313 42084
48871 42753
48668 42522
48449 42240
48183 41901
49180 42834
48145 41814
48110 41751
49250 42906
49533 42963
49537 43056
49572 43026
49592 43050
49563 43023
48663 42102
48685 42117
48628 42072
48610 42039
48685 42096
51145 44553
50718 44115
50618 44001
50750 44130
50820 44214
50799 44214
50638 43974
51783 45156
50694 44025
50762 44106
52253 45534
52000 45267
51968 45243
52192 45495
52156 45468
51597 44763
51580 44745
51306 44415
51616 44796
51394 44508
52366 45393
51883 44904
51918 44883
51853 44853
51762 44703
52421 45303
52797 45651
52629 45612
52472 45342
52488 45369
54930 47967
54988 48036
54999 48030
55239 48333
55260 48363
54051 46998
54023 46944
53932 46788
54031 46929
54058 46974
55299 48174
55351 48192
55345 48219
55308 48099
55323 48177
54666 47475
54520 47295
55356 48150
54687 47448
54712 47490
57236 50025
56982 49785
57152 50001
57122 49956
57482 50328
56627 49434
55805 48486
56653 49461
56695 49479
56752 49518
57815 50394
57495 50169
57401 50007
57516 50136
57559 50160
57282 49887
57171 49665
57251 49821
57261 49734
57291 49815
58190 50610
58196 50607
58250 50670
58105 50418
58055 50478
58307 50667
58388 50754
58292 50613
58306 50553
58349 50673
59619 51822
59814 52077
59983 52281
59954 52164
59958 52218
59541 51741
59540 51708
59352 51489
59531 51705
59545 51726
60995 52929
61039 53049
61034 53034
60981 52881
61113 52989
59673 51513
59636 51432
59916 51816
59430 51195
59628 51423
62108 53799
62671 54360
62456 54177
62080 53757
62053 53778
61808 53481
62894 54468
61828 53466
61839 53448
61886 53541
63652 55260
63474 54969
63525 55014
63529 55011
63535 55020
62788 54294
62787 54261
62764 54240
62804 54267
62622 54039
62949 54243
62939 54237
62966 54249
62711 53946
63645 54912
63686 54915
63508 54690
63820 55080
63784 55002
63848 55056
66182 57486
66175 57429
66347 57624
66184 57462
66188 57444
65237 56451
66346 57510
65135 56337
65131 56304
64728 55857
67141 58212
67132 58161
67146 58239
66429 57417
66438 57450
65390 56415
65545 56586
65534 56523
65583 56586
65536 56529
68716 59790
68730 59772
68712 59769
68796 59865
68716 59739
67942 58974
67881 58872
67899 58917
67942 58926
67888 58887
68756 59586
68795 59658
69391 60270
69299 60105
68689 59484
68520 59298
68569 59385
68557 59340
68597 59379
68578 59337
69148 59763
69266 59865
69526 60189
69508 60099
69171 59772
69428 59979
69084 59571
69088 59598
69445 59955
69433 59991
71316 61890
71291 61848
72008 62595
71678 62286
71004 61473
70793 61377
70791 61344
70816 61359
70795 61308
70805 61365
72962 63444
72842 63270
72951 63426
73028 63465
72951 63378
71051 61422
71047 61410
72347 62634
71102 61482
70679 60993
73852 64233
74633 65010
73843 64209
73712 63987
73902 64275
73393 63636
73387 63681
73321 63627
73402 63690
73399 63630
75103 65310
74967 65151
74957 65154
75145 65358
74987 65178
74554 64800
74143 64284
74561 64782
74159 64287
74551 64740
74395 64278
74654 64617
74653 64629
74413 64272
74795 64668
75187 64974
75182 64980
75177 64962
75006 64737
75202 64926
77868 67470
77656 67194
77616 67185
78237 67872
77666 67137
76183 65658
76189 65709
75951 65406
75900 65307
75977 65421
77325 66549
77412 66681
77477 66720
77447 66678
77655 66951
76368 65604
76182 65427
76546 65844
76500 65736
76628 65868
80066 69210
80033 69192
80022 69243
80089 69240
80031 69198
78943 68094
79367 68565
79309 68547
79326 68523
78935 68067
80056 69078
80126 69126
80044 69024
80150 69123
80117 69117
79360 68304
79376 68262
79338 68253
79402 68289
79339 68238
80696 69537
80471 69258
80655 69504
80379 69216
80345 69108
80649 69429
80613 69375
80620 69405
80593 69303
80606 69354
82990 71769
83045 71796
82991 71778
83348 72099
83009 71739
82264 70989
82279 71019
82285 70995
82190 70866
82031 70671
83886 72315
83902 72327
84341 72807
83818 72183
83669 72018
81512 69861
83430 71775
82153 70662
82170 70620
82165 70605
85229 73656
85628 73995
86113 74595
85330 73761
85204 73587
84866 73311
84863 73317
84956 73383
84906 73344
84648 73050
86881 75228
87042 75444
86865 75222
87050 75396
86852 75180
85614 73965
85661 74022
87495 75780
85859 74196
85605 73941
85605 73725
85607 73710
85594 73668
85336 73356
86576 74667
86599 74721
86624 74727
86624 74736
86622 74691
86576 74661
89225 77217
89188 77196
89201 77223
89195 77181
89210 77199
87777 75741
87734 75678
86979 74835
87759 75711
87730 75702
89765 77688
89770 77709
89844 77817
89755 77655
89814 77718
88525 76509
88424 76440
90470 78405
88500 76497
88526 76527
92680 80712
92623 80634
92671 80709
92650 80586
92753 80736
90764 78576
90773 78627
90807 78651
90833 78645
90795 78621
91639 79326
91646 79293
91618 79203
92704 80373
92624 80283
91140 78756
91173 78750
91134 78762
91151 78735
91121 78717
91915 79374
92360 79848
91894 79392
91501 78915
91948 79410
91783 79149
92234 79692
91725 79113
91782 79146
92280 79731
94751 82191
94983 82347
95764 83247
95017 82419
95279 82743
93827 81273
93817 81234
93525 80880
93821 81231
93781 81156
95610 82629
95608 82611
95549 82506
95536 82464
95641 82614
92953 79923
92916 79908
92988 79968
92928 79908
92909 79875
95874 82452
96948 83601
95931 82524
95928 82488
95958 82542
95878 82569
95984 82713
95857 82545
96013 82701
95959 82650
97985 84573
98273 84885
98277 84885
97825 84396
97752 84264
96706 83229
96778 83343
96696 83205
96799 83346
96767 83271
96713 83052
96789 83127
97295 83559
96341 82587
97781 84066
97416 83586
97439 83559
97411 83556
97437 83586
97440 83580
100858 86820
100853 86790
100853 86844
101253 87288
100856 86811
98796 84834
98653 84666
98658 84711
98710 84675
98666 84660
100484 86382
100477 86379
100494 86373
100470 86364
100508 86391
99015 85005
98551 84492
98994 84984
99070 84987
99052 85044
103377 89226
103791 89640
103364 89208
103490 89412
103400 89238
101251 87018
101662 87498
101759 87642
101852 87675
101783 87624
102770 88407
102781 88410
102752 88386
102745 88362
103774 89370
102317 87975
102052 87672
102036 87651
102307 87933
102023 87636
103087 88488
103484 88974
103487 88992
103471 88965
103523 89016
102924 88257
103012 88356
102903 88233
102897 88227
102954 88287
105657 90882
105408 90633
105691 90930
105983 91227
106214 91488
104406 89640
106852 92016
104462 89691
104498 89730
104476 89694
106964 91944
106433 91368
106393 91329
106420 91353
106432 91371
104201 89304
104241 89355
105955 90909
103717 88755
103706 88740
108183 93078
109256 94116
108129 93027
108794 93648
108140 93000
107617 92598
107633 92604
109908 94764
107645 92583
107651 92613
110369 95328
110329 95268
110258 95184
110479 95358
110490 95415
108160 93060
108158 93075
108186 93084
108209 93117
108110 92925
107680 92313
108087 92805
108049 92739
108106 92796
109250 93915
108952 93603
108905 93516
111379 95886
108928 93552
108875 93501
113324 98004
112744 97320
113269 97875
112942 97521
112823 97464
110789 95421
110142 94689
110218 94821
110835 95433
109551 94134
113970 98454
112778 97209
112830 97284
112843 97317
112912 97365
110904 95544
110598 95136
110911 95526
110719 95247
110662 95166
115889 100419
115862 100419
115957 100440
115879 100428
116204 100755
115900 100236
113653 98082
113633 98112
113626 98046
113658 98118
114584 98862
114842 99180
115785 100047
114645 98907
115809 100071
113846 98088
113974 98274
113958 98277
113979 98235
113954 98226
114606 98709
114584 98688
114608 98670
114080 98028
115107 99141
114089 98052
114672 98643
114673 98661
114763 98724
114672 98625
117132 100974
117152 101055
117019 100869
117707 101631
118348 102159
115716 99552
115772 99684
115774 99666
115874 99783
115762 99624
119020 102696
119136 102870
119039 102741
119065 102741
118801 102459
115635 99396
115690 99435
118087 101673
115696 99372
115722 99468
119331 102765
120565 103962
120577 103977
119278 102651
119331 102744
118451 101835
118536 101952
118544 102009
118578 101994
118407 101784
120571 103815
120722 104007
120714 103980
120578 103806
120689 103947
119263 102591
121392 104544
118598 101829
118635 101811
117895 101124
119255 102330
119274 102351
119239 102339
118818 101850
118884 101874
120222 103206
120272 103299
119968 102969
120018 102972
120003 102951
124251 107025
124220 106965
124241 107028
124804 107652
124193 106983
121665 104508
121320 104130
121333 104151
121337 104085
121357 104112
124208 106698
123262 105843
122925 105414
123027 105513
123080 105582
121017 103629
121078 103737
123814 106239
121063 103674
121082 103713
126457 108687
126495 108723
125715 107937
125735 107982
126410 108618
123878 106161
124505 106872
124514 106839
123911 106185
124576 106887
125522 107616
125462 107553
125539 107610
125501 107553
125493 107559
124469 106533
124453 106521
124529 106629
124493 106593
124510 106590
126165 108066
126161 108099
126190 108090
126191 108096
126203 108111
125673 107565
128519 110238
128458 110196
125630 107520
125664 107490
128783 110619
128796 110619
128785 110616
129375 111270
128821 110619
127269 109119
127257 109125
127263 109104
127265 109095
127266 109098
129329 110772
130040 111489
129289 110694
129112 110523
129408 110877
125664 107220
126316 107913
125632 107205
126336 107925
128327 109767
131052 112461
132290 113634
130891 112242
131071 112485
131076 112479
129431 110796
129691 111078
129544 110937
129506 110877
129820 111249
132519 113778
132561 113838
132536 113808
132611 113907
132519 113727
130852 112383
130829 112338
133641 114885
130593 111969
130717 112173
131995 113220
130540 111762
130546 111717
130594 111780
132002 113199
131345 112407
131350 112392
131337 112344
131362 112383
131364 112341
135149 115989
135183 116013
135268 116142
135861 116799
136527 117444
132698 113598
132085 113073
135182 116028
131918 112791
132768 113727
134918 115680
134870 115614
134788 115476
134932 115617
134859 115551
132651 113607
132665 113643
132618 113577
132630 113460
132658 113616
139129 119898
139115 119940
139165 119982
139185 120063
139151 119967
136838 117741
136664 117546
136645 117537
136578 117351
136683 117540
134468 115221
137613 118275
139135 119763
137671 118326
137864 118524
136043 116682
136284 116955
136239 116889
136230 116868
136255 116937
136859 117306
136609 117015
136804 117243
136381 116823
136899 117330
139432 119685
136235 116553
136266 116631
136999 117387
137010 117399
141318 121593
142268 122478
142240 122457
141368 121584
140746 120942
138959 119301
138940 119271
138901 119247
138914 119217
138956 119262
141627 121581
141753 121653
141635 121551
141664 121599
141534 121437
137641 117789
137526 117642
137540 117708
140725 120633
137650 117759
142148 122019
142090 121968
142340 122148
142199 122067
142123 121956
141453 121416
141451 121392
144479 124230
141482 121377
141498 121479
144702 124554
143894 123702
143874 123708
144329 124221
144333 124233
142225 122208
142285 122253
144808 124551
142312 122223
142223 122184
141545 121257
141968 121701
141993 121713
141555 121257
141987 121704
143020 122727
142989 122712
144635 124143
142967 122595
143009 122682
147406 126858
147424 126867
147394 126858
148053 127521
147447 126900
143718 123237
143750 123240
143746 123255
143792 123264
143707 123180
146659 126042
146677 126060
146686 126084
146750 126126
148174 127464
144122 123657
145837 125148
144105 123633
144125 123651
144131 123657
149690 128850
149618 128790
149626 128817
149654 128862
149668 128838
147355 126612
147358 126642
147336 126600
147371 126627
147411 126660
148466 127467
149962 128955
149157 128064
148501 127440
149626 128538
147174 126252
147185 126273
146775 125790
148580 127416
147199 126249
148918 127911
148904 127869
148910 127881
148324 127248
148175 126993
148871 127842
148437 127377
148383 127296
148442 127356
148283 127143
154012 132849
153987 132801
152661 131559
153319 132249
153345 132249
150664 129627
150655 129612
150234 129093
150667 129594
150633 129540
152538 130932
153469 131907
152613 131010
152330 130650
152614 130983
148638 127170
148648 127179
148640 127167
148634 127146
148623 127101
154181 132066
153223 131205
153360 131370
153263 131211
153265 131232
152661 130749
152695 130803
152672 130818
152744 130836
152722 130854
155918 133683
155911 133674
156111 133944
156280 134124
156271 134130
153180 131127
153167 131079
153193 131112
153202 131094
151406 129312
152644 130311
152648 130347
154359 131979
152654 130305
152623 130290
153624 131235
153673 131232
153661 131211
153681 131232
153703 131292
158239 135537
158237 135540
158248 135519
158673 135930
158277 135543
154456 131889
155277 132723
158038 135237
154485 131880
155121 132522
157834 134979
157766 134925
157771 134907
158750 135786
159508 136596
154953 132288
154905 132252
154564 131886
155002 132318
154557 131823
162178 139218
162189 139245
162155 139230
162230 139227
162341 139446
158912 136179
158938 136203
158453 135624
162171 139095
158558 135717
159709 136629
159627 136530
159658 136587
161410 138213
161413 138201
158732 135747
160669 137475
159192 136227
159253 136290
159239 136293
159605 136359
159616 136374
159665 136413
159002 135693
159602 136347
159109 135723
159083 135717
157319 134052
159048 135657
159132 135735
162582 138999
162571 138981
162688 139059
163460 139863
162571 138948
160453 136971
160516 137046
160552 137061
160446 136881
160454 136929
164439 140670
164501 140715
164504 140733
164186 140358
164106 140217
159736 136203
159734 136203
158009 134586
159806 136260
159774 136266
167240 143376
167231 143385
165342 141492
165539 141681
165517 141711
164538 140922
164517 140889
164543 140940
168115 144228
164537 140928
167267 143358
167205 143283
167242 143361
167550 143658
167233 143316
163571 139758
163655 139851
164564 140817
163632 139776
163597 139749
164296 140313
165973 141918
164286 140304
163452 139395
164323 140340
169138 144876
165136 141069
165273 141273
165105 141051
165276 141249
170700 146250
170563 146088
170613 146082
171404 147009
170779 146289
166851 142608
166462 142194
166396 142098
166440 142098
166437 142092
169148 144633
168954 144411
169162 144681
169169 144618
169136 144609
166479 142305
166390 142173
166496 142311
166485 142278
166486 142287
173070 148506
174028 149451
173093 148518
173349 148866
173191 148650
169721 145311
170549 146145
169702 145296
173775 149118
170564 146145
171607 146943
171878 147285
171642 146961
171728 147018
171718 147078
170059 145518
170093 145527
170089 145548
170145 145596
170345 145815
172250 147582
172266 147585
172238 147573
171493 146805
172195 147507
175142 150186
171232 146520
171334 146619
171146 146343
171356 146625
174905 150057
174863 150009
174861 149991
175668 150846
175129 150258
172406 147570
172599 147807
172472 147675
172464 147600
172674 147885
176758 151497
175937 150708
175949 150687
176927 151740
175708 150423
171658 146739
171666 146769
171595 146673
171697 146751
171658 146709
176786 151356
176730 151290
176831 151368
177552 151944
178788 153279
175278 149955
175297 149931
174738 149355
174808 149397
174793 149394
178751 153126
178342 152691
178696 153099
178748 153111
178734 153105
175393 150036
175405 150036
175427 150051
175421 150018
175449 150051
177176 151551
175105 149526
174384 148719
175612 150030
175107 149511
176724 151152
176774 151203
176787 151224
176843 151272
176875 151281
183492 157872
183600 157911
182646 156975
183542 157869
182677 156990
177926 152364
176974 151497
179000 153474
179019 153453
178997 153474
181590 155916
181379 155622
181427 155694
181552 155856
181353 155538
177932 152418
177953 152517
177948 152511
177973 152496
177939 152394
185912 160053
185896 160044
185875 159960
185731 159753
185845 159942
182373 156528
182383 156519
182371 156507
186777 160671
182370 156483
185664 159504
183579 157512
183559 157503
183589 157440
183594 157506
184058 157833
181921 155907
181895 155904
181902 155817
180929 154827
183549 157356
182550 156303
183495 157221
181745 155388
183553 157278
182326 155985
181296 154908
182292 156003
181757 155340
181209 154788
186765 160320
185871 159330
186748 160290
187169 160692
186756 160296
183833 157494
184270 157962
184299 158025
184416 158118
184337 158076
187662 160905
187772 161046
187678 160899
187755 160959
188267 161499
182172 155730
182130 155685
182108 155637
182689 156273
180020 153567
189046 162315
190620 163776
188557 161787
189216 162480
190709 163869
186919 160200
186896 160218
186987 160317
186964 160260
186933 160194
190195 163347
191198 164343
190219 163368
191042 164115
190224 163326
188176 161517
188146 161466
187054 160326
188176 161511
187126 160392
187524 160638
187518 160632
186870 159885
187523 160560
188903 161784
187826 160653
187888 160683
187912 160743
187896 160740
187746 160503
193738 166110
193762 166131
193687 166038
194853 167226
193788 166119
188809 161391
188793 161376
188741 161286
188793 161334
188770 161304
191331 163389
191401 163488
190405 162468
191427 163533
193365 165342
187970 160332
188242 160704
187935 160266
188284 160716
188259 160698
195607 167331
195859 167634
195843 167622
195902 167598
195741 167439
193244 165354
193226 165267
193255 165333
193244 165273
193172 165138
194375 166104
196362 167952
194405 166140
193967 165591
194421 166137
191823 163638
191807 163635
191821 163632
191343 163050
191825 163620
192745 164289
193674 165288
192874 164394
193594 165159
193592 165150
193144 164766
192574 164106
196989 168246
192622 164121
192611 164094
197639 168885
198174 169506
198212 169524
197661 168864
197673 168885
195407 166881
197757 168936
195419 166884
195441 166890
195474 166968
199470 170346
198438 169284
199465 170286
198422 169326
198369 169212
193441 164742
192340 163590
196600 167505
193531 164844
193492 164739
199732 170385
199686 170361
199680 170331
199683 170286
199693 170298
198169 169047
198296 169215
198238 169158
198210 169035
202470 172992
202023 172518
202437 172980
202429 172977
202476 173001
202441 172929
198684 169500
198712 169545
198824 169647
198814 169596
198780 169551
198038 168681
200272 170829
197196 167778
197227 167856
197229 167811
199092 169599
199041 169575
198970 169518
199026 169548
199064 169599
205068 175290
204242 174360
204200 174315
205058 175239
204242 174357
200112 170580
203675 173775
200117 170568
199107 169554
199101 169530
204061 174261
204196 174429
204176 174423
205247 175302
204354 174594
200308 170859
200236 170766
200413 171003
200414 170967
199906 170433
209079 179082
208562 178521
208626 178545
208638 178596
208485 178455
203844 173892
203898 174018
203855 173958
203710 173733
203882 173961
205698 175578
205224 175086
205687 175563
205732 175638
205741 175623
203848 173832
203829 173856
203799 173814
203853 173847
203796 173817
204632 174426
205516 175257
204554 174381
203685 173448
203873 173691
204490 174225
203369 173085
204528 174285
204443 174153
203473 173160
209593 179112
212088 181542
211921 181311
211012 180354
209631 179139
206745 176517
206709 176454
206777 176535
206812 176532
206748 176478
210559 179721
210712 179946
210670 179859
210728 179931
210276 179430
204147 173736
204145 173766
204120 173760
204422 174027
204168 173760
212533 181305
210163 179034
212385 181068
210064 178920
210192 179058
209499 178641
209113 178173
213978 182712
209465 178563
209469 178569
212866 181686
212621 181380
212901 181746
213145 182019
212897 181719
209758 178830
210146 179271
208926 178062
210121 179238
208631 177693
209334 178263
208764 177663
209339 178266
208479 177363
209330 178227
210238 179070
209657 178443
210228 179064
210217 179010
210252 179055
216472 184797
216468 184797
216471 184791
217645 186006
216505 184770
211070 179721
211273 179922
211235 179943
211245 179937
211252 179943
217203 185475
214412 182841
214410 182820
214508 182934
214900 183285
210978 179763
210893 179670
210923 179742
210950 179721
210899 179646
219829 188088
219870 188106
219871 188121
220137 188424
219877 188088
214622 183042
214666 183111
214622 183048
214656 183111
214649 183042
217225 185427
217228 185427
217234 185421
217377 185559
217345 185562
215808 184284
220806 188859
215846 184326
215817 184197
215784 184209
218320 186615
218232 186492
218362 186642
217405 185640
218328 186552
216295 184485
216285 184494
216219 184320
216326 184479
216288 184461
221121 189081
221119 189063
221087 189045
222155 190095
222164 190104
217917 185988
217934 186018
217961 186084
217937 186060
217934 186066
221230 188784
221242 188808
221134 188613
221262 188802
221732 189291
215841 183846
214761 182730
214633 182631
214563 182571
214677 182646
223414 190956
223368 190920
223423 190953
223485 191043
223387 190905
221434 189171
221918 189684
221951 189732
221966 189702
221964 189723
226330 193815
226291 193797
226301 193752
226722 194175
226304 193794
221767 189516
221127 188862
221166 188868
221797 189519
221158 188859
219277 186747
222871 190152
220854 188334
219307 186672
222838 190137
221960 189417
221961 189378
227277 194382
220206 187635
221973 189423
230803 197943
230580 197694
229571 196761
230437 197577
229575 196761
223433 190896
224596 192036
224629 192090
224655 192075
223665 191106
230747 197856
228120 195315
228113 195351
228161 195396
228201 195456
223670 191340
223639 191289
223631 191274
223608 191244
223583 191187
233904 201141
233889 201087
233882 201033
233875 201063
233781 200901
228638 195954
228653 195933
233985 200904
228688 195975
228980 196284
232502 199458
232522 199431
229881 196923
232501 199347
229916 196953
233400 200298
233377 200304
227871 195087
227652 194820
233369 200289
228413 195342
228429 195348
229260 196050
227057 193857
228181 194970
228078 194964
226825 193680
226850 193698
228162 195015
228112 194970
232682 199221
232630 199125
232694 199230
235325 201774
232720 199236
229278 196083
229269 196014
229289 196071
228772 195483
228748 195498
234309 200550
234235 200472
234276 200493
233895 200082
234226 200403
231976 198231
226998 193698
227561 194241
227031 193698
224407 191157
234088 200058
233561 199503
233520 199461
233702 199641
234236 200193
231821 197940
231797 197895
231774 197874
231933 198009
231947 198000
236762 202536
235469 201300
235506 201312
235513 201294
235476 201291
232443 198612
232416 198588
231249 197403
231166 197274
232438 198582
231858 197850
231987 197985
231867 197826
234428 200247
230902 196836
233416 199350
233410 199353
233417 199344
233448 199377
233508 199467
241543 207084
241545 207105
242390 207912
242738 208329
241546 207072
235197 201051
235165 201033
235095 200937
235202 201075
235228 201066
237825 203211
237866 203313
237879 203277
240396 205653
240401 205674
238464 203796
232878 198579
232928 198651
232945 198660
232974 198675
241367 206220
241552 206412
241491 206301
241553 206391
241539 206409
237340 202527
238672 203889
242759 207519
238718 203904
236734 201828
240028 204912
240222 205161
242455 207156
240222 205107
239930 204798
237523 202524
237665 202716
242415 206931
237747 202782
237538 202539
240301 205155
238495 203253
239757 204495
238241 202893
239693 204465
237913 202614
243183 207450
243149 207402
237955 202611
237875 202512
243405 207789
243201 207525
244040 208485
244481 208872
245093 209544
240604 205326
240647 205353
240601 205329
246506 210780
240463 205089
243914 207888
244173 208242
243942 207867
243460 207378
245274 209247
236525 201021
237840 202401
243157 207234
236658 201177
236772 201345
246062 210069
246085 210042
246099 210042
246200 210162
246521 210534
243130 207246
243165 207309
243221 207321
243150 207264
243216 207312
248266 211974
248254 211959
248230 211959
248883 212712
248844 212661
244383 208461
244336 208446
244384 208488
244373 208449
244372 208464
241987 205890
243253 207168
241958 205869
243230 207027
246130 209883
243487 207150
243758 207459
243759 207411
243793 207420
243752 207426
250643 213834
251646 214770
250655 213822
251511 214686
250441 213534
245461 209043
244202 207717
245473 209049
245547 209073
244200 207714
249016 211968
250078 212949
248889 211887
248867 211851
248901 211845
244375 207861
244289 207768
244311 207810
244309 207762
244316 207759
254988 217587
255002 217605
255025 217626
255038 217605
255017 217611
250049 213093
250201 213153
250072 213090
250774 213786
250090 213117
254177 216666
252037 214710
251387 214017
251373 213987
251416 214014
248662 211518
248612 211464
248701 211533
254428 216798
248642 211455
248239 210864
249211 211797
249305 211926
248347 210951
248337 210939
248965 211566
247666 210300
248934 211548
247672 210288
248970 211578
257919 219978
258157 220233
255290 217536
256566 218730
256511 218715
251740 214287
251722 214263
251749 214245
251735 214236
251750 214260
257338 219282
257529 219516
257311 219231
256836 218691
257328 219195
246580 209301
249275 211854
249484 212070
254934 216966
249449 212013
257462 219393
257450 219369
257464 219405
257566 219498
257520 219489
255469 217695
255370 217617
255399 217635
255437 217623
255429 217548
259446 221262
259440 221274
259430 221250
259449 221274
260045 221907
260527 222273
254451 216690
251502 213891
255952 218166
255904 218136
254182 216153
256388 218274
257743 219573
253847 215832
254144 216072
256032 217908
256114 218022
256091 218010
256144 218028
256110 217983
262245 223302
262287 223350
262294 223326
263429 224556
262235 223290
255382 216957
255421 217014
261429 222465
255370 216924
255385 216954
260168 221409
260182 221388
260205 221406
260376 221592
263009 224067
255885 217620
255819 217545
255744 217434
255881 217560
255827 217542
266673 227460
265353 226179
265304 226173
265360 226209
265356 226200
260739 221958
260764 221952
260678 221820
260954 222126
259537 220725
262061 222870
262107 222942
262084 222924
262135 222972
262146 222948
259258 220302
259373 220464
265328 225906
259359 220449
259441 220461
261523 222390
262617 223548
262894 223818
262660 223572
261190 222108
261464 222579
261197 222243
261472 222585
261238 222252
261455 222570
268030 228855
268380 229233
268340 229143
267707 228480
267938 228687
264280 225363
264280 225366
267201 227961
264295 225363
264328 225363
266668 227001
266885 227151
268633 228978
268693 228960
267210 227475
258496 219393
259980 220899
260016 220938
259964 220845
260015 220911
270789 230505
267683 227616
270706 230517
267612 227475
267749 227622
265687 225933
266470 226782
266468 226713
266370 226566
266468 226713
271418 231291
271451 231279
270852 230604
272035 231945
271396 231252
266208 226518
266029 226359
266033 226287
266905 227190
266178 226485
266965 226899
264413 224466
265545 225639
263731 223785
267984 227910
266531 226482
273085 232563
272995 232437
266724 226659
266554 226488
276148 235575
276146 235593
276157 235587
275985 235452
276178 235599
269149 229206
269149 229119
267579 227535
267655 227685
269118 229128
273016 232608
273180 232791
273161 232773
273243 232878
273133 232740
267725 227859
267730 227856
267698 227883
267797 227970
267800 228015
280803 240372
280794 240402
280796 240372
280978 240531
280829 240390
273727 233604
273772 233625
280286 239673
273806 233634
280256 239622
275310 234891
278475 237879
275335 234870
275357 234810
275360 234873
273494 233325
273505 233316
273481 233316
273527 233352
273474 233313
273856 233373
272682 232215
275473 234957
273880 233382
272702 232173
270910 230307
269359 228978
272540 232044
272597 232035
271013 230424
278623 237633
278539 237558
278362 237321
282829 241626
279642 238578
273434 232692
273449 232734
274369 233724
273486 232704
274421 233745
279374 237987
279084 237657
279294 237942
278778 237378
279148 237702
271077 230448
271005 230430
270980 230364
270810 230139
271003 230355
280281 238881
284142 242658
280981 239637
280979 239574
280239 238770
279016 237936
278796 237675
279061 237984
279041 237891
278998 237900
283200 241734
283195 241674
282990 241452
283050 241464
284815 243264
277873 236742
276714 235572
276648 235494
277924 236790
282957 241302
276676 235404
279899 238383
276672 235362
275512 234216
275813 234525
278027 236634
278292 236922
277966 236610
278027 236640
277938 236496
287693 245562
287752 245637
287707 245604
288942 246837
287750 245562
280160 238596
280577 239019
277191 235812
280205 238647
280166 238611
282605 240660
284293 242400
284235 242265
284733 242859
284279 242358
278946 237633
278441 237033
278929 237615
278955 237561
278943 237570
289592 247353
289482 247188
289601 247350
289623 247365
289604 247299
