105 33
104 39
235 453
116 69
207 366
345 492
509 966
335 444
625 1314
296 324
539 771
640 1056
738 1371
465 570
613 1005
474 267
1015 1899
1221 2544
666 846
408 51
753 795
1359 2658
1334 2556
942 1416
742 774
600 18
1276 2094
699 372
682 303
610 51
1683 3030
981 897
1547 2613
832 450
2352 5019
2621 5544
2097 3984
1580 2406
1272 1488
1020 696
2365 4461
2743 5622
1435 1668
1958 3231
2230 4044
1864 2637
2329 4071
1128 411
2029 3162
1740 2301
2742 5019
1221 411
4324 9762
3217 6432
1099 9
2495 3930
1589 1260
2712 4599
2728 4656
4147 8922
1403 384
1513 678
3608 6978
1802 1542
3529 6771
1708 978
3620 6750
4533 9480
1420 105
3247 5622
4608 9414
3777 6933
3938 7404
2447 2931
2287 2433
5047 10395
4591 9048
3007 4284
2338 2259
2902 4008
3734 6186
2872 3597
5629 11895
2381 2100
4590 8715
4220 7314
3445 5007
3239 4374
3952 6549
5723 11862
6670 14391
4155 6819
4231 7047
4857 8925
4010 6378
7683 17139
4209 6693
5904 11775
2943 2865
5246 9846
4026 5817
4094 6045
4480 7185
3104 3114
4267 6585
6616 13365
3576 4209
5603 10320
2242 144
6696 13551
6400 12390
6308 12126
3694 4236
4298 6048
4398 6339
2795 1239
3758 4119
3151 2307
3986 4830
2710 996
4921 7317
5093 7878
5313 8529
4000 4563
2999 1578
6741 12534
4682 6285
2688 282
7313 14214
2768 531
6706 12111
6121 10320
2825 402
3402 2154
7014 13032
3152 1104
10764 24021
9168 19212
11527 26271
5749 8919
4232 4050
3596 2127
4661 5364
10523 22953
7152 12828
6021 9117
6236 9753
6090 9327
4416 4320
9193 18654
7611 13641
6508 10305
5232 6432
3413 969
6087 9045
3261 228
6530 10056
13744 31722
9176 18003
3488 936
8388 15318
7288 12063
4337 3168
6694 10230
5658 7131
7608 12717
9743 19068
13771 31215
9606 18693
7289 11748
8137 13974
10373 20781
6227 8244
9195 17175
5728 6750
16154 37779
10609 21099
6845 9792
4892 3933
5098 4542
8608 14826
9861 18558
5590 5772
7335 10959
7503 11481
6556 8331
10167 19173
8764 14982
7095 9969
7655 11622
6561 8049
11921 24153
6609 8199
7591 11145
7117 9708
10806 20553
4302 942
4025 102
10038 18204
7857 11643
12870 26418
8780 14157
15303 33717
8578 13533
7443 10086
10016 17502
7151 8952
9704 16614
7466 9864
11251 21225
6332 6162
10599 18972
7767 10467
7483 9621
5318 3108
8739 13098
9629 15732
8011 10896
12163 23361
7259 8625
10603 18444
11094 19854
7036 7662
5276 2403
9183 14142
10693 18342
7636 9156
9604 15066
10937 19131
9034 13386
10763 18273
10170 16503
12364 23100
6543 5586
10639 17889
6214 4317
10292 16575
15982 33645
12004 21684
9385 13818
11450 19740
7583 8112
9810 14787
18340 40404
12379 22530
6498 4557
7337 7083
12393 22308
5464 1422
10944 17916
16274 33603
11934 20547
7703 7863
9182 12330
17495 37257
15235 30195
17672 37518
13961 26355
6923 5244
14103 26817
6848 4701
9739 13380
10752 16428
15483 30642
10237 14901
5710 987
8988 10857
7436 6207
5615 747
7225 5547
6629 3423
16274 32385
13747 24813
10041 13725
8181 8106
11058 16446
11634 18195
15225 29001
13183 22815
16565 32994
14889 27648
6756 3198
13412 23235
11580 17724
14395 26202
13950 24540
10728 14838
13367 22764
11729 17871
15036 27801
5987 300
6573 2085
16350 31431
8654 8388
14040 24474
15405 28296
8395 7224
11774 17397
7343 4119
16304 31002
7223 3450
8938 8586
6284 618
9425 10032
6937 2568
6657 1419
10122 11820
7931 5277
11026 14541
7747 4743
18849 37755
6984 2115
16773 31527
24092 53484
7898 4866
9102 8199
14294 23763
17202 32469
9061 8073
22108 47214
20017 40653
23631 51492
8001 4569
15682 27648
8191 5127
19251 38025
23151 49734
19740 39513
7860 3828
11116 13623
16134 28383
9544 8589
21519 44556
10810 12411
7557 2664
16617 29526
22884 48342
14850 24276
17260 31470
21551 44373
13672 20424
16446 28713
9387 7533
12670 17400
12421 16698
23728 50319
8725 5232
11449 13446
19670 38109
12587 16827
17190 30354
16639 28692
11806 14184
12747 16995
18310 33714
9414 6696
9187 6042
10373 9609
12429 15744
16220 27168
13351 18288
8914 4923
15655 25140
10610 9984
9836 7671
7741 1080
13539 18480
7537 468
11343 11892
7622 711
17291 29427
12320 14532
19741 36834
11018 10617
18887 34287
20298 38193
15883 24951
11231 10932
19228 35019
18857 33855
17701 30093
16502 26505
12483 14415
12709 15099
23918 48735
17258 28482
12062 12861
13378 16770
22272 43524
19872 36261
13943 18195
19917 36168
9455 4719
28658 62391
17987 30315
14206 18672
18054 30252
36482 85527
17076 27309
32614 73986
15894 23463
9590 4581
23288 45663
14852 20346
25285 51636
10273 6294
12830 13956
10267 6273
20452 36837
9963 5355
22596 42942
24447 48552
8892 1833
13177 14706
18044 29340
21254 38646
16274 23712
20762 37140
10257 5616
13891 16554
26571 54306
17340 26577
14321 17535
16553 24222
31121 67953
8976 1173
14544 17895
10542 5910
14187 16797
14683 18297
30669 66009
11746 9240
18167 28455
16282 22809
10268 4761
18104 27993
14943 18492
10749 5910
16541 23295
22871 42315
24218 46053
12301 10266
24654 47346
25963 51270
13234 13083
9426 1323
25934 50910
18297 27981
23022 42150
23116 42468
12643 10728
9713 1923
12305 9714
21180 36330
21184 36333
10013 2520
10979 5409
9218 90
12897 11136
10259 3243
17634 25092
40317 93159
11755 7449
13926 13950
20247 32916
30682 63963
32843 70458
23298 41793
23534 42483
19418 30156
11941 7416
23566 42306
26257 50361
11962 7461
15918 19335
11491 5739
16550 20904
14526 14844
13930 13080
27386 53421
16216 19641
11632 5859
15633 17844
33698 72075
12002 7017
35554 77379
9819 93
11571 5361
29403 58908
19157 28134
14357 13446
16288 19236
30548 62070
23755 41622
12678 8361
19405 28290
12138 6480
19353 28161
21226 33717
14399 13272
14531 13365
22106 36129
33687 70860
20835 32307
38049 83955
29293 57354
28012 53553
20817 31926
10841 1989
25524 46116
16979 20118
13128 8568
14762 13431
27023 50259
16509 18738
11091 2148
19966 28800
21062 32085
11964 4758
11733 4044
20821 31008
16819 19050
24426 41859
13741 9759
13562 9261
19366 26373
18708 24408
28890 54981
22934 37122
13869 9879
20540 29586
22195 34548
20686 30030
17934 21786
31039 61143
17181 19227
19205 25287
32722 65829
13792 9060
39410 85974
20220 28035
22629 35280
18386 22542
29624 56274
15255 13137
14503 10626
14872 11664
16427 16371
16560 16716
18348 22143
15723 13914
40952 89649
20263 27564
15842 14307
28900 53463
20226 27177
12675 4500
13393 6636
14394 9645
14922 11238
24603 39999
21962 32076
12656 4143
14124 8544
16202 14736
18996 22890
31489 60348
26504 45396
33833 67407
17732 19089
26517 45114
15124 10965
30518 57153
27447 47913
26325 44559
20938 28077
35408 71523
14081 7506
20275 26151
15581 12033
18612 20808
36490 74472
20034 25113
15495 11460
20661 26949
26676 44718
20970 27612
20055 24846
36235 73398
14730 8835
25155 39840
23298 34287
31028 57492
44455 97773
17682 17394
14031 6165
26052 42258
30032 54204
28921 50856
29694 53148
26518 43374
35437 70074
23515 34317
18707 19887
25605 40605
29840 53004
39483 82011
23975 35415
15929 11262
25974 41394
55896 130941
23274 33039
13990 5133
23055 32367
21781 28551
30343 53919
21240 26568
24463 36252
14879 7530
13557 3519
37155 74067
19652 21558
44952 97467
13729 3723
23556 33258
15802 9672
23325 32265
35376 68409
31542 56943
17872 15888
22276 28809
36933 72855
22823 30468
21704 27159
22888 30654
21083 24915
16237 10347
19214 19314
40422 82959
29415 49980
36243 70128
46925 102201
42968 90348
41237 85101
14366 4482
22007 27087
20844 23613
15503 7557
24824 35529
24994 36072
21885 26448
40149 81237
22225 27456
20037 20874
40891 83493
22929 29250
32680 58551
28312 45429
16788 10845
17368 12579
15484 6624
13357 201
17427 12462
19432 18459
16174 8703
36980 70857
30496 51390
28275 44724
27031 40992
14008 1896
18640 15483
48006 103647
36517 69180
38029 73695
50464 111012
31488 53784
16112 7620
25363 35352
24717 33423
24702 33378
38300 73890
20505 20463
16010 7059
27262 40776
18306 13899
14415 1890
22029 24771
36040 66828
32572 56391
26275 37488
26017 36399
37268 70185
44125 90810
17037 9519
24145 30819
28366 43143
14894 2757
25522 34647
17165 9603
19276 15912
22189 24330
22253 24522
14808 2208
29507 46341
39607 76602
26032 35571
31240 51240
26090 35772
33691 58563
31647 52488
31160 50646
43599 88026
27273 39012
26040 35313
20414 18426
47021 97974
14583 588
34654 60837
15963 4737
24059 29088
29802 45954
33802 58014
18481 11982
15636 3462
26794 36984
47972 100224
30809 48726
42329 83280
15910 3993
25965 34158
17651 8961
28445 41292
18806 12390
27428 38256
24125 28359
22939 24507
27399 37908
29024 42720
18834 12177
15715 2790
26987 36387
19667 14358
40906 78138
21845 20907
17784 8760
20021 15174
24071 27285
19231 12747
21794 20430
37485 67536
23633 25692
27861 38358
36386 63966
15293 615
33565 55506
35258 60285
22192 21066
60937 137310
30715 46620
34351 57546
62024 140283
38255 68937
33515 54753
30632 46077
27661 37137
19803 13275
15858 1422
34506 57438
33459 54252
28521 39453
19658 12537
33757 54837
20955 16467
27362 35658
34856 58188
33209 52911
26313 32211
41019 76401
29174 40779
24433 26574
55266 118824
27500 35502
29532 41586
32415 50244
40694 75066
23338 22707
26734 32874
37992 66705
34079 54966
20904 15396
34550 56058
33914 54117
32743 50637
23755 23622
37218 64020
20795 14496
37847 65649
16304 957
33244 51834
52150 108567
36161 60246
25179 27336
35418 58047
16810 2214
31537 46413
30230 42219
18756 7758
19463 9879
30773 43809
30847 44031
18226 5853
17541 3789
44097 83457
63817 142659
31235 44904
26553 30513
26221 29520
20418 12111
52646 108855
24292 23748
38291 65430
18850 7131
21184 14145
30559 42231
44836 85125
30990 43308
33127 49611
26856 30867
33058 49473
35373 56391
37985 63945
24673 24036
30791 42336
40744 72204
58198 124620
24160 22143
38842 66234
34303 52635
30004 39711
49055 96891
18961 6201
26658 29328
43027 78462
19323 7344
42694 77490
39410 67311
18497 4572
33603 49899
21027 12144
27526 31659
25615 25653
38933 65562
66021 146874
37173 60309
28825 35256
20317 9390
52108 104859
36165 56958
23256 18270
31593 43260
27648 31173
23333 18165
37939 62016
24354 21255
22238 14907
41029 70953
23786 19239
17833 1344
34661 51894
28306 32817
22719 15768
21474 11988
24948 22416
41989 73551
23338 17595
19315 5199
41009 70365
23854 18837
33351 47334
31281 41136
39976 66927
42216 73668
41016 70065
19391 5154
50725 99192
27199 28290
48531 92274
38055 60828
73672 167769
33024 45762
65347 142488
39394 64602
58770 122772
35158 51828
57806 119853
44204 78711
48190 90660
60116 126474
32102 42423
25989 24033
56737 115992
33760 47061
29944 35595
36825 56274
27160 27246
21813 10905
31195 39084
24153 17940
23072 14670
42394 72654
51869 100788
40065 65430
25774 22488
19032 2259
32895 43857
32305 41790
19881 4509
26016 22923
31802 40287
39809 64347
53630 105525
24160 17082
34116 46920
46090 82824
22784 12963
41891 69957
28878 30918
32714 42441
65056 139497
24275 17136
22455 11346
22150 10434
19689 3033
34814 48405
34608 47778
44794 78081
23789 15093
69701 152820
43298 73587
30355 34740
37686 56439
36498 52905
26379 22527
66258 142212
57048 114555
37447 55413
46469 82533
22943 11904
43550 73752
22261 9837
47791 86193
39584 61524
48121 87171
23653 13731
19675 1779
50799 94878
35432 48777
22127 8892
52593 100296
55467 108876
50712 94347
61052 125385
36423 51477
30826 34668
27404 24384
33025 40947
25674 18906
55831 109401
25856 19443
21096 5172
21608 6414
54974 106587
31318 35508
24276 14400
28970 28494
40126 61677
67906 145011
22073 7503
20530 2871
28164 25758
27548 23598
42972 69879
30384 32127
31884 36660
46139 79389
55383 106842
46502 80199
47733 83928
52164 97182
47870 84327
40448 61770
40695 62529
36125 48777
21030 3447
46029 78450
28627 25926
38802 56478
63656 131052
49578 88842
41384 64263
31991 35763
67151 141252
45366 75870
43589 70560
58869 116370
28926 26250
23622 10338
49798 88920
35203 45120
32493 36924
43575 69915
55420 105450
24012 11181
24593 12933
40404 60360
33484 39309
30035 28980
21353 2904
29213 26511
26648 18843
40429 59862
67146 140046
62211 125250
31197 32181
54080 100857
45868 75903
28964 25182
27746 21519
30464 29691
40656 60288
42623 65832
41250 61713
44643 71955
62567 125703
29679 27045
56579 107427
41057 60855
21063 837
46021 75753
34922 42438
33951 39255
50743 89619
22198 3957
29771 26706
35376 43491
61610 121947
69363 145197
25690 14124
31572 31779
73968 159003
82143 183213
45540 73395
45767 74073
48860 83346
54873 101418
56178 105042
51018 89601
32443 33846
36040 44646
41002 59505
35810 43593
42250 62967
30259 26994
21589 939
63787 127578
51677 90924
23382 6021
22683 3912
41486 60366
45758 73155
44548 69234
22639 3471
43246 65304
47849 79149
43533 66207
39638 54180
48920 82071
25706 12375
43076 64518
38863 51882
34752 39237
28115 19329
56361 104046
25572 11700
46201 73578
63050 123849
25175 10224
45868 72315
32972 33591
40250 55416
69740 143673
70843 146931
48852 80964
28516 19905
39176 51891
52967 92991
35695 41157
33453 34425
33608 34896
67043 135237
48781 80106
35313 39732
52709 91944
29007 20823
32476 31218
28405 18687
44472 66888
26666 13518
33753 34749
48336 78489
55791 100593
55473 99612
59459 111612
56831 103659
47361 75321
39202 50472
50598 84711
42022 58986
33937 34710
41605 57717
30987 25563
47150 74022
27356 14661
49458 80967
62532 120171
41279 56145
51287 86145
59636 111234
52452 89673
59657 111288
27244 13713
23310 1878
69361 140127
25747 9222
44426 65289
34420 34935
64220 124359
43469 62124
34007 33720
41228 55356
43376 61536
30642 23280
62966 120288
83405 181626
25861 8949
51954 86964
58046 105273
52164 87612
44291 63945
35033 36189
34100 33090
23236 435
123322 300837
66894 131499
35082 36021
24492 3969
85479 186918
25847 7980
28313 15393
41425 54756
56640 100128
37552 42810
40739 52374
45694 67290
65831 127674
23864 1437
32137 26286
54795 94296
32022 25920
54485 93345
40678 51588
28507 15078
50939 82407
46710 69696
27253 11334
87887 192987
40046 49419
51164 82785
75095 154587
29286 17112
52871 87594
26572 8709
42545 56634
50599 80817
38203 43602
47907 72414
52542 86364
40841 51216
49226 76368
53583 89457
40011 48423
56464 97758
43956 60267
74829 152907
26774 8652
29520 16644
43336 58080
39285 45921
40542 49689
32583 25794
43332 57834
33945 29643
38811 44232
48477 73269
27253 9543
67339 129597
34596 31296
35103 32799
28082 11712
53803 88902
66254 125979
79999 167196
40789 49530
76192 155766
59668 106212
67158 128310
46388 66030
52672 84918
35071 32094
39400 45102
99365 224757
81310 170538
39242 44316
26718 6729
37825 40065
55897 93990
33429 26559
33285 26148
47255 68064
26829 6741
46420 65241
36096 34278
45184 61527
44401 59205
62236 112692
39154 43137
55795 93084
79954 165543
60902 108423
61817 111123
60450 106776
39371 43485
54460 88800
26751 5625
52007 81375
79479 163527
38872 41709
43971 57033
72904 143820
31434 19386
30148 15201
53863 86361
40841 47298
65653 121761
56695 94860
39112 41835
49518 73035
54381 87708
82712 172635
28148 8925
41285 48036
48601 70005
30723 16389
33836 25707
49250 71925
48137 68301
74043 146046
47539 66552
69762 133185
33811 25272
39239 41298
58252 98376
42449 50913
39228 41250
45220 59271
62459 110706
44025 55350
27373 5409
56489 92730
49171 70812
53254 82728
72095 139269
35590 29745
51643 77892
30873 15600
60032 102759
51850 78249
70052 132855
43871 54303
55477 89121
37229 34062
48599 68196
63211 112035
112506 259980
74491 145854
49996 72132
63735 113331
41902 47826
46184 60651
81848 167607
83618 172710
70974 134757
26194 330
51267 75630
74390 144960
65726 118668
34031 23538
30674 13479
69273 129312
69691 130557
44398 54357
64369 114333
30964 14091
36751 31488
27133 2562
47833 64410
92388 198048
52153 77358
28170 5403
44860 55491
69323 128568
117857 274245
59202 98199
34178 23118
50760 72924
50722 72420
74147 142704
31524 14808
41696 45414
40981 43251
56644 89916
118675 276051
61249 103812
62601 107778
55116 85356
30158 10128
40747 41940
40978 42579
90453 191070
43474 50106
91580 194151
44271 52212
69689 128460
50878 72015
73987 141327
64826 113595
53327 79056
43857 50679
35253 24861
78004 153123
61980 104778
33135 18150
54163 81246
85286 174657
90454 190137
63523 109032
92817 196941
98165 213069
43478 48933
41559 43185
89036 185334
35729 25404
135926 325998
69842 127746
43295 48048
74724 142071
45108 53172
45837 55401
44477 51321
29002 4842
40539 39198
75791 144966
39268 35385
41762 42870
36359 26640
39331 35268
33172 16797
53991 79230
30654 9252
70634 129195
78638 152889
81831 162510
54832 81468
51707 72141
54630 80871
60927 99483
59992 96675
51374 70794
56102 84987
37556 29334
36882 27102
48325 61374
55432 82695
111600 251229
59634 95295
47274 57939
33956 17976
57357 88161
32946 14895
81245 159834
107447 238158
56410 85038
36551 25446
45878 53460
58161 90267
65356 111549
33249 15219
69142 122910
60247 96240
45453 51822
35955 23046
78269 150051
69896 124923
93413 195411
32672 13188
105168 230421
53424 75174
57031 85974
58484 90360
60922 97686
45754 51834
72081 130842
66889 115275
42801 42978
54782 78957
33686 15303
64986 109284
72901 133059
65920 112017
30833 6771
89018 181056
78770 150345
31444 8304
73658 134949
29105 1251
39408 31896
40737 35892
39915 33417
33374 13770
77352 145767
32602 11160
119361 271518
93487 193869
62774 101742
48502 58869
31640 7992
48790 59436
74624 136989
60683 95121
67398 115284
39699 31890
33900 14481
82689 160857
51940 68595
34112 15108
53797 73875
64203 105120
37911 26205
57080 83742
39542 31116
82268 159021
38689 28266
56998 83187
32105 8499
55418 78465
116497 261411
45636 48828
49087 59169
49496 60354
43877 43548
83107 160932
100029 211686
49908 61326
35035 16668
55065 76830
59523 89841
62902 99981
59256 89103
104354 224364
57925 85047
66896 111642
51037 64113
56735 81231
43548 41661
37186 22539
80850 153258
45755 47976
44602 44526
37521 23244
38961 27549
65078 105615
46327 49356
33518 10929
30330 1362
71367 124494
65963 107955
71449 124437
70224 120744
75231 135801
47915 53835
73400 129981
65529 106389
106115 228138
34744 14007
44960 44670
45073 44712
109506 238047
48603 55284
39658 28404
53747 70707
105311 225168
52507 66720
64818 103626
46396 48336
32466 6543
38555 24510
98702 205026
38499 24363
71971 124776
48977 55848
119965 268503
35894 16293
42596 36387
78188 143121
138248 323346
53924 70044
45306 44271
48873 54903
54925 73068
78322 143241
43391 38175
46165 46458
70173 118500
51741 63204
145616 344856
65745 104943
43037 36765
120188 268290
30849 174
58410 82878
67520 109980
80388 148566
45438 43716
45144 42813
106497 226944
40560 28761
70206 117765
56387 76278
53262 66894
47332 49104
59851 86343
64098 99111
73709 127920
34924 11583
79194 144339
80328 147492
91259 180240
73261 126285
61663 91509
54200 69084
48526 51768
50675 58200
86950 167076
63010 95223
56420 75423
52273 62664
83667 156873
33869 7479
50222 56556
117905 259614
66678 105636
50068 55803
83210 155187
65060 100773
46462 44997
70889 117975
78105 139596
59098 82575
62871 93858
72676 123327
48881 51633
68313 109923
86742 165243
68644 110907
51381 59097
113578 245460
79836 144237
81200 148281
65504 101223
37642 17625
72949 123282
67800 107754
59942 84210
43747 35670
51219 58014
34767 8382
64866 98715
85364 160212
76331 133122
59960 83961
37002 14760
120712 265926
95411 190053
66169 102315
70955 116637
66316 102441
42100 29802
34835 7995
54968 68403
47316 45456
126125 281577
108364 228273
62333 90189
72901 121875
101915 209010
66555 102546
42958 31767
40852 25419
61514 87432
72308 119823
45447 38943
46536 42225
50847 55149
50364 53673
44571 36267
133930 304107
57761 75564
74901 126993
38769 18579
71399 116478
45630 38862
99492 200478
107564 224694
45772 39264
56351 71025
59951 81543
86559 161361
44011 33726
68676 107682
91346 175719
76112 129771
44642 35292
56948 72234
102605 209253
57575 74100
131098 294447
72499 118605
33871 2688
77375 133236
63332 91050
115709 247938
82538 148386
43888 32463
94754 185082
112925 239538
77914 134232
97748 193743
94042 182670
69436 108792
136331 309546
83138 149625
33616 978
51407 54396
42911 28896
65210 95829
42820 28335
121724 265083
44450 33216
55874 67533
73167 119430
46975 40515
74971 124566
88866 166200
48232 44259
83157 149091
33840 765
35926 7053
70298 110184
59745 78537
65356 95388
73902 120660
66133 97371
99644 197934
68770 105300
90532 170625
40333 19671
66278 97515
41976 24609
44577 32397
35083 3912
47695 41469
58314 73371
47751 41607
47893 42063
139881 318069
72690 116172
55819 65550
68916 104820
54738 62289
61285 81939
70929 110586
41524 22416
51022 50883
65030 92937
42271 24606
54333 60462
66337 96495
79138 134889
51796 52959
65481 93915
74193 119760
70352 108249
79154 134652
87039 158271
117802 250614
185970 454890
114921 241743
49932 46659
95447 183294
42284 23763
42399 23814
79701 135666
69732 105780
60176 77145
51222 50256
63850 87813
138894 313017
45636 33225
38994 13281
43367 26400
126385 275163
131407 290259
60051 76164
84894 150702
65280 91794
104498 209196
38016 9756
77193 127287
77293 127641
47692 38769
39007 12423
71314 109377
74833 119880
69570 104082
100172 195918
60918 77847
91563 169815
44447 28425
49893 44790
50489 46521
95563 181506
60308 75714
68846 101313
46629 34635
62077 81057
95093 179844
67051 95616
66534 94113
76612 124383
130672 286542
43529 24780
54491 57684
55684 61251
101014 197268
67110 95538
64459 87285
93207 173565
67720 97041
92231 170637
72216 110541
72012 109638
101030 196701
50386 44760
40152 14001
113581 234306
94796 177672
66745 93492
119714 252459
74884 117951
62063 79443
73360 113091
60684 75054
66448 92328
98831 189519
41356 17016
110720 224853
44668 26676
73182 112218
41841 18222
72052 108864
45653 29334
44749 26655
112217 229095
36278 1179
107388 214584
111319 226101
74427 115362
49178 39600
106207 210765
43535 22686
89112 159144
48533 37380
86846 152328
47223 33459
67930 95580
51396 45681
46156 29922
84053 143616
94656 175440
37846 4986
89608 160068
45846 28710
48634 37065
41003 14208
70213 101895
115046 236073
47919 34674
59301 68832
77640 123810
74390 114069
51021 43611
145731 327819
100409 191817
47480 32985
94985 175581
113056 229476
98424 185589
117365 242403
74262 113058
95513 176856
73206 109638
57655 62964
123386 260193
99905 189732
62159 76443
50923 42450
53487 50145
48143 34101
51199 43263
83676 140718
46444 28716
80338 130398
41914 15108
59106 66720
71257 103170
52455 46446
82833 137619
56758 59364
45850 26658
50003 39120
61649 73749
119437 247119
45138 24177
55665 55779
68731 94968
90507 160038
89956 158343
92372 165627
62412 75753
73516 109065
92177 164733
57721 61392
51103 41538
87497 150708
58640 64077
46738 28098
65346 83940
110941 220740
108162 212376
54730 52062
60916 70275
78676 123654
115640 234522
42521 15144
38350 2595
106327 206319
92989 166320
92205 163908
68836 93753
106334 206301
46364 26058
142883 315657
45883 24621
75213 112665
124115 259326
79911 126480
79127 124074
81852 132255
81831 132174
45084 21915
105223 202104
82295 133332
104578 200124
73414 106644
72146 102828
59779 65421
65359 82170
93076 165336
67705 89205
98979 183081
48585 31557
112754 224088
40876 8385
96361 174867
92373 162918
61675 70509
46701 25566
149277 333360
38288 294
95734 172713
89544 153921
45662 22134
71936 101007
85266 140988
55964 53064
57767 58176
43017 13896
58820 61359
64480 78339
44770 19194
50261 35373
64971 79494
69832 94116
66053 82761
57607 57375
60310 65229
93594 165066
136767 294609
70058 94509
50406 35499
100202 184623
92590 161742
124090 256305
79079 121275
142201 310629
100812 186120
64424 76956
45166 19236
55714 50826
87089 144975
135726 290595
68942 90216
49923 33150
40826 5823
135884 291027
67423 85350
46094 21345
74147 105534
74606 106908
89724 152235
69397 91047
39173 273
55317 48708
128711 268932
66196 81351
88640 148422
48161 26964
48211 27144
75771 109785
40891 5121
43149 11628
52522 39756
118819 238701
92175 158718
65650 79170
73137 101304
76780 112197
63115 71229
68636 87819
47612 24735
114221 224262
85200 137199
51503 36108
114346 224637
143307 311520
76524 110874
42130 7635
89791 150639
67153 82767
94103 163662
92522 158538
47090 22242
108595 206766
84383 134148
75756 108222
74968 105576
45119 16077
147360 322788
78017 114717
71958 96609
94312 163371
146621 320271
105383 196521
65422 76665
98751 176688
80862 122649
43934 11886
52375 37200
104922 194901
83655 131046
80474 121230
71192 93339
156383 349002
71203 93411
45190 15324
46018 17493
61173 62985
54330 42471
54028 41550
66606 79317
69611 88023
53936 40971
70775 91500
116303 228120
57823 52668
117935 232740
60181 59409
62134 65250
59266 56691
58154 53310
66994 79599
50198 29166
58739 54771
68000 82617
65332 74604
67053 79422
88467 143703
60855 60819
104955 193176
76042 106446
99190 175542
87106 139329
77579 110682
56267 46800
120525 239613
57620 50526
102737 185895
85018 132774
73428 97974
43358 7737
95387 163545
118007 231468
72688 95472
51093 30723
61884 63042
95658 164091
80653 119049
63952 68967
166743 377373
50559 28770
64191 69345
70108 87069
116192 225357
94462 160176
80043 116931
76489 105975
83462 126930
111739 211689
58615 52308
98972 173424
88185 140793
68070 80403
81479 120627
59302 54072
58460 51534
86529 135489
49805 25272
68732 82095
54594 39636
46787 16233
45500 12066
98376 170736
47702 18690
48568 21285
42401 2757
119557 233970
167294 377217
62220 61971
160036 355407
112606 213108
60243 55764
135613 281850
123186 244566
142943 303831
79947 114861
51055 27846
74075 96942
75406 100881
107324 196710
66404 73914
77443 106692
71123 87768
89907 144123
60020 54471
97483 166830
128814 260541
68686 80130
133251 273879
86758 134346
56512 43653
62269 60609
53178 33327
64839 68343
50448 25092
130821 266298
65336 69498
148485 318975
91155 147009
59229 51150
69452 81855
93758 154440
131092 266496
69817 82662
104913 187965
104882 187854
45096 8190
68973 79884
95019 157950
130809 265344
78905 109626
71331 86583
76983 103575
84265 125406
80455 113931
43218 2235
65555 68946
49412 20520
76711 102423
66852 72801
62003 58302
45352 8049
78432 107253
122591 239811
110987 204969
139729 291162
64525 65241
171518 386310
55024 36771
123861 243255
57615 44592
72570 89091
97008 162390
78426 106680
118443 226731
52929 30153
75087 96363
47703 14220
90868 143703
59990 51078
43522 1623
79812 110271
53531 31365
43203 354
98604 166647
95970 158703
68927 77298
69661 79467
83587 121242
51547 25131
99545 169119
115739 217398
78414 105408
43419 384
49340 18183
176203 398817
69452 78255
90969 142815
64811 64323
98221 164544
47201 11487
97029 160659
59189 47124
62541 57186
84498 123084
94621 153444
84773 123603
135234 275010
152794 327717
51073 22509
47938 13080
56427 38283
75056 94167
60690 51042
104197 181566
74923 93759
101424 172971
109196 196254
138473 284130
132234 265392
68202 73353
116249 217128
74404 91575
48134 12765
77360 100446
45408 4578
70820 80562
231070 561345
90525 139728
77970 102000
44506 1593
142701 295905
77166 99273
67710 70920
103148 177255
62243 54486
114141 209904
121420 231714
87407 129729
65432 63795
125184 243060
128950 254067
56192 35778
98419 162501
134195 269778
82461 114591
86170 125418
105880 184524
90255 137631
132744 265152
98995 163914
108884 193260
109310 194514
95816 154068
181380 410820
59037 43704
152255 323085
113030 205398
85203 121902
116157 214788
89029 133380
88146 130395
94847 150540
57963 39909
94680 150021
124505 239541
120248 226461
74962 90603
61395 49884
83882 117318
57069 36924
61807 50820
90027 135498
62884 54060
80937 108228
70092 75648
99808 164553
63201 54714
128105 249441
107164 186573
133485 265548
118268 219558
69132 72207
52004 20832
160824 347289
86164 123282
103256 174276
56780 34839
153690 325617
74390 87660
87538 127086
81291 108048
107636 187056
55509 30681
62364 51312
111757 199464
149181 311472
62278 50706
91472 138327
126699 243990
160207 344520
49574 12288
66743 63822
112988 202572
65685 60603
58939 40410
72612 81165
87547 125958
47712 6408
51448 17637
126493 242751
52422 20238
63636 53874
84299 115833
54454 26346
93294 142890
57572 35400
65819 60192
48326 7653
59820 42159
114549 206346
141372 286506
53757 23664
169860 372033
75379 88521
71519 76986
85517 118626
104863 176691
102412 169302
91551 136710
116714 212205
100356 162876
130692 253860
54269 24588
117319 213765
61752 47022
134184 264015
66028 59559
131507 256020
88565 127230
152171 318003
84031 113301
101807 166629
120680 223203
102892 169848
126749 241446
50285 11721
87436 123198
108102 185241
100946 163749
125004 235902
48547 6189
66283 59451
135057 265815
66569 60300
88128 124947
48132 4695
69406 68472
109938 190197
52428 17592
168571 366093
109966 189906
79806 99435
122986 228960
72049 76131
95656 146967
74281 82524
103915 171453
96607 149484
53071 18912
86077 117912
112711 197562
141111 282735
85487 115824
47753 2640
110037 189486
136715 269271
88308 124014
60363 40152
124941 233916
84737 113328
65989 56766
95348 144837
76666 88809
49290 6627
80456 100152
159007 335520
55005 23505
64017 50526
132223 255168
80163 98961
171036 371319
65836 55716
97567 150930
81964 104082
60062 38361
87017 118944
67657 60888
97872 151524
55175 23415
148636 303816
88062 121767
96173 146145
148576 303300
161451 342018
116787 207972
106357 176334
73889 78951
125882 234975
64495 50775
94008 139350
57107 28296
94317 139899
189227 424710
76019 85083
132514 254559
121967 222621
56923 27459
113223 196380
79036 93798
119270 214548
79974 96315
209398 484659
188681 422451
137773 269754
100972 159342
116659 206103
48383 1188
57030 27153
54997 21081
106330 175089
88469 121179
145301 291693
155724 323007
133299 255687
71717 70950
109700 184644
77045 86598
50777 7797
108391 180684
96370 144594
121409 219453
80491 96663
113514 195732
59008 32205
161729 340413
86584 114633
70512 66426
120461 216303
100171 155466
118354 210015
60010 34638
66991 55548
118032 208707
158103 328881
136986 265614
120440 215628
213525 494892
178772 390654
153186 313848
103391 164472
53716 15123
132528 251601
118819 210429
86191 112566
63386 44133
55028 18747
119784 213096
103663 164673
99039 150825
116424 202983
92686 131430
110852 186000
137491 265902
156532 322989
81965 99279
50091 3357
122553 220749
133434 253437
96598 142920
108349 178146
114187 195363
139429 271098
65790 50172
80473 94194
130669 244833
126199 231078
110195 183066
158470 327930
103950 164340
146461 291873
110218 182889
104061 164358
66036 50271
87204 113814
133599 252990
74366 74952
76909 82629
84326 104835
85707 109050
65321 47847
52957 10428
81795 96993
92660 129627
144715 285780
192435 428967
86843 111849
110431 182631
101382 155448
59261 29064
49635 141
60106 31353
83374 101085
104458 164376
65628 47865
116758 201300
82286 97551
69174 58242
93792 132078
76665 80658
78105 85023
85707 107511
77140 81801
73901 72078
105763 167679
119238 208125
160019 330192
79800 89493
129638 239025
69160 57573
136118 258465
