110 48
227 417
131 123
105 45
141 153
571 1152
498 978
570 1137
429 759
541 1089
766 1452
689 1230
604 948
461 540
775 1473
1043 1965
428 111
716 984
1070 2085
490 315
1125 1974
1564 3273
1031 1656
934 1365
1015 1599
796 633
1249 1977
1266 2052
1848 3834
1377 2388
2261 4746
729 123
862 552
2726 6168
1037 1056
1721 2802
1567 2340
2109 4011
2905 6390
1798 3066
1557 2028
1172 882
1395 1521
1915 3111
2693 5460
2401 4266
2498 4539
2429 4350
3447 7395
2636 4989
1672 1779
3436 7107
1175 279
3218 6447
2429 4062
2053 2658
1739 1671
3338 6513
2718 4680
1431 729
2373 3309
1822 1611
4069 8370
1336 135
1889 1833
2842 4443
2503 3348
1689 930
3860 7452
2212 2484
2219 2232
4561 9258
2966 4452
4844 10098
4856 10122
3006 4275
2449 2601
1896 936
1934 1083
1843 777
1699 6
4313 7938
3745 6189
1757 210
2332 1959
2135 1050
2662 2649
4244 7386
3862 6234
2208 1305
4205 7014
3118 3753
3671 5397
1906 36
4968 9276
3415 4308
5047 9225
4174 6612
4017 6108
3219 3738
3357 3864
2832 2235
4355 6864
2216 375
5566 10452
4654 7407
5713 10632
5452 9873
4776 7782
5381 9636
5730 10347
7613 16050
4157 5598
4219 5823
3684 4260
3997 4830
2444 159
5398 9066
3536 3471
4732 7062
3727 3738
3968 4431
3197 2154
4832 7062
4130 4953
3555 2922
4194 4863
7871 15858
9052 19431
3714 3426
4729 6171
4602 5769
4520 5508
8207 16611
4459 5325
3679 2709
4607 5475
9704 20829
10221 22335
4683 5706
6405 10572
6677 11376
3597 2154
6351 10425
5647 8322
5106 6381
7068 12276
4295 3942
7500 13545
3501 1569
3588 1527
3883 2415
5224 6408
5630 7626
3639 1698
5812 7890
5504 6984
4778 4788
5235 6177
9800 19908
5065 5385
9637 19119
7702 13287
5833 7671
5217 5814
6408 9078
4185 2403
5032 4962
8369 14997
3407 48
6682 9639
10816 22047
3528 129
8410 14784
6256 8343
4555 2922
10429 20550
3931 1086
8393 14463
5887 6906
7331 10938
4535 2568
8714 15114
6447 8322
5231 4668
5485 5121
5652 5622
3943 459
14592 32493
7408 10896
7476 10809
8014 12378
8699 14490
5998 6366
10630 20289
5990 6033
5761 5355
9120 15480
8165 12549
5620 4926
7353 9831
15472 34218
10558 19503
8003 11784
9514 16326
5317 3435
9178 15042
4261 228
8608 13296
7463 9834
4355 201
16111 35559
6948 8052
8344 12198
9886 16875
6371 5997
15343 32937
6125 5229
7121 8226
13209 26481
11993 22545
7239 8298
6974 7503
12817 25077
5268 2331
8967 13164
9906 16065
5308 2199
17726 39468
12923 25041
8510 11556
9552 14655
13421 26307
9679 15000
13576 26757
6213 4341
4831 123
5021 717
8957 12534
13192 25302
10440 16701
9698 14457
12122 21765
8251 10116
7522 7902
13902 26805
5566 1773
12980 24021
15891 32781
13774 26415
7347 6849
15158 30327
12483 22233
13020 23850
15419 31074
12192 21057
21927 50310
11962 20361
7199 6063
29862 74130
11302 18087
10039 14301
9342 12198
15864 31758
9084 11424
8227 8556
9032 10968
8189 8442
8672 9870
8681 9924
13294 23493
6355 2640
5887 1200
18299 38505
7595 6348
9357 11355
6437 2583
9011 10323
6029 1359
9362 11334
8687 9024
17344 35070
6003 945
16415 32199
8750 9249
12964 21621
13372 22815
15463 29082
15094 27966
8249 7419
6359 1422
7067 3573
16768 32712
12808 20808
15367 28491
6684 2106
10820 14523
12667 20121
10042 12228
14463 25482
15579 28539
14491 25275
12284 18627
8356 6843
10638 13671
11622 16377
10389 12684
12817 19926
14261 24282
11353 15525
15474 27585
17666 34197
12516 18732
10233 11892
6546 765
7381 3036
11854 16434
18440 36249
9890 10569
18040 35049
18903 37308
8617 6423
7938 4371
11267 14382
17967 34467
9285 8118
15866 27882
10000 10275
16083 28521
12699 18408
11521 14544
15528 26568
13188 19509
11918 15753
11411 14187
10902 12396
12647 17604
22664 47685
9452 8064
16258 28464
15857 26934
11846 14895
19879 38985
9927 9162
15044 24552
11495 13539
15318 25020
15815 26547
9389 7230
18488 34557
10777 11112
9040 5904
14886 23442
7526 1344
7447 1071
15153 23970
24258 51282
10311 9396
14292 21375
8785 4854
21842 43734
12953 17052
12515 15690
13028 17286
7650 1095
10769 10197
14331 20874
9666 6882
8126 2235
11293 11781
7658 528
8455 2919
10277 8397
20919 40356
9685 6639
14800 21699
12467 14685
8281 2106
14378 20424
18058 31467
16488 26445
8651 2919
26055 55218
20467 38421
20647 38934
22255 43431
12725 14877
15487 23136
18649 32628
9082 3918
15499 22914
9710 5484
8763 2661
20192 36957
11871 12021
20525 37641
12542 13707
18234 30774
8890 2727
10813 8502
15214 21408
22256 42567
21940 41595
8128 132
8198 339
11954 11343
16264 24264
22461 42840
13186 15030
12720 13650
11181 8727
12607 12984
20075 35463
22347 42297
33603 75990
8862 1458
17397 27054
21039 38001
11061 8109
11786 10194
10610 6369
13170 14100
18878 31227
42088 100875
10290 5436
16637 24201
10167 4764
9522 2811
13456 14604
10537 5904
24616 47820
19308 31914
12925 12738
18973 30900
8817 390
30279 64548
19802 33087
26353 52758
9515 2184
13692 14787
12052 9522
21251 37137
18791 29781
16993 24372
11263 7164
15592 19884
18401 28311
33244 72852
15162 18567
13659 14040
14646 16755
18022 26859
11960 8664
19518 31353
9640 1665
14864 17064
9960 2379
24754 46752
16252 21219
13287 12327
15834 19668
35483 78642
10069 2409
12717 10299
11416 6414
22975 40818
15950 19767
25227 47571
11273 5727
12520 9426
29054 58755
34311 74526
12709 9702
36363 80697
18150 26040
12905 9978
11542 5925
15463 17643
13429 11613
11851 6783
19270 28791
16464 20391
14104 13305
21794 36357
29414 59235
16579 20436
19498 29139
11998 6660
18665 26667
27747 53925
21816 35829
17854 23973
11947 6195
37893 84108
17653 23331
34642 74052
22120 36453
24197 42699
25980 48075
13535 10662
13704 10875
15181 15324
20512 31326
22905 38487
21417 34053
25818 46929
25764 46803
23714 40644
16083 17748
10840 1986
24860 43773
20589 30960
27604 51993
32127 65616
24697 43272
15651 15834
20890 31569
28002 52905
20260 29634
44651 102837
29307 56520
18739 24807
38603 84399
24282 41436
13136 7980
17664 21237
18815 24708
17420 20517
21608 33132
41362 92412
40421 89262
21437 32292
34123 70350
41377 92151
29332 56040
23934 39501
15989 15648
32498 65193
14957 12546
16104 16005
14693 11451
26862 48006
22199 33960
20952 30237
22844 35961
16818 17562
17921 20844
30158 57582
26333 46062
21086 30339
22511 34314
16746 17028
24584 40572
22427 34062
34960 71679
40743 88758
16115 14790
25236 42225
14949 11286
21887 32145
21899 31863
24251 38916
27935 49986
29183 53769
16265 14958
31167 59382
14049 8022
32954 64737
16201 14511
14254 8607
22056 31713
38886 82269
20848 28128
26513 45123
30768 57894
16816 15768
23731 36465
20018 25326
26109 43599
24989 40278
34599 68823
25419 41241
14806 9363
35758 72312
31095 58278
37834 78231
31277 58551
22562 32394
22119 31083
20959 27543
25534 40995
25933 42144
15395 10548
27174 45888
23420 34650
30535 55671
24946 38928
20800 26484
19501 22596
13128 3459
12611 1560
31177 57330
17394 15957
20480 25221
49824 113253
25042 38634
16483 12888
27528 46104
35147 68967
12269 255
26366 42261
30706 55335
17984 17142
20170 23709
13652 4119
17442 15234
25132 38307
47345 104955
27277 44712
13103 2145
32547 60222
24304 35529
44158 95082
15559 9261
15393 8715
20123 22632
22807 30705
20114 22626
26331 41265
29466 50664
31160 55464
25751 39261
26248 40761
26819 42432
33385 62109
15249 7422
23815 33129
38297 76581
40648 83646
37148 73197
13204 966
15105 6690
36411 70641
19797 20772
39273 79212
14932 5841
36873 71748
42488 88599
21148 24525
25100 36420
30669 52788
35722 67995
27329 42771
38251 75534
34704 64869
29082 47739
34618 64344
14150 2916
33410 60732
27811 43932
18016 14229
19030 17217
26449 39513
15172 5679
16876 10791
25806 37335
27530 42444
16168 8412
29391 48045
23050 29022
14913 4266
29847 49122
33628 60483
46953 100443
44510 93147
37853 72885
64227 152016
30108 49623
17324 11235
41690 84423
25029 34026
14698 3039
16995 9966
24247 31734
30089 49239
22367 25767
39953 78549
29498 47166
26659 38652
46568 98403
31483 52848
29237 46083
23104 27687
28429 43689
27027 39456
24209 30702
41337 82137
21360 22188
34047 60243
30771 50424
24238 30486
26955 38712
18613 13620
28493 43251
24861 32385
23316 27420
16526 7059
18155 11937
15226 3153
22812 25944
26543 36858
37369 69309
19711 16305
35557 63852
30708 49305
69667 165918
22320 23826
33638 57831
51411 111177
17765 10161
23696 27633
54244 119304
16375 5724
31353 50640
46661 96555
32420 53541
14893 918
33872 57870
19702 15369
35092 61542
42986 84939
31032 49059
15109 1308
34271 58830
30780 48339
20462 17058
33640 56574
42219 82341
28345 40755
20194 16284
46633 95280
34010 57393
35923 63150
24514 28935
37667 68430
23139 24498
17338 7098
36244 63807
34939 59919
52224 111792
45996 92751
26901 35478
36624 64653
20277 15594
19645 13716
25951 32373
36924 65274
28803 40872
29258 42246
23954 26346
16317 3117
43310 84105
44037 86322
17686 7224
16609 3993
15444 171
39924 73635
40239 74562
20353 14985
39696 72999
43014 82608
48131 97977
48099 97926
31419 47805
44533 87183
19633 12171
25035 28395
26038 31386
28558 38958
30890 45969
44975 87918
41268 76785
27847 36513
24253 25767
49791 102348
59487 131187
18601 8457
26680 32724
20794 15054
30535 44286
31900 48066
43849 83994
21787 17724
28681 38478
24160 24852
26880 32676
21713 17220
29311 39990
23443 22392
43465 82542
38761 68055
30168 42258
21492 16266
24828 26283
49441 100131
31343 45555
28304 36369
37628 64359
61653 136449
49031 98601
43683 82239
26201 29778
40686 73248
35067 56430
23966 23082
44828 85368
33568 51594
33439 51162
17092 2124
31345 44907
35645 57543
45339 86610
39910 70338
24200 23172
28544 36234
32897 48966
31206 43884
30661 42276
44178 82827
30361 41364
32041 46131
30565 41676
48883 96624
28438 35271
25761 27255
18071 3888
27248 31452
42744 77958
51134 103065
38315 64626
54007 111429
24070 21558
73033 168537
34488 52863
33542 49989
19795 8475
34382 52254
62755 137364
37895 62778
37954 63009
21141 12204
45860 86361
55089 114105
48577 94539
34532 52377
28073 32685
25673 25503
29720 37632
35298 54432
56187 117033
37454 60525
34563 51900
26716 28329
27579 30945
29066 35391
23918 19602
22601 15657
33818 49320
18857 4443
17980 1785
49299 95517
40406 68847
36631 57501
40248 68316
40869 70227
39377 65439
35275 53115
33249 47001
67301 149223
70931 160119
25166 22500
42870 75618
41709 72111
27889 30624
46714 87171
25922 24447
22788 15018
22789 15039
23111 15990
67668 149739
20033 6447
36409 55656
18895 3069
45074 81579
37795 59775
21150 9513
57252 117894
18968 2943
27449 28428
24312 18999
30845 38307
34628 49701
38507 61323
34274 48594
45199 81387
38670 61554
44481 78900
29305 33372
31717 40671
19021 2511
69733 154425
25827 22707
43774 76539
63779 136530
40586 66921
50088 95157
37563 57588
30259 35649
37044 56034
48166 89400
30241 35298
38419 59847
42738 72789
18784 900
39760 63918
31199 37872
43881 75951
42445 71637
34377 47403
25855 21810
77120 175386
51661 98991
21012 7047
49907 93702
31595 38721
49181 91260
23847 15222
45951 81534
36920 54444
36701 53766
57894 117111
24204 16020
37481 55851
23174 12939
44491 76845
24742 17274
27782 26457
61090 126432
25237 18801
49367 91221
32797 41202
45168 78312
31902 38460
26063 20964
29057 29952
30491 33972
59240 120273
33884 44127
45414 78726
45404 78696
40309 63117
23669 13146
30330 33219
34319 45150
42630 70134
34969 46800
26190 20433
28541 27525
48481 87297
36456 51231
24687 15627
40516 63129
38453 56952
31666 36579
33320 41562
51700 96381
57792 114702
49944 91125
26271 20079
28345 26325
52884 99681
21003 3972
51464 95373
19729 114
32791 39336
25702 17799
68128 145086
23367 10782
29570 29373
36933 51498
54867 105000
36955 51276
56053 108540
22749 8646
50506 91926
49658 89046
37964 53955
43504 70566
27519 22665
21985 6009
43438 70113
31682 34812
51326 93750
49556 88494
21854 5310
47863 83061
36378 48645
32887 38190
39050 56640
30939 32289
35458 45540
27355 21204
66645 139125
64117 131580
66825 139647
28783 25239
39184 56433
96713 229068
33084 38154
48596 84678
31774 33915
23571 9267
31238 32325
40162 59058
81020 181632
35987 46245
46787 78687
60443 119622
46209 76917
34957 43146
48155 82458
61302 121917
24726 12171
33951 39828
25707 15096
51048 90825
37392 49896
48984 84651
50681 89751
33105 36978
49201 85020
28125 21738
30746 29631
50929 90180
26672 17400
23333 7074
47004 78156
25453 13443
56487 106560
28012 21120
32496 34263
28622 22656
22747 4980
55314 102735
43535 67416
26896 17163
29535 25122
72290 153360
38292 51378
51322 90423
53314 96132
28558 21864
47160 77664
36540 45813
34927 41001
32791 34254
28637 21828
46726 76077
54714 100071
77865 169503
59504 114123
28404 20814
29795 24978
44744 69843
33255 35364
25515 11808
51709 90417
50202 85914
61218 118926
73532 155904
27212 16638
31750 30207
39077 52194
53054 94128
29750 24267
22570 2385
49097 81993
74372 157824
28079 18945
45251 70491
51080 87594
58866 110961
33708 35499
25015 9417
36754 44634
51275 87897
40624 55953
25300 9972
40891 56802
45247 69795
25247 9525
46762 74076
51319 87747
26823 14289
52204 90387
49921 83247
38454 48846
36819 43959
33534 34086
30319 24423
30415 24399
46559 72870
46931 73983
25756 10440
35825 40656
27751 16125
28789 19215
71634 147837
79957 172809
55714 100068
30572 24324
28691 18630
44335 65541
40772 54915
45422 68847
51918 88047
52106 88674
24357 5343
58765 108549
36500 41793
35852 39513
34010 34023
27643 14922
58644 107934
54825 96504
46093 69990
56348 100779
34165 34167
25149 7131
53500 92181
70320 142377
67870 135009
38892 48051
49998 81378
30104 21678
25306 6993
27771 14379
28807 17511
31456 25467
47544 73749
43498 61257
61495 115287
41183 54297
28579 16518
49382 78921
34069 32679
49951 80319
25157 5937
65868 128130
41904 56211
42767 58500
23632 1044
48525 75795
27166 11718
54321 93135
32710 28011
27846 13422
44969 64815
88842 196416
30761 22164
42168 56160
64299 122472
39561 48285
34548 33207
34745 33816
34735 33498
46527 68826
58227 103971
42625 57129
29024 16356
36302 37890
52500 86499
36158 37440
26264 7767
33978 30924
47973 72621
43774 60006
32992 27651
56831 99177
46824 69180
32230 25101
50042 78501
26412 7575
36980 39315
62162 114870
52984 87015
56504 97629
35995 36096
79934 167904
59393 106287
53762 89103
46562 67467
83996 179769
24995 2724
49797 77202
48452 72855
24345 507
83009 176544
39879 47154
87290 189390
28533 12753
45821 64692
69465 135615
40300 48081
45946 65040
47311 68868
39370 44958
36407 36105
56603 96681
60425 108150
68736 132825
51572 81315
68813 133038
43582 57327
36292 35439
25237 1965
80217 166959
85542 182925
35511 32826
70987 139260
45978 63927
49524 74544
30071 16161
60236 106689
62635 113877
58647 101622
36812 36108
98317 220680
75085 151017
59153 103134
49806 74808
64503 118944
52227 82044
62131 111765
37343 37422
39364 43155
79183 162693
26140 3492
59828 104568
77315 157056
37417 37032
26337 3777
29420 13053
33003 23799
27393 6945
35648 31407
36470 33873
30381 15633
40436 45807
49465 72930
30499 15678
44965 59094
43786 55503
31884 19788
50335 75213
33507 24384
49498 72348
36652 33813
43622 54720
26587 3654
60496 105090
38705 39663
36568 33312
36587 33378
52125 79992
53288 83145
46815 63738
26874 3870
54191 85857
62554 110961
53476 83445
35406 29181
39584 41763
43038 52122
42227 49701
77349 154764
35477 29124
67997 126666
50725 74874
77556 155379
26746 2610
37764 35637
58687 98499
47524 64938
39185 39945
40583 43878
62277 108924
26612 1899
29524 10653
77684 155160
51993 77796
60855 104364
30264 12558
50382 72891
40485 43209
32759 19761
53549 82140
49135 68880
39964 41373
69517 130059
35692 28257
41679 46227
59252 98976
55983 89148
41743 46401
38851 37428
33386 21012
45952 58737
27008 1881
79613 159729
51956 76449
61851 106188
80714 162759
28490 6051
36057 28764
60291 101202
67857 123933
63884 111954
70915 132999
56967 91221
55777 87321
46807 60429
75635 146877
81147 163431
44237 52701
32661 17655
47709 62775
88082 183975
55215 85347
83828 171156
61947 105222
37418 31644
35120 24768
60097 99681
42024 45489
59679 98082
35679 26109
50491 70608
82531 166713
44865 53679
27534 1347
68676 124803
41821 44235
67506 121308
73267 138609
83130 167889
46359 57561
30963 11388
39898 38214
41267 42264
43627 49110
49884 67872
82104 164514
55690 85278
76817 148653
44875 52524
62933 106719
60454 99264
36894 28593
45418 54144
48700 63681
28885 4227
48006 61617
89978 187515
65819 115038
32647 15198
42807 45711
48234 62013
45760 54588
46975 58188
37694 30036
54158 79476
30213 7602
43977 48894
62095 103278
50530 68307
60412 97908
41632 41595
38824 33135
38246 31419
50510 67938
35502 22926
102560 224070
81262 160230
68179 120945
28056 186
77494 148611
60638 98004
66213 114714
50863 68673
76761 146109
82444 163170
50332 66786
80060 155964
53504 76332
51349 69522
46937 56301
53915 77226
37088 26763
30322 6423
43977 47124
63621 106026
41507 39693
48340 60201
52041 71349
30819 7314
33228 14601
30101 5166
34154 17316
33702 15969
53676 75609
70796 127014
90038 184731
98132 208986
35342 20598
42475 41679
36406 23499
35800 21657
32532 11859
97548 206943
69140 121431
53091 73257
30832 6477
66164 112491
29587 2727
53090 72942
55421 79998
69846 123240
66371 112788
47812 57117
63369 103491
86871 174006
56913 84111
31587 8127
50324 64353
39584 31836
33502 13596
50479 64500
56553 82734
46603 52848
36636 22683
45631 49692
78664 148773
105071 228048
52465 70176
33272 12282
55790 79863
67306 114411
66951 113373
40813 34929
53855 73809
74966 137124
54531 75783
48132 56568
101189 215784
97549 204600
59924 91647
80344 152940
54447 75222
80289 152730
35962 19497
32987 10545
31272 5352
81765 156867
85876 169245
40604 33102
46815 51717
70576 123036
47833 54792
49759 60543
46533 50562
49907 60732
49173 58557
50416 62232
30432 2286
62631 98577
45339 46680
62011 96753
106475 230127
76358 139812
92814 188835
57816 83856
82483 157884
77985 144357
69720 119553
57555 82755
91243 183840
38409 25293
47949 53928
57810 83538
69009 116808
60403 91011
33677 10794
43271 39597
65063 105006
57519 82041
91356 183603
34001 11496
54531 73023
49204 57057
48731 55359
31364 3246
31356 3240
48298 54105
78177 143751
66463 108282
39239 26619
31622 3702
38690 24972
97586 201693
122379 275820
72022 124641
32829 7050
85180 164130
95155 194073
49456 56685
63188 97857
42750 36531
32395 5469
58934 85095
64092 100284
69688 117063
35038 13062
65250 103758
39983 27975
37837 21192
65164 103155
66890 108333
97276 199527
60153 88167
63335 97416
69345 115419
45216 43095
33659 8340
78109 141699
104624 220974
45066 42288
53274 66867
36768 17379
38248 21837
63546 97491
58689 82878
42303 33666
68211 111426
49054 53943
51901 62196
62311 93387
40854 29016
54425 69714
31888 2112
37455 18540
58223 80850
57613 79056
54182 68757
66692 106260
52720 64080
52761 64182
42246 32610
65953 103740
55028 70947
58452 80982
32127 1935
140423 326877
83853 157197
48016 49614
77306 137226
36280 14112
69450 113658
31892 897
75033 130425
78722 141147
80426 146295
42347 32058
84285 157866
84611 158841
93134 184068
41854 30225
103593 215496
58427 79965
32509 2235
48911 51126
76127 132774
83408 154587
87428 166773
79044 141522
59784 83445
112357 241164
54022 66168
42386 31233
38346 19146
65710 100932
55464 70182
65531 100392
41382 27891
58675 79824
38567 19191
37710 16584
56750 73716
102771 211797
33378 3618
37803 16575
56550 72840
32661 1104
53154 62634
34245 5883
51505 57426
75840 130413
48839 49407
35257 8619
37905 16587
56425 71832
38114 16917
61704 87693
42941 31395
74881 127245
78396 137523
39667 21300
67044 103431
45725 39531
38740 18519
45515 38547
49429 50286
67357 104070
57853 75513
53804 63438
79061 138900
71741 116904
123451 272097
40681 23733
63460 92115
67192 102966
41520 25914
38289 16230
130785 293727
37543 14010
58718 77226
44085 33399
64904 95775
105359 217206
49954 50925
45615 37629
57412 73029
42356 27858
82147 147243
44799 35217
104928 215310
94059 182685
33774 1776
86612 160356
40929 23250
95457 186561
47480 42648
132470 297627
68621 106053
92378 177336
92660 177888
56309 68853
61164 83385
61998 85875
44410 33138
80795 141960
48378 44751
36649 9483
44228 32277
60368 80679
39367 17376
114056 241521
61401 83568
90868 171870
78513 134859
57162 70434
40104 19302
53807 60384
55116 64332
35802 6390
59582 77436
49917 48426
124546 272358
118998 255693
38737 14874
130304 289329
81191 142020
63519 88950
52035 54525
38806 14772
86688 158211
73895 119820
71344 112140
68890 104733
95540 184755
38406 12975
58330 72792
85763 155061
108007 221838
78372 132906
52439 54789
75234 123195
89533 166101
104274 210375
81531 142146
52456 54549
69627 106080
46876 37821
40656 19143
85894 154848
57302 68790
81709 141990
61474 81330
67309 98820
88145 161352
51027 49707
56597 66330
58094 70857
35469 2991
55810 63984
118046 250446
68414 101535
36191 4848
120102 256632
72275 113115
63632 86898
45719 33132
94023 178077
84156 148449
75889 123630
68651 101655
65519 92256
40094 15948
53497 56175
81523 140268
100152 195858
105730 212592
69323 103395
105459 211788
46093 33660
45321 31044
56524 64680
59541 73668
40583 16806
67861 98685
40533 16371
109929 224616
49363 42861
43714 25878
57161 66330
101998 200466
77228 126129
115886 242178
55546 61101
55522 61050
45282 30003
70592 105939
93128 173610
64845 88728
62156 80685
98943 190746
36766 4197
70503 105393
66423 93195
41011 16926
85346 149658
44490 27060
89500 162102
82601 141378
64249 86328
175140 418794
180101 433659
72417 110544
55044 58422
36924 4035
75942 120834
106504 212577
38359 8061
37320 4950
67719 96129
59382 70794
74101 115005
61231 76383
97639 185652
50901 45396
70686 104439
64520 85932
36180 885
79204 130014
98455 187767
72816 110538
85665 149103
49742 41274
49052 39237
91282 165939
87627 154656
49789 41178
90274 162612
63419 82005
60108 72096
62336 78507
83703 142584
43242 21180
72298 108375
85158 147000
40103 11529
80854 133743
36523 705
87801 154629
39736 10374
68200 95493
81576 135657
46541 30495
70561 102585
58366 65961
77898 124287
77613 123438
77558 123291
61199 74151
45468 26952
93625 171147
59076 67548
70458 101637
63315 80229
46590 30042
41801 15357
63949 81828
91458 164391
62436 77271
104325 202965
87329 151668
46759 30012
71375 103800
153811 351135
71986 105687
38266 4161
117339 241437
149962 339321
99717 188580
57962 63249
42141 15534
131918 284853
74204 111669
117608 241935
80255 129903
49790 38142
55072 54033
93834 170292
72949 107619
69928 98556
48621 34344
44549 22137
47855 32067
47234 30240
74384 111633
43820 19689
99144 185625
47621 31035
65052 83346
123698 259296
80537 129501
116284 236742
53636 48780
68106 92163
43996 19863
64596 81387
41479 11991
74460 110973
76688 117630
69614 96441
76582 117045
88295 152211
59844 66840
52999 46296
180750 429567
104355 200067
117993 240987
116123 235371
83521 137619
43216 16593
94332 169704
83793 138096
40495 8148
80966 129606
82140 133119
72558 104055
147188 328056
147772 329763
71683 101406
38249 1113
68299 90996
39053 3231
68024 90171
110123 216480
54181 48627
58116 60132
40231 6468
73677 106848
119576 244539
60224 66444
44317 18432
129459 273939
110488 216990
106810 205911
56292 54351
100710 187347
77868 118788
107255 206949
134271 288012
60637 67101
70896 97596
104774 199257
94196 167490
88542 150552
39414 3126
118857 241182
50216 35241
58271 59397
59757 63825
45515 21120
57628 57183
50824 36756
67797 87657
76168 112797
72732 102477
56617 53826
71596 98760
66103 82299
139955 303855
117137 235410
56948 54519
148816 330177
47926 27441
94923 168435
49352 31737
58049 57546
69457 91755
40488 4836
73014 102444
73842 104919
75151 108537
51491 37563
56435 52416
83621 133998
64987 78033
127213 264420
106247 201540
53189 42330
101628 187686
57505 55287
99707 181656
63518 73035
59687 61536
47695 25566
58743 58695
76588 111948
84238 134877
138427 297525
125090 257487
42451 9507
107276 203730
127856 265449
58490 57342
126354 260973
50953 34734
59980 61539
70655 93555
72895 100284
45890 19260
75005 106614
94031 163428
50391 32427
40038 1362
74124 103671
50986 34224
56277 49821
52966 39864
89898 150684
50147 31422
69258 88758
46036 18789
48000 24654
116701 230793
56886 51297
69458 89049
41573 5076
44392 13557
51581 35124
67356 82443
45051 15498
44078 12288
95609 166974
94965 164967
73942 101982
109997 210144
73773 101085
79827 119253
98583 175566
108503 205317
75619 106674
103698 190629
52279 36312
88956 146367
77902 113178
61606 64329
135917 286971
53948 41037
54339 42228
61209 62799
83983 131160
61273 62703
208421 504282
51494 33375
52176 35403
101078 182160
112505 216162
71276 92454
75225 104265
64595 72360
60077 58785
53008 37323
143532 308949
88431 143565
88453 143640
108954 205173
83255 127782
123091 247281
126172 256560
49826 27450
81879 123612
75702 104772
119813 237156
64550 71367
114796 222105
71232 91443
47749 20622
97760 170715
112206 214026
50764 29637
131669 272397
52036 33198
61164 60591
124298 250047
80000 117120
104031 189177
56135 45180
61855 62373
201298 480702
44795 11169
74972 101697
110509 208026
79319 114495
149919 326229
42640 4395
67566 79191
83259 125967
80978 119127
135461 282600
88675 142215
86366 135279
112809 214362
91198 149505
97115 167262
137847 289443
112993 214899
89786 144969
90092 145920
49653 24534
59445 53916
156758 345882
56522 44841
67682 78336
68965 82167
79901 115011
80755 117558
67791 78366
96072 163197
215412 521328
63469 65406
139071 292251
133355 274785
73211 94314
93768 156003
82791 123048
125123 250080
68875 80982
73387 94551
98672 170436
64265 67185
158851 350964
115159 219621
44946 8901
42444 1398
43126 3450
90238 144804
78591 109536
97895 167469
79589 112557
103682 184857
128540 259395
115304 219429
88781 139887
72568 91194
76369 102597
53846 35010
48308 18099
104019 185310
65217 68805
131580 267951
64330 66171
50674 24888
62572 60588
69905 82617
81180 116448
72382 90081
79387 110796
112782 210921
49717 21705
110297 203538
86707 132696
163715 363453
112917 211089
90865 144960
124543 245928
48787 18615
44779 6282
124381 245082
47808 15435
88168 136575
91195 145569
44204 4275
115274 217503
133726 272898
53279 31518
93251 151446
114232 214068
136809 281820
69575 80106
81925 117138
125834 248949
104661 185058
56000 39054
81333 115116
98322 166059
58375 46188
52923 29559
48366 15870
73475 91260
124976 245757
63485 61245
67603 73299
133070 269730
101208 174117
52738 28704
68489 75933
87675 133236
56933 40980
82071 116397
133656 271179
62598 57966
100091 170112
95749 157128
100859 172452
77709 102981
72820 88323
115023 214668
96265 158361
80023 109650
98337 164586
104038 181707
171083 382566
135489 275775
62118 55608
58358 44382
104379 182421
56684 39015
54165 31467
50704 21075
117253 220785
84084 121242
52399 25896
47228 10359
66352 67764
111587 203469
87267 130455
68929 75180
133728 269640
83244 118143
175121 393792
52228 25047
74657 92061
131769 263442
109683 197151
111137 201513
156268 336894
59593 46542
97680 160857
85344 123825
56673 37821
83880 119439
51737 22692
72325 84447
52642 25398
101112 170874
69249 75291
119773 226509
95368 153303
99013 164238
77841 100716
138129 281643
82355 113967
73838 88431
108928 193710
113022 205986
88869 133479
46457 5916
55912 34272
81748 111834
93409 146865
77428 98865
58028 40392
86859 126879
68770 72639
56479 35727
104283 179151
162667 354018
131757 261288
113989 207969
107690 189063
73189 85512
70330 76710
78399 100869
59395 43842
83720 116913
73088 84948
81496 109890
112503 202899
68282 70209
67011 66426
90019 135432
121456 229443
88777 131466
54933 29892
104646 179010
45083 294
120606 226617
111456 199197
68965 71694
99655 163755
213293 504723
86869 125073
45706 1572
47261 6276
184817 418959
73187 84042
94373 147318
131931 259992
49318 12126
104877 178821
46533 3762
153370 324009
81323 107916
169604 372765
112257 200652
73410 84159
47233 5253
68129 67968
49950 13398
132251 260397
171311 377580
119363 221415
97565 155967
54633 27162
95855 150873
65825 60756
57403 35190
97730 156153
67984 66927
103634 173901
96143 151437
153643 323637
107137 184083
115023 207753
143548 293355
87152 124194
186464 421830
71739 77619
83689 113451
74315 85338
133500 262935
68382 67221
58510 37611
73566 82752
101128 165459
116101 210402
81082 105003
104527 175371
128420 247131
79194 99393
79926 101613
112173 198021
103096 170823
104922 176277
49057 8652
79140 98901
113668 202233
82352 108273
72150 77625
60898 43920
77924 94965
136554 270597
47616 3702
47852 4410
90560 132561
111542 195561
100237 161337
74617 84435
70110 70968
66173 59118
118447 215958
100148 160770
146554 299955
60287 41163
74193 82851
92888 138945
56823 30471
98807 156405
84518 113562
67571 62712
108673 186027
76265 88494
75926 87432
95438 145995
110859 192348
68653 65622
85751 116655
77093 90699
105490 175842
82470 106818
110861 191982
77381 91209
97983 153042
80226 99744
54943 23886
52152 15519
90719 130923
161670 343845
84299 111696
105503 175308
70670 70794
126628 238431
54528 22056
126337 237522
129192 246048
164687 352581
96352 147246
103734 169422
139927 277998
86674 118203
69589 66957
136931 268737
88072 122133
89725 127122
95973 145812
105590 174705
117677 210630
49671 6579
62894 46248
83183 107166
175228 383265
59241 34977
64575 51036
73605 78087
114012 199326
111192 190842
91879 132672
139150 274476
111733 192162
73394 77193
95120 142359
95345 142734
109532 185298
54047 18831
86275 115545
67439 58980
185500 412929
48067 555
129942 246288
81979 102330
132369 253509
125363 232227
95807 143547
119065 213288
133930 257916
170473 367557
97944 149670
111082 189018
99980 155742
105500 172281
111709 190920
111551 190164
120395 216696
75483 81930
52025 11565
65122 50868
143625 286074
63393 45333
185565 411942
80966 98100
59818 34662
103823 166362
151350 308949
70495 66441
109968 184857
84886 109551
92501 132084
94475 138018
100771 156924
64059 46767
65969 52482
63947 46125
120436 215619
64270 47064
70562 65958
85911 112035
109045 181152
173926 375786
107095 175269
133360 254079
111728 189183
97908 147387
191164 427200
115271 199569
98046 147801
76724 83844
98811 149805
87999 117408
65032 48471
56811 23823
116036 201525
108889 179757
81539 97797
134002 255105
145897 290775
51381 7179
163998 344778
84223 105459
148705 298923
84601 106593
151809 308229
85976 110466
103821 163953
160636 334470
80881 95169
72711 70623
103550 162885
55232 17868
131770 247494
75141 77604
132521 249780
60741 34122
124395 225096
97531 144513
107346 173967
79632 90813
159448 329973
49885 1227
58719 27747
51477 6003
80410 92811
164562 344976
61622 36111
55638 18171
102581 159042
119045 208425
60214 31626
79621 89883
81992 96969
90071 121212
69508 59505
102248 157461
89038 117804
184699 404814
64603 44529
80126 91062
75799 77796
123779 221766
60734 32613
112161 186876
76037 78531
76881 80823
109103 177390
116598 199866
82676 98103
72339 67143
