222 402
107 51
200 363
104 33
296 651
282 282
224 102
329 435
201 24
380 606
440 450
300 21
399 351
682 1203
625 1068
926 1623
1275 2709
800 1236
855 1437
1514 3432
837 1065
1278 2397
2290 5469
983 1497
1172 2079
2587 6051
1205 1890
1417 2523
840 783
1651 3219
1094 1245
2264 4800
2063 4200
1229 1623
827 456
1072 864
1503 2145
1263 1437
2394 4854
2008 3669
1477 1794
1933 3174
1492 1833
1702 2472
2918 6126
3201 6666
1309 972
3466 7497
1189 597
1618 1917
1947 2622
2996 5760
1467 1158
2318 3717
1858 2340
2228 3141
2153 2922
1726 1626
1382 603
5384 12690
2120 2535
2568 3867
1566 855
2012 2199
1356 198
2849 4395
2743 4092
4111 8244
2430 3153
2330 2826
1779 903
1881 1206
3288 5409
1593 318
3508 6090
2571 2985
4142 7698
3122 4623
2960 4134
3025 4332
5682 12021
3179 4521
4560 8664
3181 4509
3999 6963
2426 1914
2460 2043
2396 1836
2927 3471
2553 2334
3132 3753
7138 15816
5931 12195
3806 5802
4368 7461
2809 2481
2463 1434
4813 8538
5463 10491
2613 1905
5366 9852
5194 9375
5376 9900
3610 4584
5884 11409
4052 5631
2868 2067
6816 13938
4686 7551
4488 6930
3439 3483
3254 2916
5844 10731
4155 5631
4005 5172
2886 1539
4281 5736
5620 9744
3022 1920
2588 600
5752 9855
4550 6195
5669 9564
3999 4569
6959 13440
4354 5370
4307 5178
4690 6297
5872 9882
9112 19617
9384 20151
3647 2931
6267 10746
3193 1518
4831 6456
5560 8364
5026 6717
7146 13131
6335 10680
5254 7455
2953 231
5472 7788
8986 18375
7589 14148
9087 18681
5365 7224
3871 2667
5411 7278
4247 3816
5360 7173
6939 11601
5442 7065
5815 8184
5812 8226
5296 6663
6078 8715
4502 3987
10993 23472
4060 2616
6984 11454
6445 9483
5137 5550
11723 25353
9255 17928
3688 1239
6091 8127
8983 16806
6677 9876
6394 9093
4807 4251
7285 11412
4938 4362
7092 10824
4478 2991
6709 9681
5415 5484
6551 8937
5447 5616
6854 9816
9982 19218
6420 8226
11151 22479
6190 7527
5221 4620
8582 14730
4554 2361
5298 4557
10015 18735
6648 8607
4150 1086
6096 6660
4606 2193
9091 15666
13964 30312
9439 16725
8418 13353
6966 8955
15748 35352
7274 9897
10821 20526
11032 20898
10545 19416
4099 9
6655 7731
4797 2145
8509 12990
7723 10650
6474 6894
6150 5886
4328 450
6404 6378
4511 672
14126 29607
4316 78
8391 12348
15318 32844
7343 8901
8953 13716
6270 5703
8889 13575
10923 19371
8610 12423
9089 13851
9230 14244
11075 19842
9679 15309
8094 10575
17813 39741
7071 7488
5806 3699
8988 12918
7586 8712
5342 2010
8545 11598
11287 19854
15785 33063
8441 11022
20225 46467
5279 1500
9801 15057
9993 15351
7268 7197
10101 15651
7148 6828
16955 36264
11481 19515
10468 16461
10779 17430
6121 3465
14301 28041
8007 8805
15183 30330
13225 24438
10765 17094
5320 735
6740 4656
5230 117
6577 4185
6039 2601
11803 19893
7121 5520
11641 19107
10640 16083
10195 14793
9069 11352
9473 12273
7099 5142
5998 1869
12906 22602
9506 12408
8622 9450
16184 32124
9188 11145
9194 11136
14717 27723
17063 34482
15056 28467
18878 39927
5884 951
9815 12747
15256 28770
13548 23655
7646 5892
6328 1938
12112 19311
8573 8376
18768 39003
8394 7857
7433 4944
9608 11505
6676 2376
13307 22296
15502 28881
12197 18975
11076 15573
6067 255
10427 13311
14088 24330
7275 3879
18968 39003
7860 5397
25837 59313
15151 27270
8708 7881
23672 52851
14130 23871
15081 26733
11423 15789
9541 10122
17207 33111
7191 2754
11030 14244
7908 4905
13821 22644
15725 28359
6765 1152
12713 19041
10930 13662
14100 23202
7785 4221
11632 15453
8900 7230
12011 16596
12342 17628
10952 13431
10072 10452
9584 9045
21400 44472
8442 5571
14007 22278
11596 14772
10707 12084
13523 20541
16011 28050
22895 48675
7392 1824
7043 777
8488 5118
16348 28752
8572 5382
16982 30330
12899 18087
10751 11625
14358 22413
13979 21312
23742 50346
11011 12099
15748 26328
30914 71871
17405 31314
12983 17766
18954 35637
18214 33435
32257 75573
23834 50328
20221 39162
27341 60549
10300 9363
13497 18993
12647 16422
10165 8670
20293 39060
16563 27861
16277 26988
24843 52755
19182 35454
13469 18279
26476 57345
21382 42054
11449 12219
10732 9786
18847 34131
13399 17769
16943 28422
17642 30528
19530 35889
12324 14256
7614 78
12017 13344
34066 79479
21155 40464
20295 37914
8330 1947
14044 19134
11910 12705
15633 23556
19283 34521
17040 27819
16097 25011
17305 28623
8034 447
17676 29382
18772 32724
24184 48933
14946 21210
19325 34032
14419 19323
14571 19758
16246 24813
10557 7743
19376 33885
21159 39276
8634 1647
18843 32310
15823 23259
15178 21045
11888 11121
17557 28173
25613 52311
8625 1329
17357 27216
19103 32490
11778 10527
17656 28197
9068 2394
15650 21861
22612 42699
12823 13350
26356 53958
18478 30300
10531 6159
10050 4731
11698 9675
17760 27879
20417 35871
14756 18567
23242 44010
12359 11331
8941 1086
16805 24687
15006 19026
11951 9807
18926 30768
37132 85404
20531 35568
14441 16998
13612 14484
23363 43797
9190 1206
17409 25911
21040 36531
9311 1272
15007 18411
12877 11997
10424 4653
9312 1002
29683 62166
16500 22590
10490 4515
27774 56397
26800 53208
9170 240
12952 11619
19342 30816
12740 10992
13992 14478
32288 69384
14860 17070
21193 36051
18144 26898
20645 34125
14922 16947
21765 37476
23859 43743
22084 38442
22956 40776
24798 46305
15998 19869
19509 30390
33052 71040
28581 57372
17865 25167
21781 36906
19500 30108
9754 825
15972 19209
17049 22464
25621 48126
22794 39645
19370 29391
39643 89976
28514 56514
14394 14136
16497 20484
11487 5427
19320 28623
16201 19296
16344 19680
15817 18132
20468 32058
19513 28911
13421 10629
18553 26070
24329 43371
16221 19026
12796 8460
23336 40065
23899 41778
14591 13890
15966 18015
38011 83850
23358 39831
27419 52029
25371 45912
25369 45927
10583 1212
15985 17418
13533 10062
27242 51234
15360 15570
23637 40092
17804 22602
35228 74895
13569 9864
25101 44457
21428 33195
19369 26961
20868 31485
16280 17721
23120 38259
36379 77745
16953 19413
36304 77514
20733 30798
54697 132753
36891 78990
15520 14859
17945 22134
22698 36375
16793 18678
16339 17037
16445 17289
10778 261
17334 19992
20779 30366
30797 60084
36341 76725
15968 15576
30477 59094
28016 51786
20946 30240
16344 16404
19199 24969
37473 79827
21749 32655
19296 24963
12774 5370
14309 9990
20393 28215
21758 32331
27059 47958
25184 42342
24755 41040
15525 13338
31084 60015
15087 11742
23436 36834
16355 15510
17200 18072
34342 69507
36172 74733
12694 4284
16569 15861
38834 82695
14897 10872
19638 24768
16865 16449
14202 8463
33588 66663
17968 19812
12290 2424
32645 63546
21645 30516
15943 13401
14787 9951
30836 57807
22163 31746
46548 104973
12620 3114
35379 71427
19189 22584
16961 15858
14247 7707
13833 6435
49141 112449
23140 34056
16470 14121
22069 30897
17815 18090
30341 55713
29540 53013
20726 26595
25689 41424
22352 31440
52897 123144
25630 40980
28229 48795
37558 76746
20297 24975
31994 60099
34156 66261
18780 20103
30013 53814
12559 1422
22582 31500
22439 30798
27123 44850
18202 18087
23599 34296
42867 92127
28162 47679
36858 73746
15495 9696
13909 4899
24163 35688
34002 64896
15936 10734
34668 66888
29339 50889
30003 52899
45069 97824
21266 26391
24250 35322
21312 26529
25917 40389
27185 43863
26200 40893
37761 75528
24232 35013
27559 44970
18251 16743
18728 18165
16637 11874
22238 28749
24266 34779
34226 64341
16129 10071
20741 23907
23372 31797
21057 24825
26999 42360
36623 71286
29600 50199
39429 79662
24451 34698
34385 64266
32636 58980
32006 57108
38100 75429
29060 48252
17140 12186
24939 35601
25238 36504
30248 51561
15623 7632
42441 87804
31773 55812
26822 40974
19600 19290
15653 7413
38735 76380
23216 29841
35421 66480
14520 3741
27395 42360
26619 39759
40234 80613
23557 30591
17356 11949
35034 64974
30703 51699
28214 44208
15304 5487
33506 60126
39430 77871
25509 35880
32660 57270
33635 60177
17140 10728
36149 67737
26435 38259
27067 40191
17562 11649
31728 54183
28218 43620
26542 38307
22812 27126
46189 97293
26299 37605
38992 75702
30458 49836
20523 19977
39612 77211
15393 4536
24466 31770
51710 113268
18268 12885
27538 40680
33791 59463
14259 849
21576 22509
18723 13926
16777 8085
33007 56784
31519 52332
25017 32535
20633 19380
51729 112713
23542 28074
20737 19701
28502 42717
43156 86697
26209 35826
20415 18420
24513 30729
39333 74925
36201 65487
57785 130272
28150 41295
45714 94026
29859 46212
22164 23076
16863 7143
37981 70545
36534 66195
35686 63360
28298 41157
50189 106857
27396 38487
21093 19527
28002 39963
22624 23883
29147 43452
35924 63762
29367 44127
17909 9399
42150 82161
22303 22572
29675 44724
16732 5880
21429 19680
39585 74109
19113 12696
22403 22572
15686 2430
46686 95187
34659 59088
26938 35880
18408 10296
42370 82227
22826 23232
26768 35148
38804 71184
42398 81966
15181 282
35874 62124
38885 71145
16235 3159
17876 8109
18205 9108
39980 74157
34604 58020
49385 102363
33343 54204
26419 33432
30562 45525
31620 48723
23916 25647
19069 11079
21471 18324
30947 46458
17214 5214
44354 86643
18841 10125
17167 5064
24289 26166
19440 11595
31085 46512
27738 36498
22900 21984
17728 6177
33479 53463
49584 101715
20816 15420
29025 40077
30195 43323
19187 10227
45568 89424
34004 54675
17137 4110
23175 21924
45613 89187
27580 35160
37419 64674
41921 78153
27831 35547
32988 51075
34431 55356
34011 54132
18389 7239
33029 50844
30892 44421
40927 74580
26955 32610
36664 61785
21448 15807
26328 30483
49957 101373
44735 85686
42151 77952
32629 49026
23867 22785
32316 48147
33973 53091
27611 34008
44754 85155
19869 10500
32323 47835
54014 112923
30629 42798
38995 67578
16955 1440
32969 49488
30424 41892
42384 77733
28983 37224
37513 62847
23610 21147
18522 5841
23765 21570
17164 1473
32857 48570
20008 9999
22762 18222
17617 2817
34950 54522
32020 45750
16949 474
53410 109929
40895 72378
56575 119082
36224 58071
50382 100584
18777 5688
45640 86346
17407 1287
24951 23934
23983 21024
38738 65322
30193 39651
18968 5667
33744 50004
50366 99915
32178 45291
24812 23247
28756 34758
38889 65121
35437 54786
34979 53427
31648 43464
17463 528
39056 65367
39641 67095
33657 49161
58265 122994
19731 7065
24624 21738
39640 66831
51675 102942
33926 49668
20290 8436
56947 118485
30167 38055
46836 88119
30611 39423
47747 90516
18725 3432
65068 142503
38933 64053
56425 116592
27977 30924
48684 93051
41588 71730
21318 10899
37409 59217
62430 133992
24394 19863
19016 3714
39265 64539
25239 22374
42552 74073
28204 30996
19850 5886
31283 40203
30462 37749
37556 58794
46930 86862
32241 42804
32160 42546
41872 71724
53009 104865
25045 20928
27035 26916
56078 114033
39742 65019
25868 23124
43857 77043
18831 1956
32191 42009
39009 62481
25108 20505
44162 77721
37404 57405
25758 22449
29304 33165
42830 73362
30043 35037
22278 11715
49338 92898
46271 83712
20409 5799
49028 91692
45743 81828
29831 34077
27437 26901
44138 76716
22166 10782
57363 116388
31984 40287
39102 61596
37732 57159
24195 16539
21376 8094
28431 29283
29198 31584
37213 55287
21115 7011
66465 143076
28796 30042
33436 43974
47195 84993
42143 69813
39248 61188
46576 83118
30073 33609
28159 27576
27963 26991
19507 1584
47128 84513
48591 88875
36712 52947
58923 119580
26096 21054
25505 19323
53718 103971
58463 117879
74164 164976
22994 11457
31620 37317
40057 62670
47655 85122
24725 16329
26049 20313
22637 10083
51159 95679
31095 35205
22127 8235
48840 88374
79341 179922
30411 33117
28293 26472
43085 70881
38687 57660
34611 45441
39391 59772
32164 37764
23765 12603
21249 5010
27748 24546
37464 53658
50499 92478
37108 52332
21351 5016
49785 90327
57660 113964
22308 7572
35637 47604
22480 8112
55164 106176
48655 86655
28564 26091
37926 54204
42406 67611
26991 21354
28051 24537
43850 71649
26667 20076
23510 10614
31185 33645
57096 111417
60125 120174
52548 97428
26102 18081
25883 17442
28465 25170
28281 24324
28824 25935
21092 2739
53371 99594
71655 154500
22908 7878
68656 145185
34662 43185
29402 27396
46494 78666
46924 79671
57004 109914
20479 291
65348 134991
21446 3201
43036 67710
38876 55191
33644 39513
23231 8292
25630 15435
33325 38229
58487 113772
38803 54699
29324 26220
82744 186531
35210 43620
33629 38907
51840 93531
68314 142989
65095 133293
55065 102906
31094 30957
20902 354
29755 26928
39380 55851
57017 108432
22117 3708
29458 25764
21645 2292
35576 44121
33468 37467
24351 10110
33049 36183
59664 116067
47811 80535
21112 72
39817 56244
29449 25155
48657 82752
60786 119196
66910 137220
23084 5706
21509 975
33102 35751
31051 29637
30630 28107
24743 10404
27696 19269
24720 10389
41966 62100
26001 13866
25690 12942
54845 100392
47694 78975
54151 98415
30489 27021
32654 33573
66923 136371
51623 90477
45079 70848
62905 124008
35511 41808
41467 59703
81160 178797
37243 47004
47658 77967
35005 40026
33944 36813
36229 43695
27673 17973
22978 3579
70005 144726
25552 11337
54791 99075
44836 69198
44640 68355
22133 762
36850 44970
123115 303798
65027 129510
88987 201078
35338 40077
29755 23346
36001 42069
41508 58596
29156 21252
42518 61335
30548 25419
56513 103350
33078 33009
50414 84804
22357 534
22228 114
36907 44250
44711 67605
55539 99789
33828 34656
41600 57981
48313 78111
60092 113511
32148 29346
39853 52461
27434 15192
43417 63141
39567 51618
79766 171900
49682 81630
38044 46707
65152 128055
73417 152895
23845 3780
39616 51150
25787 9606
55336 98337
24211 4899
30306 22908
32628 29895
34933 36798
29211 19614
59567 110754
24726 5862
49702 80796
38512 47235
58897 108402
63508 122232
31784 26715
46053 69549
53035 90462
78689 167493
50166 81909
47732 74271
50272 81906
71696 146181
23196 636
35841 38622
45538 67380
23771 2076
38814 47205
52354 87861
31188 24345
37361 42555
58557 106200
39829 49941
64357 123561
46129 68880
35935 37980
41824 55626
45268 65949
23710 1275
54626 94071
51728 85077
49557 78561
42966 58743
66849 130455
36613 39723
41375 53769
28893 16269
34023 31626
66750 129879
35253 35322
52265 86070
27565 11952
50197 79929
41188 52866
61251 113073
45403 65208
41774 54312
54627 92883
46290 67863
41862 54567
44313 61587
63053 117867
43036 57837
76324 157692
27083 9948
50536 80052
30948 21237
27179 9882
29463 16716
66353 127479
41351 52134
25291 3945
49904 77793
52065 84312
49812 77517
34482 31218
31291 21654
71328 141795
44213 60420
31730 22938
71885 143172
71496 141960
30695 19593
48202 72081
60363 108597
49861 76785
27378 9315
55091 92472
59074 104421
71134 140619
36638 36798
44695 60966
38361 41937
57402 99141
53587 87627
82537 174213
47660 69615
51825 82083
29899 16290
76029 154713
69930 136080
39765 45579
60008 106314
56633 96219
68948 133173
29871 15594
29756 15222
105455 242373
43901 57711
54302 88908
26144 4095
25708 2796
39737 44874
59396 103890
41947 51522
72875 144054
46045 63507
92430 202701
44740 59631
48882 71985
39327 43053
57235 96786
39368 43203
42972 54033
28180 9612
68431 130137
49042 71952
61113 108159
103650 235797
56777 95139
32804 22902
45515 61038
49586 73257
77531 157110
74424 147843
40555 45849
47971 68112
64977 119115
88989 191211
77574 156915
57474 96303
48885 70521
53730 85035
49894 73590
56070 92127
40969 46479
59376 101766
53032 82695
72208 140223
32277 20424
32205 19932
51554 77952
53287 83127
34799 27663
36155 31737
34566 26664
33113 22320
54148 85437
34049 25128
40253 43734
44958 57519
53277 82521
33308 22590
62064 108891
30180 13239
83703 173493
33534 22992
54976 87345
61162 105858
56364 91530
48770 68400
55900 89838
48980 69057
41757 47379
39621 40929
43347 51843
37728 34965
40899 44469
31045 14925
54153 84240
47359 63558
50053 71658
49609 70335
43539 52089
57638 94407
55758 88500
55981 89091
53963 83145
30745 13380
33614 22050
31588 15657
56958 91791
41374 44988
30005 10863
30104 11184
72125 136965
53808 82005
57901 94266
36908 31281
30972 13470
78371 155406
27318 2217
64689 114411
40921 42999
30188 10809
79881 159633
80589 161757
36150 28434
57415 92253
28724 6156
35939 27534
56905 90444
28780 5967
42159 46131
42077 45912
28285 4230
38527 34944
123406 289671
42027 45462
43978 51279
44822 53529
33376 19209
49344 67140
63413 109329
56808 89544
36371 27879
80919 161604
50157 69243
83991 170781
52019 74820
54562 82140
29941 8298
28362 3534
61714 103650
110657 250524
41866 43818
70666 130170
67115 119562
50325 69159
49329 66153
48346 62955
59112 95238
65027 112998
51757 73227
75401 144093
51934 73404
29277 5403
40583 39321
28701 3669
45046 52683
84885 172008
68439 122634
61654 102252
45893 55014
70532 128877
49410 65202
50050 67158
43545 47625
45738 54213
42566 44718
29385 4800
33426 16914
63188 106272
51584 71406
84097 168990
82407 163641
29304 4266
60661 98346
91798 191814
45952 54210
72808 134532
84005 168159
44432 49398
44627 49947
33727 17265
30911 8472
34637 19692
50421 67017
70733 127992
119008 272898
70635 127389
29219 3111
129349 303600
58655 91437
44612 49344
36718 25374
55689 82293
36586 24948
51383 69342
46453 54540
62486 102351
66146 113355
35423 21123
51250 68631
54388 78057
70823 127095
91945 190434
36097 22836
41823 40071
79584 153315
129192 301920
43896 45996
38060 28452
67772 117597
46972 55209
99354 212115
70788 126354
43705 45081
40049 34113
51739 69207
32768 11967
61633 98574
70603 125526
38694 29817
49297 61620
42625 41277
49632 62259
67904 117132
65371 109530
56797 83784
33593 13860
50019 63111
82903 161808
56678 83097
89889 182814
31304 6678
77144 144249
33462 13188
78004 146766
72270 129582
67400 114747
53372 72573
58544 88176
88662 178503
46527 52053
115291 258045
39965 32103
75991 140172
46892 52869
49050 59349
62801 100320
117094 263166
40572 33615
50916 64638
63648 102843
66972 112527
50050 61707
57252 83355
51850 67176
35509 18102
64855 105819
87933 175128
34970 16173
45311 47244
85360 167361
58797 87366
32240 7710
60679 93012
37019 22011
49280 58839
53411 70944
114642 254646
30408 1860
30795 3066
55629 77568
89525 178974
64828 104847
79746 149664
30016 384
70010 120393
64499 103569
51674 65085
59061 87282
56900 80784
70434 121347
96769 200136
49118 57120
52423 67095
30228 456
46647 49716
51012 62481
68733 115680
32633 7407
96977 200451
94709 193647
44643 43074
42561 36873
82037 155286
43788 40563
46253 47940
58858 85428
55403 75111
51648 63819
55284 74742
53822 70368
37864 22212
107011 229659
80504 150120
40194 29190
59946 88428
34956 13170
31431 2556
36771 18603
34749 12546
37944 22098
51323 61968
81165 151512
80483 149457
63860 99564
92820 186522
67975 111615
60442 89073
49741 56931
82893 156378
78230 142371
80968 150294
31416 1632
63870 99018
97518 200010
70161 117894
69791 116436
55354 73161
57311 79014
60613 88887
57747 80361
41423 31059
90801 179220
42790 35172
53543 67410
42423 34098
49451 54843
46976 47427
74798 130857
63071 95679
54509 69993
81894 151917
39314 24081
48006 50220
66631 106104
62169 92706
101927 211710
53004 64911
60757 88179
97627 198762
128740 292110
31805 960
48162 50031
85313 161520
61510 90120
69597 114363
36467 14709
40346 26286
43236 34974
39004 22275
35650 12231
84183 157575
77825 138504
53755 66249
50544 56640
131572 299763
79553 143370
62920 93450
50543 56310
36875 15273
32503 2184
36515 13911
88902 171123
84517 157926
39394 22572
45462 40740
72120 120489
91630 178989
149424 352455
50024 54189
60157 84564
72013 119823
32879 2409
92774 182121
32882 2403
63997 95766
86010 161514
98891 200157
49460 51861
40503 24963
37499 16005
48029 47334
63580 93915
86572 162879
56482 72666
46556 42879
39471 21288
44706 37029
70171 113403
56140 71331
38789 19239
75983 130512
35036 7689
76107 130887
46010 40641
47448 44937
68853 108834
61502 86826
71942 118146
90664 174345
34479 5703
57539 74610
62412 89244
59781 81315
84316 154956
54082 64209
130285 292611
56815 72174
56197 70338
63019 90765
83970 153582
63845 92943
56186 69966
46524 40944
34968 6252
56714 71535
46518 40644
77246 132837
34189 3612
54289 63969
69860 110655
103157 210279
91392 174966
107811 224241
64869 95424
111349 234918
86797 160884
82499 148062
82436 147783
93660 181509
123233 270201
54905 64914
34548 3771
69290 108087
122371 267342
55287 66042
50722 52065
49887 49542
40063 20088
45625 36720
45068 35103
37578 12315
82748 147843
75360 125700
44037 31692
46930 40380
68436 104589
178123 433725
60429 80616
67116 100668
80237 139965
41829 24462
107041 220116
61675 83982
34987 3900
79427 137280
54902 63441
63668 89751
78490 134172
53695 59739
42761 26967
39049 15549
36771 8676
80688 140445
36998 9384
40383 19569
50420 49335
51528 52704
51444 52449
95537 184683
41677 23097
98142 192234
50491 49281
72018 113844
52766 56061
75111 123132
112248 234279
88810 163938
51750 52731
91807 172923
38144 11877
56805 67608
38740 13428
44457 30543
67255 98955
55753 64449
40474 18321
77320 128913
52085 53136
39701 15984
42918 25662
50394 47772
72813 115065
44246 29310
39481 15018
35354 2643
35498 2730
133363 296370
83186 145830
74786 120630
105415 212574
134620 299868
70108 106290
84740 150246
56981 66924
61756 81243
61463 80061
66029 93768
102822 204186
65025 90741
41855 21228
52869 53982
73010 114429
47827 38892
42443 22740
81820 140889
87431 157455
54905 59832
71661 110082
58663 71106
41639 20007
35995 2742
116324 243807
79072 132006
40716 16923
56709 64971
109024 221583
91954 170370
72742 112710
77930 128328
95626 181380
65928 91947
80109 134562
44890 28824
44654 28143
78035 128295
68829 100389
43042 23007
64082 86166
50342 44898
45121 29274
48292 38493
102663 201588
66567 93339
62530 81210
54123 55944
130016 283365
52613 51111
68372 98424
66639 93216
60473 74718
43586 23697
50374 44070
91929 168741
51223 46623
36294 1839
52608 50478
62600 80481
51080 45912
80684 134745
73687 113724
101870 198003
64520 85953
54625 56292
85981 150378
79733 131580
72672 110100
72604 109911
83206 141720
42827 20571
44599 25887
56401 61014
76563 121473
62320 78753
84564 145539
58561 67500
78238 126177
73633 112425
39916 11256
94176 174054
113097 230790
60980 74157
45629 28068
97988 185193
75185 116730
118894 247863
86251 149628
64450 84195
57007 61914
44196 23469
57960 64788
47040 31722
64407 83850
49223 38244
144644 324570
61771 75912
45235 25989
76163 118788
128842 276864
81066 133500
93910 172047
46417 29223
133041 289143
49524 38547
106286 208842
40544 11616
60546 71301
68984 96609
75797 117072
40131 10065
40279 10554
40397 10572
128506 274953
106945 210237
95815 176817
83032 138552
38484 4536
81440 133458
60221 69780
59156 66531
76379 118248
54115 51111
48693 34854
63881 80445
45208 24378
62025 74838
37920 2253
51031 41565
69944 98316
85000 143466
70423 99753
84414 141441
40020 8235
174566 411891
44228 20838
53076 47409
45952 25731
81898 133620
112186 224469
73805 109317
44676 21891
132766 285945
91847 163185
96324 176610
65634 84501
67226 89262
58231 61959
64812 81699
110172 217842
61738 72486
87077 148530
66784 87363
103792 198375
40752 9237
76121 115347
92675 165027
51825 42141
81384 130854
60878 69360
86874 147297
93877 168333
53301 46278
89841 155913
77860 119979
88763 152697
73386 106503
57743 59355
170786 398496
75844 113640
133894 287820
72133 102462
124069 258024
88630 151671
67987 89769
86505 145314
97771 179112
125690 262560
91246 159210
54308 48423
123099 254817
118072 239700
59980 65151
59114 62532
84349 138222
43743 16395
55213 50847
52198 41493
75378 111060
81033 128007
139129 302331
131176 278436
44911 19308
55011 49587
99185 182139
73070 103803
112001 220602
46989 25224
91193 157869
59308 62196
40828 6756
46930 25074
68276 88830
81362 128043
77523 116541
64610 77805
42761 12276
79149 121182
155093 348978
67337 85722
74078 105924
56737 53922
117407 235623
79134 120801
72362 100515
126866 264051
69511 91890
61293 66945
41972 8988
85363 139206
90742 155343
80710 125220
83635 133686
118527 238398
92695 160905
50366 33924
58148 57243
48306 27384
48262 27240
77844 116004
42860 11073
52199 39087
84459 135603
63351 72273
62361 69276
66304 81078
66127 80562
47068 23025
58947 58749
41441 6189
47578 24615
108576 207666
94271 164403
57022 52641
67946 85428
78981 118515
121776 246966
104278 194142
84394 134490
41283 5148
92193 157869
116805 231699
82906 129711
101201 184614
111945 216807
45193 16542
100222 181674
45979 18618
65981 78663
44754 14973
41460 5046
76494 110166
135538 287058
77014 111432
58816 56847
42645 8319
41375 4500
48714 26241
103886 191760
46395 19287
130014 270132
78066 114306
92154 156264
48869 26391
91748 155055
52600 37584
67626 82644
69629 88359
67412 81735
125048 254637
56534 49095
42331 6438
85902 136905
111599 213990
74195 101721
67966 83046
87356 141303
125404 255138
78084 113169
65640 75849
114542 222516
77072 110115
165409 374865
80742 120843
117987 232599
69268 86397
113068 217830
89920 148059
100078 178563
70305 89208
62983 67203
76973 109221
99030 175074
125215 253644
87389 140139
84546 131640
71825 93474
40966 555
43355 7731
42526 5214
106030 195834
44874 12267
116383 226539
99960 177252
93049 156555
57850 50931
96284 166242
54546 40731
71680 92187
79723 116250
93425 157404
50386 28224
72443 94164
107061 197928
80779 119130
114397 220026
62953 65631
43386 6630
79791 115863
137692 289602
90333 147489
46630 16353
106541 195897
55844 43722
87040 137340
98556 171858
98879 172830
102843 184473
49083 23160
85121 131208
104975 190845
79389 114102
74688 99663
46011 13599
43272 5352
64779 69912
45175 11091
42241 1977
83912 127044
70764 87609
59133 52671
44759 9531
58548 50619
89501 143514
63478 65436
92185 151575
82063 121155
93520 155262
129999 264741
70728 86859
141939 300543
71829 90177
60410 55620
72846 92964
139253 292122
103648 185337
42616 2214
70771 86412
54967 39000
124367 247245
65259 69876
67494 76545
56640 43737
60310 54696
55691 40875
68093 78060
166787 374181
61606 58311
82995 122475
73210 93138
114620 217380
57852 47073
57997 47163
80903 115935
83411 123423
151840 328782
118409 228420
63468 63279
129070 260163
139972 292833
73111 92181
94630 156780
59811 52026
81902 118254
75026 97677
145579 309336
110999 205587
96312 161307
50793 24669
153264 332091
133137 271746
111689 207339
103143 181458
157002 343062
73351 91998
89486 140502
89948 141825
144676 305745
96544 161334
138128 286092
116510 221223
114480 215160
99399 169569
114492 214869
133702 272514
96104 159702
96623 161259
130799 263523
102626 178986
56167 39618
100713 173187
55327 37098
63062 59985
94963 155751
98425 166059
98734 166995
86493 130260
82871 119133
86616 130332
102973 179421
47675 13500
62784 58815
110999 203187
77629 103050
118923 227013
59114 47514
65575 66915
46788 10203
82985 118902
62910 58620
82643 117831
133561 270582
95775 156945
81553 114261
106307 188550
53465 29988
80027 109653
92422 146574
59998 49305
97007 160338
56886 39933
74131 91683
49838 18471
100845 171519
53458 29373
71619 83883
69532 77568
47392 10902
63883 60351
56890 39390
107858 192282
196079 456945
53341 28407
152473 325809
149635 317370
175592 395175
53521 28953
130938 260925
69634 77013
56761 38349
103992 180060
130856 260685
77324 99744
78533 103401
44952 2646
83701 118875
158695 343884
51836 22947
103675 178542
106227 186189
96357 156564
79012 104517
59728 46347
88587 132927
188417 432435
55522 33732
57604 39984
125884 244569
103503 177453
71916 82650
100898 169569
59830 46362
96136 154983
102342 173655
96171 155151
90710 138756
66325 65556
80880 108939
160675 348342
92427 143628
118090 220569
125428 242592
47617 8790
119102 223332
93647 146934
48139 10383
66393 65172
55394 31821
47714 8814
64977 60585
59159 43176
82229 112377
131174 258996
76968 96294
135702 272523
85205 120999
83593 116181
54008 27114
99723 164277
99633 164010
54214 27687
52452 22449
105717 181917
51839 20289
64853 59358
116551 214452
103619 175695
81923 110268
107355 186546
66002 62481
82159 110961
162467 351918
57586 36924
48739 10371
85287 120027
90281 135033
69742 73416
60518 45444
95235 149550
83301 113838
82415 111093
117800 217317
133799 264999
47682 6603
77516 96132
88059 127794
78814 99996
50665 15285
108699 189399
50425 14568
109494 191757
125004 238329
51907 18714
113042 202089
114889 207657
60013 43050
144550 296661
78156 97122
110670 194721
69562 71358
73728 83829
77103 93972
86736 122610
88738 128604
70773 74691
53564 23073
105403 178608
84939 116952
132667 260139
103637 172992
111086 195339
78400 97299
83838 113286
77936 95607
46332 744
154840 326355
52103 18099
50721 13617
59718 40635
79181 99009
155215 327219
132946 260319
122874 229842
86849 121764
90953 134013
93011 140259
101847 166758
51437 15183
69911 70704
61775 46236
89706 130008
65410 57132
82767 108894
83991 112590
83985 112572
99518 159144
138271 275433
74186 82851
141685 285366
101727 165501
72903 79047
91482 134736
57939 33828
129293 247845
61669 44997
59482 38472
76329 88998
86012 117711
155492 326214
105039 174855
66190 58290
106876 180309
88544 125025
193667 440457
95389 145596
137605 272250
82659 107421
64082 51318
99948 158988
83689 110139
98633 155007
65838 56586
66802 59199
131251 252546
68366 63855
113695 199914
147810 302232
69864 68073
135406 264738
62766 46761
79830 97971
99469 156900
75571 84933
153426 318522
88319 123183
113922 199956
173682 379245
77090 89178
94935 142725
59262 35670
126928 238713
58484 33354
49306 5475
121922 223392
57037 28674
86048 115770
94566 141333
135727 264510
150265 308097
115629 204198
47788 612
77160 88770
66519 56520
57458 29340
55989 24921
165107 352356
49084 4215
79568 95412
71333 70671
133216 256374
59169 34146
66335 55740
174248 379191
180155 396846
173864 378000
76321 85353
99589 155214
191222 429810
154613 319947
89542 124773
54623 19923
59649 35004
69537 64401
95570 142539
107336 177837
78047 89952
60257 36528
65082 50745
70760 67752
99403 153681
78730 91716
57924 29265
117033 206319
118140 209604
88384 120360
61061 38403
51253 8898
97741 148197
83845 106461
121780 220224
55038 20013
65396 51108
103301 164502
93577 135306
85393 110790
72790 72996
61862 40188
86334 113292
70749 66549
91917 130059
93614 135162
100111 154632
50604 5784
61203 37563
197154 445479
134280 256848
62593 41742
69891 63354
67325 55701
73629 74550
65600 50493
107013 174732
79501 91902
100652 155337
66313 52332
108614 179205
104533 166980
130901 245775
105246 168849
61732 38268
71389 67293
93509 133626
73669 73797
90886 125466
112512 190335
109192 180393
118276 207609
150980 305466
134649 256428
226577 532284
52443 9795
103485 162981
103276 162000
95004 137223
54583 15948
120287 213069
92529 129771
144028 284049
49778 1197
133560 252624
69038 59034
112869 190515
98407 146847
82199 98223
96875 142233
49825 1038
65121 46980
149536 299952
57630 24189
118874 207924
63746 42540
118986 208248
159479 329499
98302 145935
150038 301122
89428 119319
173131 370401
109413 178932
120486 212211
60629 32580
168154 355146
165767 348075
51937 6156
58011 24390
77373 82545
80222 91092
55065 15570
94620 133980
97867 143685
66230 48780
135928 257910
102759 158358
