379 891
127 111
286 615
164 246
174 243
316 384
204 42
427 726
295 312
635 1389
821 1590
922 1929
619 1029
698 1251
490 588
497 327
947 1686
906 1566
1236 2574
1274 2694
1220 2226
1051 1725
756 831
572 252
617 396
759 543
722 423
1394 2448
1860 3891
1302 2178
1093 1233
1155 1410
1575 2679
1545 2580
1867 3573
2270 4518
1285 1494
4493 11208
2161 4122
2282 4527
2074 3558
2584 5142
1683 2385
2583 5115
1753 2598
1408 1296
1082 285
2886 5724
4567 10794
1505 1587
1699 1863
2357 3828
2454 4134
1919 2514
1167 246
1542 1053
2470 3864
2429 3759
2364 3537
1601 1275
3417 6432
1768 1431
4453 9576
2624 4020
1479 576
2200 2490
2131 2277
3856 7431
4451 9237
2642 3792
3168 5076
3922 7341
4121 7947
2371 2667
2112 1920
3877 6933
1784 606
2634 3174
2941 4089
3422 5568
2509 2472
2787 3315
1947 786
3449 5346
6922 15747
2727 2817
3461 5085
2571 2388
3936 6465
2313 1620
4771 8688
3851 5910
5090 9678
3307 4284
6259 13194
4628 7965
3144 3504
2779 2403
3405 4308
3210 3666
4350 6816
2680 1803
4622 7638
3927 5562
8004 17793
5046 8637
4674 7539
4548 7137
5723 10659
6561 13149
5688 10227
6024 11229
3957 5043
2887 1824
8181 17724
7823 16371
3287 2727
2920 1617
8504 18420
9079 20127
2733 753
2997 1530
2728 714
3172 2091
4566 6270
9110 19650
3444 2571
6205 10887
3836 3762
3074 1512
3728 3156
6785 12327
6239 10674
3129 1377
5778 9333
7400 13872
3168 1167
4098 3939
8721 17862
7152 13140
4647 5334
6614 11223
4094 3672
6316 10314
3022 429
7846 14628
7498 13611
6124 9429
9891 20736
6899 11787
5584 7527
7138 12198
4862 5370
3505 1269
5480 7230
3994 2418
6311 9417
3765 1761
3900 2208
6638 10380
5905 7908
3415 390
5459 6534
7145 11652
8742 16407
3575 570
10698 21993
6234 8565
10523 21444
7424 12156
6519 9111
4748 3780
8108 13887
8266 14370
3984 1509
4188 1854
9791 18681
9581 18015
6212 7899
10110 19605
4974 3888
4087 1215
6478 8382
10371 20103
8341 13998
7478 11100
3924 417
7407 10878
4530 2247
8503 14199
9292 16284
8354 13437
9304 16287
4095 624
7898 12084
8188 12654
8594 13863
8734 14295
8437 13395
5424 4326
8872 14391
5015 2799
7306 9690
5290 3615
9049 14955
6679 7512
5842 4998
5427 3765
7298 9342
9191 15075
6853 7770
11404 21405
5175 2706
10146 17628
8145 11562
10967 19767
11023 19962
21165 50421
7634 9783
14271 29703
4981 1479
5171 2067
6312 5472
5436 2862
7262 8361
9412 14502
15218 31926
8736 12507
8679 12291
6315 5202
10582 17730
17878 39618
8464 11367
12521 23562
9164 13458
8950 12522
5331 1650
9396 13869
10910 18384
14513 29220
10355 16455
8071 9576
6742 5607
9754 14652
16228 34068
7420 7314
14985 30018
7821 8529
9958 14964
11929 20877
10001 14769
10234 15501
11889 20451
15332 30825
8558 10458
10392 15630
11200 18063
14927 29265
11713 19656
5406 675
10658 16128
8684 10260
7967 8058
10702 16272
8477 9624
7533 6435
10194 14445
10756 16113
6310 2820
18333 38880
19509 42129
14916 28329
12626 21477
9830 13071
12266 20382
7646 6183
11342 17310
6443 2592
14786 27648
8012 7302
12796 21360
9953 12831
17698 36105
10401 14166
19022 40050
6276 1482
9553 11325
13908 24405
10022 12732
6398 1869
17847 35925
14659 26376
7481 4800
13459 22806
8030 6465
9743 11319
12225 18804
11721 17280
10279 12918
12852 20619
8170 6249
8179 6300
10291 12654
9358 9837
16609 31602
20536 43098
6829 1932
16857 32097
12349 18528
22431 48756
13681 22209
12110 17550
15870 28776
14317 24141
16493 30651
9386 9039
10862 13476
11145 14328
15516 27468
15694 28002
15751 27843
9821 10038
16335 29550
11289 14460
19466 38988
7864 3837
12474 17706
10246 11028
10230 10947
14172 22800
10051 10098
6871 558
8282 4782
36773 90384
22180 46524
11273 13509
11629 14577
10133 10053
14999 24651
14734 23859
15522 25929
13394 19536
10189 9951
19290 37242
21308 43323
12682 17136
15334 25083
12189 15621
8192 3678
9220 6714
21112 42129
21854 44352
8169 3237
10845 11310
10500 10281
7588 1230
10882 11118
11077 11697
7579 1200
10756 10722
13281 18036
17711 31332
13000 17184
11696 13245
9924 7926
14872 22455
11567 12582
15530 24471
18180 32415
13101 17175
14673 21564
22030 43683
9828 7077
10647 9504
11371 11694
8066 1479
17527 29847
14639 21198
10733 9480
16679 27345
9038 4086
12395 14166
10315 7944
14411 20241
13927 18753
16696 26751
21267 40548
9049 3795
11935 12486
18072 30936
21546 41037
11778 11691
18704 32493
15947 24243
16499 25887
19423 34359
11072 9291
14502 19560
9097 3348
16509 25593
22453 43149
10015 5835
11817 11223
19418 34056
17259 27552
28483 60942
19653 34461
24188 48057
9704 4566
20194 36075
19215 32853
19753 34476
20128 35577
15573 21918
32670 73221
15803 22284
12113 11202
12810 13296
15545 21537
16384 24024
25198 50166
10145 5001
14094 16848
22384 41736
17457 26970
16539 23901
19179 31791
18103 28584
11490 8751
13627 15153
9609 2775
14458 17319
15762 21261
26389 53166
10008 3990
25289 49584
23255 43464
14875 18333
33027 72828
12100 9972
13135 12750
18157 27828
17542 26007
29393 61590
25515 49947
14683 17184
21396 37296
20395 34239
9764 2328
29242 60798
11048 5934
21891 38475
22058 38967
18567 28485
35411 79062
16534 22083
17279 24300
19192 30111
10602 4263
15051 17643
15711 19350
13772 13497
17424 24438
23073 41412
10592 3984
14474 15267
22016 37974
15906 19629
24553 45504
13288 11754
21162 35085
25388 47766
21922 37311
13161 11037
12245 8289
24238 44004
17614 24099
18510 26820
18334 26259
25370 47400
15198 16611
14243 13674
26271 49797
21802 36360
18668 26985
22824 39165
34130 73092
12382 7827
16714 20850
18684 26718
10471 1770
22621 38244
13961 12291
24611 44196
20999 33381
18540 25683
14473 13527
38356 85170
12787 8388
36117 78480
19239 27528
10757 2061
13687 10833
21576 34545
17721 22944
12468 6894
23329 39486
17094 20793
30193 60078
19534 28065
14579 12930
28201 53778
23369 39309
23511 39726
11595 3975
19590 27651
11262 2640
31795 64296
18126 23277
22055 35037
26624 48462
17754 21837
18136 22944
20994 31584
26319 47538
21603 33111
11732 3444
28627 54180
17178 19824
10909 981
37255 79755
37698 81093
11377 2070
25480 44448
22750 36195
11164 1137
19898 27384
20687 29736
13973 9594
22722 35832
14267 10173
23703 38535
35237 73101
20980 30306
14198 9966
30433 58392
32565 64770
23629 37998
24746 41328
30703 59226
21982 32775
32515 64329
37358 78873
18888 23448
16643 16683
21333 30519
22119 32847
24505 39972
25204 42102
25825 43950
23459 36540
26334 45195
16860 16773
14671 10179
25034 41301
21780 31203
24504 39378
12073 2055
18768 22167
40607 87723
20643 27513
24886 40266
17733 18762
12677 3579
17797 18990
18540 20913
23395 35439
14985 10248
27711 48432
28460 50655
14458 8331
17339 16971
28897 51675
23188 34518
18374 20106
21725 29847
39552 83328
19147 22134
31646 59628
25762 41985
39357 82479
34241 67158
21933 30198
31265 58230
22640 32331
12208 669
19672 23088
23241 33816
16331 13083
18615 19917
50806 116235
14507 7275
26507 43296
15089 9021
25790 41178
26128 41883
19351 21555
12561 1131
15728 10683
39721 82653
22135 29559
35716 70377
23907 34905
35331 69222
27068 44403
31502 57381
13623 3726
25360 38964
26446 42192
16227 11553
27122 43911
52975 121524
14990 7509
29238 50316
30834 55110
24901 36993
23146 31674
16331 11310
29897 52002
25437 38622
16611 11805
26557 41727
17380 14139
13483 2385
22201 28584
33374 61839
26332 40668
33924 63438
25019 36741
17469 14100
25390 37524
23277 31233
17523 13917
19805 20799
42604 89202
37679 74145
25406 37293
31711 56241
13370 1146
23864 32673
18836 17310
36213 69420
22106 27138
42817 89235
19328 18750
28128 44838
18212 15099
16271 9312
23733 31698
14365 3549
14747 4404
16697 10272
42845 88761
25627 37053
21337 24186
22668 27924
34625 63765
14256 2625
27708 43023
15988 7845
18123 13950
45962 97503
51451 113928
16778 9897
31519 54138
20926 22050
15749 6537
27896 42999
20120 19608
22300 26220
18077 13221
28638 44913
19278 16824
31769 54315
31057 52137
53448 119070
25033 33756
48105 103053
21409 22899
15145 4083
27531 40968
33874 60012
19966 18282
28419 43659
16941 9222
20028 18138
22742 26307
20218 18753
34129 60534
16088 6327
31073 51012
55534 124410
45968 95703
31922 53532
27936 41598
26074 35739
21676 22518
38623 73371
26128 35892
32657 55470
23779 28464
29906 46908
21230 20853
71339 171234
53193 116772
25072 32082
53814 118380
23448 27192
24126 29259
40112 77256
24886 31206
28845 43098
24396 29724
28773 42882
18642 12543
34053 58443
48426 101604
39983 76212
54401 119505
38837 72786
15609 2775
35604 62841
33864 57591
23717 27126
15097 1254
32694 53754
28081 39918
29769 44973
16673 5721
40472 77109
25435 31740
20223 16014
35289 61251
31450 49743
48179 99972
25068 30333
38264 69882
17748 8307
33584 55854
25649 32004
49020 101850
32088 51054
21734 19995
24433 28080
42415 82029
45045 89634
22615 22311
20379 15582
22671 22494
34842 59016
42113 80520
20451 15519
21870 19809
26948 35046
16195 2766
40227 74565
22962 22749
20468 15249
37339 65901
40258 74691
23486 24015
52170 110139
23585 24372
39644 72513
18386 8730
15639 171
38321 68229
73899 175026
16771 3567
35603 60075
56424 122265
27702 36087
34943 57831
41193 76569
27931 36756
38252 67455
17472 5088
21773 17976
16603 2445
35291 58554
20716 14511
44707 86550
21887 18006
26846 32922
49234 100074
37800 65475
56397 121320
18009 6120
30849 44637
24714 26244
23322 21738
44054 83973
25351 27810
44683 85860
37642 64743
41380 75666
35211 57123
17676 4491
24086 23757
38224 66153
29702 40323
47109 92517
26403 30402
23052 20349
19274 8958
25375 27006
40524 72447
21163 14373
32719 49020
43958 82818
37825 64059
34683 54612
24201 23178
54070 112791
17729 3750
18657 6246
32306 47208
50159 100776
35260 56034
38963 67197
24164 22482
43787 81342
33156 49407
29794 39327
28222 34647
46653 89670
22555 17346
40061 69891
59331 127692
35126 55044
26881 30042
28014 33444
22439 16725
36599 59163
38937 66228
20851 11589
31365 43167
39135 66504
36886 59760
19015 6099
21509 13275
33526 49413
21349 12846
50055 98955
18072 2979
34413 51759
39557 67170
37944 62334
17272 270
21072 11778
19713 7314
20608 9990
48837 94737
24228 20886
40551 69837
32797 46227
32958 46800
38090 62169
37653 60843
44724 82110
19516 6087
17955 1419
44065 79770
29809 37062
21812 12999
23927 19056
26790 27660
33638 48186
41917 73044
31535 41913
34809 51426
41473 71394
24413 20193
44239 79698
32844 45525
40714 68859
20400 7881
21216 10314
52843 105291
29123 34050
43169 75906
40684 68496
28569 32088
40472 67836
18402 1560
23381 16233
20417 7308
24250 18822
38074 60330
40584 67836
51164 99273
22331 12786
28777 32085
28152 30222
40280 66624
37407 57750
36610 55293
25420 21732
34082 47748
81152 188949
26152 23631
50032 95250
27381 27351
33914 46959
28033 29271
25944 22725
49388 93081
42548 72501
42345 71916
27313 26793
53052 103719
45689 81660
29349 32640
24931 19392
18970 1467
49798 93648
34516 47820
50889 97014
25641 21204
28154 28752
20947 6813
41842 69528
41204 67632
32749 42192
50716 96183
45544 80343
35587 50481
29850 33249
43833 75216
42790 72027
42948 72264
25480 19824
45457 79791
29013 30420
22407 10584
20412 4299
34942 47907
49583 91839
45463 79464
41213 66729
46193 81342
52221 99474
59353 120924
42954 71634
27620 25626
29190 30054
42010 68520
45024 77610
28119 26868
31367 36600
33195 41769
21817 7635
31525 36792
40784 64536
68413 147423
54513 105468
47640 84801
34838 46413
28781 28209
70611 153741
50681 93663
60519 123168
29792 30984
43467 72003
47774 84939
60434 122604
44729 75471
33581 42060
45212 76935
48470 86718
23316 10896
60075 121278
32153 37422
21576 5694
37885 54621
24111 13005
38837 57192
25191 16227
35250 46449
25082 15927
41361 64467
27628 23247
35331 46365
23812 11865
43528 71010
23487 10542
41400 64308
48460 85470
28463 25461
35113 45402
52681 97809
27315 21690
45710 76893
37095 51060
75231 165501
33867 41091
25944 17307
65572 136242
22275 6297
50244 90234
21462 3522
23467 9564
22538 6789
35951 47070
39029 56268
30619 30738
46230 77616
71440 153228
43230 68562
22543 6486
62890 127281
70568 150333
47646 81555
71944 154431
43767 69882
67470 140727
76400 167535
44971 73203
32863 36852
43199 67935
22227 4674
30943 30801
26559 17667
38345 53025
52198 94539
44348 70746
49577 86421
35623 44580
27494 20166
70744 149931
37555 50010
29299 25308
33414 37626
39908 57132
24787 11700
42215 63735
32182 33600
43261 66858
44563 70788
32500 34584
30540 28401
27364 18864
58049 110949
31395 30957
24918 11511
25538 13113
30020 26508
44563 70188
31424 30753
46561 76146
40562 57897
62011 122280
72926 154971
33951 38061
60966 119097
70474 147387
97971 229830
57154 107334
26540 15504
44979 70809
23952 7419
34858 40200
64947 130422
47019 76674
39466 53955
32266 32106
63886 126966
60532 116889
27019 16302
42566 62955
42813 63402
33082 34227
45030 70089
64813 129441
38619 50847
50979 87663
45169 70188
59944 114579
47285 76536
25316 10668
35834 41901
37521 46965
26334 13341
46905 75108
33048 33516
49986 84060
34875 38697
57354 106164
87953 198006
51622 88941
37923 47586
38597 49608
43423 64077
31050 26925
42710 61929
63866 125145
26033 11529
61061 116736
28876 20130
51128 86874
60826 115650
31765 28497
45096 68478
46661 73221
37630 46038
44229 65505
25085 8130
30687 24933
65699 130017
52356 89997
56182 101148
63344 122625
31220 26232
43040 61704
23869 4152
38474 47697
47817 75735
52575 90018
32977 31194
63801 123747
42529 59616
45604 68787
42391 59136
43173 61482
69754 141243
30448 23037
36051 39828
25209 7365
44633 65583
26435 11016
36311 40323
30077 21633
44151 63834
49067 78618
48256 76140
41549 55746
31752 26394
38335 46086
72855 149682
49233 78789
54217 93489
39394 48984
82518 178353
24788 5145
91478 205242
45573 67173
34078 32715
47445 72828
53759 91812
51379 84663
73491 150657
48971 77097
34951 35064
55741 97452
57714 103359
28827 16362
57227 101571
23627 735
29217 17505
91667 204909
49014 76659
25624 6426
58352 104610
32717 27726
37433 41889
70291 140190
51361 83358
31290 23127
42012 55317
48284 74172
62751 117246
30810 21429
66445 128307
50497 80472
46016 67014
34755 32931
81867 174318
48216 73374
39469 47082
33515 29238
26745 8607
47146 69864
26607 8184
53350 88461
31177 21930
54471 91512
55197 93672
86285 186981
56318 97053
61951 113934
35137 33210
58597 103602
58437 103140
45983 65739
33712 28899
26277 6297
38100 41763
67251 129243
27774 10788
35362 33585
71720 142350
50960 80055
26734 7395
42782 55539
44516 60756
43422 57141
46123 65268
42838 55380
39005 43905
24572 555
85054 181800
64488 120057
52114 82905
74815 151062
45480 63087
75656 153252
46346 65313
48201 70893
41287 50115
56566 95970
33793 27342
27519 8532
26862 6525
29512 14556
53728 87165
46103 63981
32376 22782
74530 149334
33007 24720
103937 237603
43241 55113
50581 77124
69068 132630
71597 140208
42527 52980
34805 29544
35485 31539
72370 142212
40786 47421
60955 107946
57120 96150
34049 26973
33101 24105
38466 40206
41008 47826
53413 84738
63902 116196
56348 93537
37022 35529
36501 34005
45198 59775
61540 108813
25487 591
43120 53526
67137 125640
100921 226707
78467 159300
56029 91986
53020 82968
43182 53418
40089 43839
39518 42090
55273 89421
36662 33561
64382 116745
62877 111969
36389 32448
35359 29367
39894 42975
43413 53577
50199 73572
26265 1758
55192 88623
67063 124197
27361 5028
41673 47709
51940 78465
39752 41910
83793 174114
38119 37041
51594 77139
28154 6816
67858 125985
82116 168738
53559 83085
43820 53508
54361 85200
30331 13059
39551 40755
27399 4251
59581 100545
34942 26598
32825 20250
42354 48879
52838 80289
47350 63513
37795 34851
66122 119856
88655 187437
32478 18933
33818 22608
31222 14847
77893 154932
106956 242070
83615 172074
41488 45354
48843 67419
73935 142668
39718 40038
30421 12153
56281 89442
58840 97137
61879 106236
27979 4494
44402 53781
50167 70782
46379 59394
27238 1941
55906 88035
67594 123081
82601 167820
65397 116208
30836 12465
30202 10608
57209 91638
70133 130089
65446 116010
115468 266166
79445 158028
65845 117255
36794 29775
56458 88749
35605 26214
36118 27699
31623 14262
56698 89187
75403 145317
77412 151338
86673 179076
54502 82590
27331 741
65616 115638
37817 32208
36799 29190
53240 78486
32892 17166
60429 99786
52279 75309
28766 4728
35657 25461
61584 102942
68803 124635
47527 60735
28969 5088
50439 69507
33027 16944
73658 138891
58953 94770
61283 101784
38196 32469
54245 80328
77875 151236
46685 57627
31896 13272
43747 48807
78299 152169
63909 109071
47279 59082
46158 55782
29909 6963
45254 52764
62387 104127
66345 116043
48771 63312
30229 7641
35299 22596
47758 60003
45602 53487
69886 126342
72271 133542
86531 176010
57352 88422
89125 183837
59740 95628
53253 76140
30713 8214
38555 31737
68910 122811
30932 8850
62851 104628
45318 51756
98000 209802
63281 105642
71870 131418
40932 38562
40517 37017
44093 47781
52680 73560
37627 28362
128231 300228
32303 12108
83882 166812
101302 219114
81562 159885
30692 7242
56211 83469
29014 1896
47702 57972
53261 74649
48141 59307
90747 186822
55555 81258
46143 53046
90002 184617
94456 197994
32148 10707
58363 89373
51698 69420
84710 168456
57359 86385
40794 36354
86863 174606
66670 113991
39317 31932
57230 85680
96006 201720
29910 3405
34715 17772
82231 160455
61759 98976
60290 94290
78518 149034
50112 63681
31386 7530
91260 187224
80045 153252
79845 152646
52027 69171
48357 58152
54568 76788
94970 197718
67786 116184
46914 53496
61420 97053
56345 81855
51049 65628
39394 30675
76366 141555
78960 149370
51202 66162
57022 83265
65582 108954
37956 26034
31707 7305
44270 44973
41158 35391
81437 156201
62159 98358
39790 31260
47849 55410
67459 113988
56016 79602
64382 104772
61381 95709
40641 33534
35581 18018
59632 90177
31132 4695
72980 130278
57283 83112
67256 112776
44123 43332
72215 127671
46924 51771
46041 49158
35889 18312
71558 125340
60816 93120
68227 115407
46616 50529
49814 59868
67135 111786
45691 47448
50200 60990
50435 61659
38797 26481
52348 67116
71260 123882
50502 61599
71867 125727
93676 190866
35044 14931
55828 77322
89119 177186
59070 87012
102168 216033
41762 34743
66885 110190
74665 133497
43368 39603
84005 161232
66793 109581
81334 153213
101148 212652
43213 38823
62921 97608
30775 1215
136985 319848
51615 63681
34096 11136
51880 64242
58746 84822
34439 11910
74458 131991
50117 58953
35842 15783
144607 342177
65998 106266
54683 72333
48576 54027
68673 114048
44322 41004
84835 162504
78303 142893
55125 73374
58147 82098
67291 109521
62374 94797
94567 191400
44851 42210
90730 179610
46952 48237
41570 32082
38670 23400
51151 60855
46892 47811
60858 89667
55832 74568
51065 60297
77409 139356
96781 197172
38961 23664
46694 46881
36168 15303
56443 76128
44908 41250
41826 31977
90361 177546
36288 15309
59757 85737
77450 138585
83020 155277
35037 11295
57302 78099
47572 48915
36050 14007
35235 11598
64261 98700
82049 152037
33456 6249
38997 22611
63152 95049
49442 53889
39575 24333
43985 37521
78722 141450
36897 15993
74650 129294
40234 25974
38427 20526
35585 11745
39606 23808
56568 74739
66993 105936
60698 87084
51304 58587
40602 26514
84756 158949
46048 42852
104664 218766
71989 120360
77384 136533
41525 28959
82415 151653
60010 84420
95962 191958
115715 251235
93285 183945
65496 100569
88604 169929
59413 82029
98123 198225
72594 121545
106379 222936
49060 51000
52166 60033
40684 25509
70723 115650
64947 98325
118164 258000
58919 79956
103949 215055
35564 9882
50670 55209
54848 67734
86196 161487
60533 84483
67686 105975
53690 63924
70373 113973
44922 37347
52357 59670
44692 36669
65917 100362
96225 191265
54586 66084
113153 241812
89767 171558
50773 54645
49549 50967
34387 5115
50348 53034
68116 106347
64802 96378
50218 52653
61053 84861
76200 130308
106278 220551
103867 213363
63124 91065
42990 30327
110647 233376
80245 142128
87305 163344
70656 113370
72458 118512
54390 64251
78339 136152
78440 136419
58949 77958
62796 89190
63532 91398
44150 33222
37555 13428
78958 137667
107988 224475
144983 335475
115676 247518
96381 189642
96099 188799
64745 94446
37399 12387
51111 53523
65628 97110
102008 206208
52718 58047
37713 13002
68923 106689
93964 181827
96871 190560
68947 106440
42562 27297
38872 16200
53289 59484
122109 265983
64175 91806
85901 156942
48050 43506
64138 91698
89505 167787
124997 273993
37334 10995
90478 170454
37212 10617
40484 20397
40670 20709
43413 28947
42731 26868
63513 89247
53037 57813
61634 83367
41542 23025
47921 42165
77597 131202
108520 223998
52960 56982
56140 66522
62005 84063
60273 78945
98811 194589
69563 106482
63932 89568
67165 99279
73643 118755
35064 2931
73621 118353
42133 23862
63152 86994
59659 76476
53972 59424
82262 143979
90467 168609
92250 173970
51155 50676
51988 53121
104146 209319
36976 7791
59600 75690
90368 168012
40059 17034
98260 191382
83820 148077
83295 146505
55480 63024
75672 123564
104761 210564
35207 1902
53903 58011
71611 111141
71875 111951
79946 135855
51452 50391
43089 25203
69922 105765
36277 4806
61470 80085
145918 333480
74456 119058
44617 29589
49991 45648
52065 51624
52507 52893
83987 147390
36669 5370
48483 40848
43749 26355
66363 94197
72756 113385
38492 10560
66589 94806
37167 6282
59837 74274
67425 97050
39484 13218
104304 207738
92489 171978
64283 87285
57573 67203
91377 168621
83929 146268
50864 46794
43023 23241
48441 39513
39022 11238
63863 85788
38454 9234
59077 71142
96634 183810
81819 139332
101517 198471
52220 50235
71027 106671
39150 11031
38995 10578
56034 61701
94402 176499
62009 79344
80174 133839
59368 71439
79120 130644
84197 145608
53013 52032
75126 118389
40893 15672
88595 158838
133027 291861
83179 142218
50921 45456
84099 144996
57367 64800
81628 137313
61515 76938
86328 151359
66980 93357
51072 45591
102300 198999
112147 228597
61270 75918
37378 4188
89523 160698
108104 216123
83800 143217
41492 16266
82103 138075
69529 100386
75169 117024
43244 21225
94668 175512
83145 140919
51370 45612
84539 144825
50902 43932
85547 147921
78669 127242
65184 86733
77611 123750
75773 118236
39972 10782
65161 86346
107594 213720
106842 211119
178849 427221
89392 158793
127469 273045
58750 66843
55461 56631
62531 77901
75449 116628
84477 143730
49920 40032
79785 129321
41271 13815
72012 106080
64393 83196
85268 145806
44458 23031
73614 110562
49093 36954
65922 87450
74132 112086
79127 126735
84216 142038
55428 55665
71207 103020
44977 24339
43325 19047
60629 70944
65533 85734
71242 102825
73908 110850
44910 23502
52011 44796
75454 115161
47959 32667
68063 92961
61498 72966
93394 168684
66736 88692
42127 14907
92232 165186
87802 151587
41534 12768
50088 38466
72823 106662
85126 143604
79377 126012
73611 108726
60782 70236
65274 83724
85793 145269
80851 130125
92343 164646
75917 115317
38436 2871
86022 145677
72167 103791
51762 42579
70701 99411
74906 111999
38488 2718
55605 53796
56094 55266
101693 192078
46771 27279
50574 38724
54285 49554
50277 37485
64277 79488
61459 71097
88122 151068
77657 119409
45088 21654
97687 179463
80476 127827
85366 142491
94608 169959
94195 168696
39105 3369
42990 15033
47993 30063
75042 110952
107239 207555
67175 87399
64505 79299
40422 7038
50724 37662
71398 99693
53943 47301
98220 180123
44090 17733
72060 101388
76578 114978
41283 9051
119580 243951
55082 50430
91137 158337
70910 97584
90194 155511
93820 166350
39929 4677
57959 58440
112253 221370
72610 102393
64976 79500
40197 5145
91106 157611
120474 245748
69632 93168
51023 37323
73216 103938
81301 127950
122284 250851
71099 97305
47240 25692
61990 69972
95557 170424
78993 120672
41314 7623
63908 75378
74716 107850
45641 20286
88197 147981
70160 93861
63449 73728
103848 194955
82884 131742
88978 150060
102983 192051
104019 195213
85042 138270
62981 71760
59980 62730
62884 71409
40905 5469
61198 66357
76103 110799
54854 47052
56645 52437
51834 38010
55629 49386
112559 219921
105493 198732
73901 103860
64271 74988
43798 13584
48053 26040
52697 39981
87697 144999
118806 238329
78512 117444
49496 30069
80670 123612
126313 260538
51105 34899
95734 168819
71413 95505
48359 26340
59195 58893
69264 89109
110109 211653
52115 37365
72493 98460
57772 54309
116801 231447
84573 134682
59026 57768
46198 19287
68557 86373
59373 58830
79482 119145
63305 70278
86973 141336
53727 41589
136460 289788
52962 39261
136584 289863
90473 151563
47732 23271
85562 136785
178657 416100
84742 134061
84299 132663
60258 60591
64093 72063
44566 13461
79722 118647
54902 44190
112339 216519
67726 82680
42211 6099
42162 5643
84237 131895
100217 179826
88201 143775
61596 64041
55020 43917
59691 57990
89837 148410
46278 17715
46878 19536
63955 70401
72615 96447
51756 33879
63144 68016
85735 135822
77901 111984
74979 103230
89328 146322
119780 237657
102680 186348
114853 222576
50214 28596
75044 103143
50936 30789
55049 43140
48115 22056
52437 35028
81140 121083
100009 177717
100767 179982
153740 338664
54766 41646
136607 287250
84871 131988
51282 31182
85014 132177
104371 190197
144228 309795
57041 48240
54705 41196
89311 144759
114225 219474
99932 176577
106473 196209
58358 51846
129243 264204
76526 106077
70651 88470
84019 128520
48039 20574
130769 268545
89253 143925
107657 199170
76422 105468
94854 160752
41769 1161
88589 141669
109546 204573
105098 191211
53633 36801
54716 39720
94176 158103
103742 186789
50619 27423
56943 46440
64793 69672
88606 141099
104898 189984
75485 101739
75826 102768
48213 19629
43779 6300
54710 39123
78913 111732
89097 142290
77749 107964
92088 150999
71149 88182
52624 32520
53786 36042
68887 81024
52965 33330
66017 72432
70641 86316
56422 43647
97853 167640
64871 68670
59317 52005
57900 47766
96785 164511
119287 231696
86333 132789
130435 265143
119075 231024
44511 7287
223709 544674
77508 106035
115276 219330
114513 217002
95344 159567
103336 183228
46451 12501
83343 123246
57370 45321
65869 70788
58921 49683
52137 29292
92200 149481
96297 161835
46352 11940
98013 166638
68760 78882
67180 74148
171390 386814
94770 156975
93349 152364
43237 1974
86841 132813
112484 209832
51383 26442
91993 147978
71253 85749
77624 104847
75994 99975
132702 270090
51762 26961
87455 134076
107868 195279
89869 141309
116501 221202
162018 357507
56123 39798
209532 500097
52254 28116
56406 40590
79117 108459
52049 27210
85949 128985
90295 142005
96476 160563
64104 63129
172534 388467
58989 47760
62001 56814
116422 220095
51863 26127
87392 132687
136149 278967
57129 41841
100939 173343
147185 311781
53536 30774
121922 235977
87859 133788
110308 201096
75693 96954
76680 99912
69239 77616
158057 344133
50738 22104
127157 251100
112127 205980
72163 86100
145011 304623
43686 612
77188 100899
67392 71430
71717 84444
126846 249849
92617 147150
187620 431850
100018 169101
119184 226572
75663 96036
169246 376749
56609 38511
85495 125175
46635 8568
73085 87954
68762 74976
76793 98796
66777 68685
81434 112683
94274 151239
170587 380190
115242 213852
56033 36165
68191 72684
98225 162756
67648 71046
91969 143763
93196 147450
63547 58440
92102 144072
119431 226113
67013 68568
160501 348987
83142 116946
93524 148134
53893 29187
51810 22602
116464 216591
96250 155979
44315 75
88414 132453
73028 85956
106008 184923
71630 81744
94342 149934
90788 139248
82917 115335
90081 136824
101313 170565
92898 145278
81376 110718
91280 140112
124248 239070
52861 24828
116707 216402
104808 180759
87430 128283
89643 134910
112300 202920
86143 124410
89378 134097
77835 99198
123432 236022
55814 33159
81130 109035
48561 11340
79914 105123
133836 266925
126524 244956
74001 87375
63198 54969
153817 326586
65781 62424
71704 80223
59944 44904
69413 73356
84657 118725
170169 375360
120121 225225
76874 95424
120376 225966
66682 64491
113559 205197
106603 184299
83916 116238
92315 141447
68581 69972
69884 73818
98400 159381
49190 11745
160299 345168
87352 125937
57770 37173
103545 174561
99003 160899
79804 103329
97067 154773
48798 9939
96957 154479
121848 229164
69559 72249
55172 28824
75799 90663
99272 161088
84964 118182
83033 112428
67056 64167
74085 85218
91623 137886
102669 171024
120685 225036
50986 15603
81123 106059
83406 112854
72998 81696
89374 130767
91100 135675
119289 220248
156126 330816
153361 322473
83911 114153
65527 58671
62227 48792
65430 58401
47017 3132
67831 65568
128926 248613
88143 126219
121582 226575
96296 150669
153911 323568
109919 191265
97746 154755
156482 330984
76025 89577
105039 176637
50876 13800
84839 115692
109210 188847
84649 115182
127425 243465
145612 297720
63041 50013
72096 77214
80726 103071
72943 79713
71652 75558
122328 227592
100708 162723
77077 91803
177550 393267
92452 137637
75420 86550
67423 62562
124213 232929
67366 62352
120907 222702
64340 52983
110551 191655
84217 112680
93158 139455
75914 87435
76189 88242
130656 251676
60280 40521
69769 68991
98988 156381
59142 36792
131464 253809
91411 133671
49961 9282
49659 8070
112337 196149
89031 126240
61199 42669
114347 202143
75047 83967
47193 324
68457 64188
88530 124398
111589 193551
87287 120363
194353 441531
141108 281799
143180 288030
117401 210693
53632 19062
73686 79260
64490 51672
131033 251307
65472 54615
104126 170271
121516 222441
58968 34770
90238 128598
51081 11133
87398 119820
65745 54816
123007 226620
53454 17919
68349 62676
132194 253872
88511 122805
110504 188802
68968 64194
54064 19458
108846 183558
131861 252600
100046 157101
68765 63285
76173 85527
150138 307131
82658 104748
54524 20280
107414 178917
57997 30675
100265 157170
127267 238203
131351 250470
91695 131520
55665 23376
51263 9897
72842 74619
67903 59745
114307 199041
116730 206301
108153 180249
124124 228153
56015 23847
85887 113463
77792 89187
85462 111867
129340 243519
94616 139329
125282 231336
83519 106092
100858 157773
48923 1917
73794 76554
118175 209772
72253 71988
200651 456906
113722 196101
143935 286704
55033 19965
119399 213114
139389 272766
97655 147540
65184 50169
107762 177888
114864 199203
82570 102012
107632 177204
96935 145071
56312 23226
113137 193731
131192 247647
89869 123570
53929 15744
127970 237945
107396 176172
110372 184815
113642 194661
49516 2202
69828 63186
81116 96993
124913 228138
58727 29583
103554 164070
64793 47778
74647 77322
107621 175956
68580 58812
66032 51162
175453 379458
162643 341031
52648 10680
49876 2373
176521 382392
135381 258960
86087 111072
62893 41187
80493 93981
103135 161868
130765 244812
94674 136533
113573 192891
109725 181356
73494 72675
66097 50466
68484 57636
124371 224958
127690 235050
69144 59304
49723 1026
55836 19365
68482 57057
84954 106446
51259 5340
153133 310992
147074 292821
54209 13899
49887 927
122597 219081
146908 292032
148971 298212
115384 197145
82374 98103
88814 117432
115965 198870
96531 140592
56474 20094
107736 173955
113178 190224
123516 221283
106731 170886
57303 22308
61065 33585
116061 198585
68346 55440
63782 41757
52893 8745
116120 198477
76105 78423
77917 83844
67406 52311
