138 150
233 456
99 9
124 111
304 660
269 234
500 939
209 45
372 555
439 753
648 1107
317 81
353 195
926 1935
836 1656
704 975
476 258
821 1329
521 408
1263 2661
1014 1581
718 729
1003 1581
1402 2754
501 24
1573 3039
1191 1854
1298 2148
602 24
1515 2829
991 936
1237 1668
1649 2913
831 447
1272 1770
1001 630
1718 2799
1300 1581
1102 945
2257 4452
1060 534
2275 4227
1530 1974
1592 2130
1592 2130
1679 2094
1297 954
1957 2964
3046 6219
2948 5889
2525 4338
2117 3132
2799 5133
1318 717
1397 954
1389 612
2792 4830
1576 1176
2010 2484
1306 372
1969 2070
2274 2994
5380 12306
1703 1281
1709 1308
1504 384
2722 4059
2332 2853
3253 5616
1497 345
2621 3408
2553 3195
2265 2343
4397 8766
2521 3126
1601 24
3207 4887
2228 1938
3173 4800
4881 9924
3283 4815
2583 2712
3345 4998
2070 1173
6742 15219
4171 7194
4120 7035
3369 4743
2609 2499
3869 6288
3998 6393
6253 13149
4213 6993
5015 9408
4511 7944
4167 6585
2281 891
3815 5526
2966 2982
3501 4593
2382 894
3874 5376
2444 1107
3313 3723
2804 2166
3992 5460
3547 4113
2401 642
6173 12009
4964 8418
5971 11130
5242 8910
3063 2325
3431 3432
2832 1677
5169 8379
3407 3093
2529 423
7520 15432
2514 378
9328 20577
3812 3990
7798 15966
8227 17283
5706 9693
2912 990
2657 198
7796 15687
7450 14652
2614 69
10986 24969
4165 4461
3136 1365
5141 7377
3290 1863
8805 18096
4821 6162
3188 1227
3644 2571
3845 3180
5938 9231
5352 7395
5016 6396
6869 11988
3041 486
3430 1344
5266 6897
4686 5139
4013 3093
5026 6132
3905 2463
9722 19959
4228 3483
6234 9465
3327 744
7461 12864
3654 1425
6897 11157
4487 3963
6752 10746
5619 7020
11661 25191
8362 15267
6610 9978
7938 14004
3473 255
8491 15357
6127 8238
7536 12498
4946 4704
7055 10737
5470 5949
5852 7131
6612 9366
4553 3234
5485 5700
15437 35619
11146 22755
6716 9387
9713 18420
13829 30495
4867 3537
4202 1542
8071 13185
3887 591
9250 16416
8230 13371
5007 3684
4406 1857
7131 10059
5125 3747
8968 15276
8621 14244
9276 16191
12810 26802
8144 12531
10276 18936
11792 23460
10130 18498
11213 21711
5057 2934
10558 19464
7548 10398
7236 9516
5220 3417
6179 6036
11627 22374
8765 13758
7346 9459
9849 17019
5928 4965
10979 20094
5802 4563
13943 29037
10933 20019
11768 22203
8141 11325
12082 23193
10942 19716
13844 28407
6481 5997
5668 3549
8696 12636
6367 5655
14203 29181
7240 7965
5033 1362
7912 10026
6814 6723
7209 7899
6621 5853
7509 8508
6256 4731
11304 19914
12715 24144
7203 7254
9343 13737
6222 4302
6124 4020
12167 22218
7850 8916
5417 1599
5600 2145
8165 9840
7554 8001
5921 2826
10430 16392
9520 13626
6262 3867
6229 3759
8874 11352
10838 17298
11459 19152
10595 16566
10239 15528
6452 3777
8015 8529
13604 25314
13424 24747
6175 2961
18353 39249
16385 33318
11114 17514
10167 14712
8501 9696
11129 17259
7497 6348
12507 21378
10071 14112
6731 4059
5527 135
12879 22221
12204 20193
7581 6309
10823 16077
9141 10698
7827 6738
7391 5475
7701 6369
13900 24990
5894 630
9619 11865
9702 12090
12596 20763
11902 18723
7204 4275
13707 23829
8371 7767
6244 1398
19868 42330
15621 29247
17559 35079
10083 12687
7320 4308
10937 15174
17047 33231
6115 390
18303 37044
10222 12765
12980 21012
8336 6780
10521 13317
11745 17073
12192 18351
21044 44922
8893 8106
13758 22818
6330 420
11724 16647
17598 34293
9771 10458
8808 7614
14125 23520
19305 39078
10788 13545
6532 432
10514 12435
6687 924
18398 36087
11438 15195
14964 25491
18508 36105
13501 21102
15657 27552
14237 23337
14728 24459
9944 10104
12317 17250
7154 1701
16078 28533
18400 35199
15229 25680
11653 14913
8710 6132
17661 32973
17957 33546
23310 49596
7538 2271
10248 10419
7224 1335
7523 1926
16607 29214
23146 48801
16012 27417
21939 45198
10066 9255
16143 27519
15213 24729
19314 37032
20938 41898
7354 834
13124 18129
8875 5388
14188 21339
16363 27900
11319 12429
11331 12492
12305 15387
14246 21201
10807 10902
12489 15648
14845 22701
12749 16422
20016 38214
17157 29697
13494 18330
8575 3582
9218 5562
11308 11835
15233 23562
18821 34011
16661 27555
15908 25299
10515 9120
10165 8115
24185 49854
13934 19083
12581 15015
17844 30816
15653 24225
8476 2418
8640 2877
10057 7155
7824 408
25077 52275
15998 24678
17411 28926
21163 40161
16044 24795
14168 19224
12811 14826
9450 4695
8143 765
27713 59550
14030 18435
11393 10260
18554 31770
19300 33999
27093 57387
22354 43119
19156 33276
18069 29961
8333 762
23739 46989
14099 18078
26098 53805
15349 21537
18664 31494
9281 3297
30061 65691
33655 76191
14199 17817
19821 34656
9355 3231
16500 24654
12094 11166
13828 16347
17494 27363
9412 3090
25690 51978
11128 7932
18686 30630
15565 21297
16177 23097
10029 4650
20868 36897
10361 5340
24069 46527
10222 4902
9218 1944
17573 26718
21143 37410
25741 51216
18053 28152
11054 7128
19273 31500
20921 36447
21602 38478
32175 70209
20894 36381
16277 22221
24084 45645
12981 12300
12443 10692
10517 4917
15703 20148
17209 24711
13771 14406
12700 11172
19472 31509
25021 47844
14276 15603
11360 6843
20729 34962
17520 25404
25432 48762
18049 26637
15366 18582
30349 63549
16411 21741
17662 25143
23692 43260
17844 25716
11277 6003
13107 11466
13186 11442
11470 6294
17110 23205
23493 42360
22553 39549
27282 53427
12960 10461
10607 3384
24871 46197
23619 42465
47311 113304
11614 6078
14464 14676
14353 14343
19759 30558
31588 65775
20890 33708
15588 17781
15837 18519
21008 34032
32358 67773
11487 5142
16725 20847
27317 52668
28006 54708
16928 21141
33413 70695
32033 66534
11189 3951
11392 4596
23968 42012
22947 38922
20649 32046
29889 59766
29153 57549
16009 17802
30730 62010
10498 1251
20623 31635
21587 34590
21203 33093
20169 30009
17270 21294
23534 40077
13082 8739
14641 13098
27707 52314
20789 31578
25955 47073
27015 50190
18521 24426
27885 52521
26149 47319
34042 71007
16472 18282
23069 37836
25533 45198
19452 26919
15068 13776
27713 51759
16081 16551
22055 34437
30031 58395
25000 43293
22439 35592
29602 56823
16689 18021
19463 26370
12180 4476
26203 46581
15438 14016
33803 69093
15182 13227
18464 23094
19358 25722
16470 16773
26456 46767
17488 19848
20453 28740
19668 26370
29552 55764
35684 74196
30168 57624
23703 38202
26140 45513
42216 93477
25245 42519
34005 68814
13380 6939
17080 18012
27693 49551
17560 19179
25533 43083
17702 19581
36061 74658
25325 42174
11511 651
18944 23007
20839 28683
25064 41376
12263 2625
28347 50958
24405 39132
16050 14007
42485 93399
19372 23706
14992 10584
27528 48168
38554 81291
13036 4662
21377 29385
34607 69132
40517 86841
18429 20559
35675 72369
12433 2256
21498 29469
21724 30162
29481 53445
22028 31083
28324 49644
53134 124137
16387 13806
20902 27399
21718 29862
12559 2052
37387 76578
21995 30384
18275 19200
14307 7287
39237 81849
16813 14493
16808 14517
30412 55347
21465 28485
28520 49404
24788 38118
19304 21687
15988 11739
32457 61155
23138 32886
13328 3429
19213 21114
25213 39141
15344 9504
22876 31836
15512 9720
42504 90705
27217 44808
14571 6897
22808 31287
19700 22017
12522 423
20686 24939
35784 70251
15691 9645
22785 30984
33278 62415
19958 22449
24677 36630
26124 40644
18703 18363
14716 6432
24602 36114
34907 67023
30768 54312
14846 6501
36409 71280
18369 17115
13745 3192
14789 5985
19348 19707
42830 90207
22854 30255
26484 41145
65591 158190
18118 15708
24072 33588
40516 82977
22821 29817
30954 53979
26381 40251
17281 12945
23114 30459
29430 49380
32578 58551
30796 53163
17270 12591
28010 44811
15979 8682
16072 8691
32142 56901
13463 828
61068 143715
17001 11484
23036 29289
29883 49848
50971 113151
22731 28338
42949 89055
31119 53247
23695 30978
14205 2478
17272 11709
29774 49206
25165 35148
29337 47610
24787 33915
49753 108885
15217 5196
24060 31452
29384 47499
36226 67980
18355 14322
22080 25506
41703 84081
47627 101853
15795 6360
14537 2556
16444 8313
48103 103008
47802 102141
24445 32007
20464 20082
26461 38103
30102 48750
31879 54027
20000 18366
17539 10980
14946 3246
25100 33393
42993 87063
20408 19278
22147 24540
27292 39951
48923 104595
30795 50193
17985 11763
25648 34743
16719 7947
22228 24150
17503 9981
18806 13893
16955 8340
34656 61422
23455 27510
49945 107034
33382 57327
14453 516
15603 3972
31772 52218
31861 52503
39082 74148
43445 87219
31336 50883
38361 71709
32923 55332
23341 26595
19641 15498
19380 14697
24884 30927
53405 116550
29050 43425
42484 83760
15932 4059
51023 109086
29372 44124
25286 31821
40279 76803
30943 48855
22598 23529
20163 16146
18716 11820
20911 18408
46492 95184
26851 35982
39729 74586
38583 71124
26904 36087
24989 30315
45592 91860
43652 86082
20530 16629
44956 89988
35499 61605
36314 63741
16333 3783
37824 68217
45646 91719
22508 22296
26735 34731
40052 74685
31890 50142
21120 17841
25656 31449
43112 83502
35149 59667
21490 18615
47831 97737
21099 17469
45291 89775
15991 1854
66694 153990
16623 3726
18283 8697
17653 6507
37319 65532
35524 60207
22521 21135
29496 42069
33969 55215
31787 48645
23616 24114
17195 4833
33328 53277
37561 65691
38050 67134
32537 50583
29409 41229
51667 107991
29952 42555
26145 31098
19582 11394
32130 49107
24170 25209
54117 114714
28949 39246
23913 24096
27849 35964
29792 41769
28847 38604
30496 43596
43762 83415
26569 31800
32001 48084
25874 29397
24067 23994
58107 126111
20069 11946
32850 50340
31192 45042
51559 106194
20008 11487
31837 47004
46510 91023
42945 80043
32795 49611
22421 18444
16846 1710
23971 23103
39588 69654
40483 72333
33210 50520
48284 95760
26470 30282
27322 32568
18335 5559
19637 9474
32448 47907
16853 1113
47473 92721
41291 74202
32618 48153
21389 14433
31039 43392
51155 103473
36384 59142
39505 68514
33316 49914
29041 37131
42031 75822
21627 14538
29848 39252
43046 78855
19552 8337
29748 38634
53921 111210
32223 46077
41661 74331
53479 109848
41084 72381
42074 75303
20276 9891
25817 26514
28781 35415
27956 32643
36281 57663
19982 8691
68970 155766
23120 18159
25414 24714
46718 88653
18097 2736
38601 64293
23069 17700
42913 76947
41691 73272
51206 101817
51400 102402
33873 49809
23979 19809
47614 90759
30447 39204
49960 97800
30563 39591
39458 65994
34054 49773
47948 91434
33433 47844
38669 63624
27898 30996
29469 35682
57741 120561
24246 19992
42235 74043
43170 76563
21818 12429
29944 36813
42654 74991
29545 35637
31247 40389
22515 14199
26158 25203
20749 8892
40096 66954
65555 143109
25604 23211
66056 144576
26557 26055
38200 61008
38725 62286
34393 49269
43496 76551
61295 130023
31452 40413
22163 12288
47402 88008
18881 2418
32516 43332
28586 31530
47351 87582
49839 95019
54535 109086
27017 26523
39485 63963
44268 77997
33271 44994
18781 1506
43778 76578
41823 70689
18415 63
19842 4419
52885 103566
36577 54630
42199 71505
60230 125310
72160 161124
57890 118308
53412 104829
43544 75249
22025 10341
72056 160497
34544 47907
30048 34416
55804 111711
48440 89331
23726 15159
27068 25203
30562 35679
26838 24513
40390 64845
44656 77649
28168 28149
41882 69321
21641 8568
52554 101070
74924 168180
25452 19710
38311 58332
22296 10308
27274 24912
26376 22191
30466 34455
67718 146283
42938 71925
36960 53682
42204 69396
29755 32076
31492 37296
47016 83832
54897 107217
34691 46530
41110 65865
21418 6738
39494 60939
21952 8028
34511 45771
22447 9498
26456 21576
32635 40098
48884 88572
34536 45471
38138 56331
34098 44196
29415 30165
24091 13857
44175 74136
22700 9672
43919 73359
32518 39153
37639 54183
55021 106401
35791 48693
79741 180531
23152 10764
33123 40353
50591 92799
40270 61782
24817 15468
40430 62289
29689 29760
36440 49977
57876 114336
33420 40968
43748 71901
41328 64338
26917 21180
22628 8238
21690 5406
54772 104691
39163 57579
32114 36432
26328 19059
35522 46638
52022 96147
25525 16356
33529 40398
58776 116127
61558 124494
32299 36705
38743 55713
38707 55602
32981 38424
50409 90726
23169 8979
42928 68028
77919 173004
34349 42276
43122 68586
32287 36054
46406 78126
29377 26985
26854 19443
48313 83802
28339 23925
23636 9465
35129 43986
59470 116994
31193 32160
37680 51666
41429 62559
24507 11787
27082 19536
37598 51093
48977 85251
43578 68742
34705 42096
47310 79914
30099 28287
80969 180951
40815 60108
47181 79215
28776 24030
37874 51321
51168 91206
52129 93798
21562 2049
36283 46221
45991 75363
47376 79509
34311 40014
40260 57852
41998 63066
57803 110499
31019 30111
63329 126804
39877 56421
34648 40734
41760 62070
37257 48543
69352 144522
73070 155694
45456 72849
39217 54135
25013 11541
50255 86964
25450 12531
70674 148224
36798 46605
31408 30423
22218 2508
39729 55080
49237 83586
26199 14445
26751 16143
37892 49284
29146 22983
40371 56730
28251 20337
53800 96993
35871 42951
37633 48153
22695 3375
36383 44430
22215 1902
31361 29121
24130 7326
41199 58599
58728 111174
30325 25947
21966 555
44077 66915
61536 119307
53731 95868
22617 2541
47998 78405
22975 3279
48651 80316
52034 90519
42399 61605
22371 1176
61023 117177
43026 63153
24536 7683
27052 15213
42946 62610
46125 72159
36559 43452
45852 71376
65814 131253
38080 47721
58369 108624
38838 50004
109954 263391
65681 130563
43045 62319
38203 47790
42279 60027
48190 77751
31729 28377
38888 49548
73375 153015
68860 139491
52642 90834
29128 20301
80078 172851
49984 82533
47008 73623
54913 97368
73211 152259
45903 70038
33230 31992
48674 78276
44780 66657
40537 53901
32462 29358
39713 51078
68946 138858
79209 169662
49504 80520
57287 103572
45718 68862
27074 12894
25312 7590
35402 37881
54787 95754
36644 41286
47793 74742
33733 32574
46270 70212
24608 4881
38235 45795
61902 116796
96272 219897
41787 56463
50205 81453
90521 202407
31350 24804
50028 80892
91212 204474
36068 38685
33181 30015
24711 4614
27846 14001
45101 65787
95333 216210
44216 62820
45555 66876
47970 74112
45012 65181
23927 1617
44940 64713
41397 54030
56208 98568
50603 81708
67934 133419
66202 128196
80809 172008
24078 1788
78882 166275
41268 53103
37540 41895
46236 68028
39083 46512
59327 107289
33254 28734
38864 45612
43021 58065
28637 14847
48850 75549
43066 57873
43620 59526
24569 2406
27060 9846
57070 99900
34249 31131
89713 197541
33584 29133
41111 51732
60082 108636
40661 50037
38019 42150
86253 186876
30552 19782
39093 45369
33486 28230
24225 402
42240 54549
25229 3423
53969 89691
39126 44844
37590 40251
31938 23259
29282 15300
32660 25500
63231 116850
41946 53049
40648 49128
25140 2568
48421 72525
42269 53682
47612 69717
40852 49467
49279 74691
25550 3522
42452 53919
66327 125616
103453 237021
61458 110967
42347 53607
44000 58281
51900 82011
54309 89211
38494 41766
62426 113595
112296 262896
47069 67218
47885 69636
34094 28254
53268 85806
39428 43950
38535 41298
33123 25035
79056 162870
28301 10548
51023 78450
55033 90489
77762 158685
33578 26163
32402 22596
81574 169830
46547 64731
45673 62118
33283 24906
71994 141108
73629 145644
66085 123054
26210 3402
53782 86145
50485 76236
75139 149916
69683 133542
79376 162609
94079 206700
29632 13386
44937 59019
38643 40137
32413 21420
63069 113397
38186 38775
31839 19389
67233 125601
75427 150219
42033 49971
109006 250962
73642 144546
46385 62757
69218 131274
44293 56451
74836 148119
29521 11853
27431 5559
62362 110421
60617 105123
27934 7092
33601 23760
54180 85533
112931 261837
100899 225735
58829 99468
46069 60915
55881 90390
54593 86523
56410 91914
29675 11733
100061 222585
39351 40419
30844 14922
86937 183219
63006 111411
36280 30894
65569 118788
80981 165069
51150 75552
82436 169437
39404 40005
41075 44982
51072 75018
65841 119322
75717 148923
36484 30933
70524 133116
63310 111411
26545 1098
69671 130515
68782 127518
40994 44172
64503 114738
58439 96510
34698 25296
34785 25212
42512 48456
59713 100041
40830 43407
58462 96267
44683 54615
37203 32163
54097 82848
72833 139110
74093 142917
38373 35391
62154 106728
36131 28650
39000 37272
66638 120225
29232 7671
42533 47616
30232 10635
96817 210459
44427 53274
35755 26922
49264 67473
54521 83226
65328 115683
64064 111903
54757 83646
32639 17253
42055 45528
44532 52950
36796 29787
60726 101232
99901 218823
95339 205152
53011 78114
100737 221313
52317 75714
43455 49122
42084 45036
68839 125334
36598 28596
55394 84630
83809 169983
52969 77397
41271 42294
28830 5001
27560 834
44911 52932
38837 34692
57023 89250
34218 20835
33905 19578
35318 23853
34477 21333
69393 126087
70808 130305
56865 88257
78736 153837
76750 147912
61899 103326
35530 24171
48610 63093
39565 35940
38243 32001
100358 218394
30872 9888
66110 115323
46193 55542
46151 55398
55062 82194
44654 50952
34318 19653
66188 115227
60058 96894
106735 236967
31677 11715
66203 115026
30367 7455
50178 66924
125867 293991
60620 98241
59907 95829
37937 29886
50806 68493
60818 98547
88404 181341
48384 60924
88092 180111
38828 32256
86447 175170
68176 120318
52487 72960
76819 145932
76678 145554
80712 157626
60104 95784
63113 104541
59534 93756
102444 222579
51468 69603
52548 72828
53488 75363
79848 154437
31144 8307
46864 55473
39088 32163
60958 97455
42552 42240
49322 62574
56888 85272
45802 51951
90338 185367
56757 84546
67426 116607
35471 20706
98668 210303
75261 139764
78553 149670
101894 219702
31972 9870
34060 16170
53796 75081
33594 14463
35002 18699
63424 103962
73201 133314
63593 104151
74564 137064
83013 162450
49154 60825
57933 87201
77890 146751
40087 33324
56708 83178
54465 76476
72954 131952
90383 183942
42086 39078
68463 118218
49969 62697
56810 83247
73861 134103
35075 17682
68788 118881
72214 129141
58559 88176
51185 65709
44462 45540
47118 53583
56454 81552
70435 123486
87685 174972
55254 77643
60776 94248
66422 111123
54920 76662
79534 150258
39627 30465
40996 34554
75365 137676
34425 14832
39301 29223
42224 37917
38457 26679
49941 61077
42078 37500
41439 35328
95765 198306
68000 114981
59449 89310
37183 22524
61051 93846
53640 71595
39520 29208
55645 77637
44652 44640
60048 90519
112182 246909
37701 23475
69447 118767
112225 247101
39614 28968
59925 89883
84416 163374
43442 40425
35621 16926
52141 66234
104099 222117
36190 18354
115899 257514
47430 52056
70593 121242
43973 41427
32619 7323
67491 111930
50859 62058
68040 113367
52306 66072
64886 103842
48625 55077
73049 128346
32861 7485
77881 142506
74050 131022
60810 91329
59586 87678
50578 60354
38365 23670
88678 174597
53097 67902
87985 172563
37542 20919
68942 115143
38127 22743
49706 57390
55316 74193
99753 207285
72088 124245
31339 1983
31777 3279
58489 83412
50217 58341
53211 67341
53109 67017
127256 289512
45301 43575
61997 93381
35402 13560
48597 53172
88178 171909
41523 31986
115289 253032
33127 6462
50703 59181
86704 167202
62830 95643
60564 88464
50013 56841
37675 19797
86414 166017
118019 260895
84552 160149
97412 198735
54455 69858
81494 151029
36352 15564
88897 172899
40174 26712
36749 16401
81669 151233
91930 181980
95184 191481
42669 33897
93710 187056
61259 89694
64704 100029
76737 135819
52085 61836
86031 163728
107926 229404
66684 105633
83537 155967
63754 96561
65190 100854
55549 71919
79336 143298
64025 97032
38242 19710
82526 152562
59448 83334
52018 61083
68790 111045
90765 177021
50678 56691
115327 250665
67964 108564
65740 101583
59932 84159
76478 133845
67707 107541
53013 63414
56171 72567
51848 59628
40286 24912
33090 3309
54151 66525
39742 23034
65223 99441
35439 10101
63419 94047
55688 70884
96581 193287
123342 273498
124293 276396
66054 101634
68611 109317
56108 71526
84653 157185
33521 3708
90120 173532
46145 41610
56881 73554
48240 47622
89375 171042
70222 113610
93807 184350
81827 148092
41636 27507
79013 139686
103198 212220
75966 130515
33147 1713
42597 30045
81204 145911
51497 56790
81563 146979
57884 75687
34387 5115
69391 110136
74406 125208
52164 58485
84350 154767
38287 16533
80588 143445
38278 16545
76534 131301
102696 209490
50278 52182
45683 38433
64263 94170
57463 73764
117282 252954
54106 63483
35205 6753
68394 106275
84908 155808
47669 43770
71148 114243
68631 106677
91379 174945
34750 4998
52115 56853
57192 72066
63146 89928
65421 96762
44112 32826
84181 152736
82233 146901
75738 127413
40615 22044
86676 160254
43019 28977
44103 32154
42868 28494
44986 34887
63554 90543
51286 53451
62941 88425
42131 25974
43641 30486
59936 79389
86476 158748
38962 16185
57710 72414
40150 19695
57458 71667
53088 58227
75681 126045
73010 118020
51353 53031
45807 36411
89594 167511
60148 79116
75037 123765
53118 58011
85639 155607
39090 15645
90909 171090
52315 55353
56438 67722
112277 235239
97966 191997
65887 95760
53021 57156
39568 16785
39745 17352
52971 56685
88710 163938
48027 41865
49408 45990
68884 104424
48889 44187
119746 256812
71619 112374
81934 143283
73043 116628
87883 160860
68306 102135
64953 92058
50506 48681
104424 210537
48741 43086
75130 122301
45825 34401
91739 172107
88868 163476
100871 199221
87253 158385
49635 45522
64811 91068
37636 9507
56157 64773
53068 55494
150860 348924
87450 158634
123609 267174
70251 106734
62743 84213
36616 5829
52978 54915
49135 43380
36233 4353
87821 159198
88284 160545
46669 35673
82089 141951
36802 5805
114135 237795
46446 34722
94012 177438
65838 92958
62236 81798
49407 43305
93714 176244
84704 149220
46983 36021
91074 168015
64909 89508
71577 109494
60442 76092
134494 298308
65021 89535
86384 153645
102701 202656
69573 103191
61347 78531
46566 33873
50497 45672
132590 291978
102858 202773
79093 131523
40588 15636
41247 17607
66470 93273
79528 132483
70159 104394
78446 128967
105633 210483
53122 52974
104467 207009
51278 47424
57602 66078
69232 100971
46852 33813
42584 21000
68956 100131
57750 66204
54652 56955
59307 70878
47288 34845
37338 4986
138393 307926
42267 19467
85567 149439
82631 140601
69965 102579
71449 106740
96878 183051
71974 108330
64003 84429
55799 59778
83079 141303
74349 115140
86096 150399
72578 109818
37523 4635
55159 57258
83769 143097
82629 139740
60156 72231
65786 89175
113616 232386
55221 57126
72064 107646
95678 178527
50942 44310
154338 354216
89944 161061
59669 70206
79151 128661
55983 59130
93835 172368
113174 230439
64872 85506
55366 56979
53669 51909
74599 114351
64949 85404
55044 55731
95617 177414
44706 24711
46979 31245
56487 59742
74894 114999
94282 173193
72840 108813
66489 89484
36805 360
105946 207795
70556 101688
75324 115956
85526 146289
75747 116922
49923 39489
51739 44943
84207 142293
49957 39270
157525 362004
82419 136683
55633 56325
47138 30780
120451 250446
50413 40350
44322 22056
82263 135888
40314 10032
54889 53439
63425 79056
125300 264729
155284 354687
43858 20358
45161 23946
57431 60774
55619 55365
58616 64350
140023 308577
129355 276300
38183 2703
54696 52296
190190 458796
136234 296919
85687 144978
74439 111207
40270 8685
76912 118629
49358 35910
132709 285774
134065 289821
98698 183702
126708 267771
52176 44127
105216 202965
50653 39216
49612 36129
108279 212118
81665 132366
43765 18294
107383 209175
68488 92427
110134 217374
66735 87144
75137 112137
39438 5007
85227 142389
89163 154224
74627 110562
62646 74319
42123 12723
41516 10938
95069 171597
99927 186171
82103 132384
49881 35760
101818 191553
53374 46206
49895 35757
49950 35640
74423 109089
123436 256089
88165 150294
119135 243168
87812 148908
89860 155097
118006 239520
127233 267210
94222 168114
63466 75579
44949 20022
92740 163431
41907 10905
108151 209646
48199 29469
71394 99090
65828 82410
62939 73698
111238 218661
46963 25434
66675 84606
67386 86742
97350 176649
86035 142686
114449 227640
46715 24420
40341 5307
45839 21771
127824 267780
62431 71247
38703 30
104829 198498
96878 174696
40460 5328
83772 135024
110181 214236
65807 81123
58517 59241
87662 146688
70821 95874
79707 122505
68282 88230
74601 107202
96268 172197
124773 257439
55845 50619
71848 98670
64454 76443
96187 171681
47114 24096
79021 119847
119351 240897
47742 26019
83296 132723
43058 11610
58997 59436
39372 564
134504 285996
83327 132474
46056 20367
46388 21339
131207 275820
59524 60798
64267 74994
79659 120867
47971 25848
50037 32037
108625 207795
104033 193998
60016 61641
104620 195504
49184 29160
61417 65814
143317 311559
55626 48159
174897 406029
61784 66633
67821 84789
48605 27123
69113 88410
60215 61671
47201 22584
68313 85911
46807 21447
66242 79371
106882 201330
112666 218700
125890 258414
116527 230253
41973 6285
41469 4773
80560 122064
58487 55854
50657 32409
86540 139731
65414 76359
79156 117579
50830 32598
49742 29271
139116 297150
94110 162147
52154 36243
76828 110301
41255 3564
49731 28677
141190 303072
87581 142260
51096 32778
61881 65154
70956 92034
82572 126951
124578 252996
179411 417450
53626 40104
80521 120483
58813 55296
81507 123411
76768 109167
43681 9906
63167 68136
46758 18855
57915 52317
78779 114927
116297 227517
91053 151479
140623 300195
44266 11079
77752 111591
79116 115602
76086 106248
54352 41037
97327 169983
42529 5595
111392 212184
45369 13791
109945 207537
74687 101724
120762 240012
152106 334035
113921 219102
78158 111831
180065 417585
63263 67161
118947 234258
161044 360252
142641 305103
49262 24888
54636 41007
43526 7635
87633 139716
85147 132225
53721 37935
119328 234801
45649 13737
79173 114063
43415 6690
49643 25422
138833 293001
143595 307302
87792 139557
55879 43785
49231 23883
73805 97596
100162 176694
87294 137754
79606 114720
122598 243696
64400 69090
112782 214284
166637 375558
86693 135690
104746 189873
61275 59415
127491 258039
83434 125610
80243 116037
91843 150831
117204 226965
45563 11997
90922 147747
84892 129633
79863 114570
46181 13527
60948 57816
67548 77316
121023 237771
106258 193458
109235 202422
95733 161901
44186 6960
116696 224505
52975 33300
64944 69243
103136 183837
56677 44106
161333 358074
44578 7779
70149 84510
100139 174507
129236 261561
98594 169602
100478 175236
91579 148545
63904 65514
90351 144528
51353 27540
93792 154875
76475 102897
89660 142452
82966 122100
67138 74607
74726 97344
77690 106272
53993 35151
43830 4335
84724 127056
128733 259146
95540 159510
80709 115026
135966 280533
88773 138930
124386 245802
110013 202641
162797 360981
63592 63084
118759 228576
97134 163677
58070 46500
48678 18318
105820 189468
67955 75822
62209 58617
117312 223992
58225 46638
116348 220773
97486 164157
73581 92472
67867 75321
91042 144789
118438 226677
55278 37218
54617 35226
84991 126366
44003 3372
80735 113307
79044 108216
126687 251196
111890 206814
51582 25845
104335 183759
60830 53256
49905 20454
69240 78549
58454 46152
69538 79086
121036 233634
106310 189486
50495 21975
67996 74472
128378 255318
80128 110613
72274 86994
87480 132612
127831 253701
123604 240687
92574 147624
45912 7599
76994 100884
122215 236598
48174 14112
97806 163044
96300 158511
47610 12423
78417 104841
201672 474354
107190 190824
108838 195822
98581 165045
99313 167238
64119 61341
78455 104403
81451 113343
141753 294279
78887 105687
68654 74652
130320 259704
85067 123900
49952 18546
94128 151110
73630 89265
64231 61086
111185 201945
103030 177471
48608 14181
132718 266298
52305 24969
98027 162207
108520 193677
74738 92307
105787 185124
50256 18549
50160 18225
62028 53868
66914 68568
193169 447006
164782 361866
56567 37182
49755 16776
52997 26475
53711 28263
153708 328335
48855 13746
58766 43491
50794 19602
123618 237783
57632 39750
99417 165159
111999 202899
135068 272160
68272 71424
117061 217773
55411 32814
62891 55293
103206 176235
95930 154062
102243 173010
93790 147681
68620 72114
53361 26373
76101 94302
56591 35790
51602 20772
55410 32247
82296 112869
44799 6
66407 64911
152885 324357
68038 69795
92858 144309
81955 111258
133834 266928
111111 198705
104849 179919
180792 407847
83763 116373
86701 125232
84440 118386
79190 102681
125671 242088
97045 155916
81699 109851
137232 276495
47371 6888
96223 153462
62613 52338
130627 256419
95198 150111
60020 44577
66358 63546
86237 122868
88216 128838
77696 97269
49237 11883
72498 81711
55636 30771
50839 16383
84612 117726
84925 118746
68821 70374
74772 87888
46141 1989
119214 221241
115843 211101
51594 18372
100731 165483
53296 23181
45622 96
81396 107469
159924 343047
66107 61314
147376 305211
186762 423321
123013 232047
123199 232578
62403 49899
90267 133473
46957 3525
66035 60795
140673 284766
47714 5517
132644 260331
83971 114303
62809 50781
72588 80121
103050 171207
148625 308019
113389 202293
54624 25965
55112 27393
83179 111363
49629 10677
64073 54018
144733 295971
63973 53664
82753 109770
50414 12771
121666 226509
92518 139065
73209 81126
107289 183102
47647 4086
155639 328107
80711 103332
48319 6120
135940 268710
63987 52851
97127 152253
50613 12765
80264 101709
65041 55704
114778 204915
165119 356001
101440 164901
123194 230220
133559 260997
75930 88119
71849 75810
59923 40059
78038 94416
93157 139488
101454 164352
131150 253467
118716 216174
63779 51291
118354 214779
94285 142527
65877 57366
47639 2592
119821 219189
50634 11277
72481 76815
114114 201762
54834 23859
131556 254130
81157 102528
117726 212241
64820 53580
69818 68508
47243 792
58459 34167
50101 9075
158659 334776
252174 615384
112262 195588
141289 282357
114407 201759
101384 162654
52567 16131
84514 112050
96729 148443
82579 105936
114933 202953
185826 415725
123978 230127
107706 181017
120475 219351
81293 101799
127023 238950
50104 8175
81637 102483
146957 298515
114183 200130
137994 271593
160075 337824
48867 3876
98730 153465
78500 92799
61562 41988
138181 271851
76310 85923
79086 94275
99546 155601
87433 119265
76007 85023
48569 2361
100227 157356
153287 316617
58206 31311
64539 50319
92853 134943
117506 208944
173264 376293
81527 100938
93708 137481
217560 508797
72303 72981
86553 115749
68273 60903
54879 20721
78393 90942
77369 87927
67325 57804
50532 7386
99166 153270
64207 48129
102320 162477
93187 135072
57036 26589
114320 198468
58261 29991
71010 68220
81515 99729
51895 10887
65853 52743
126518 234465
142370 282003
80820 97317
72639 72771
103392 165069
137721 267789
102128 160986
98305 149487
90870 127185
126960 235488
51954 10125
64410 47514
83281 104124
60840 36840
157790 327681
95501 140475
107348 176043
101665 159006
82080 100230
126744 234249
84285 106548
73412 73926
94336 136689
114802 198108
68238 58404
148764 299730
77832 86850
171239 367146
178747 389649
75244 79161
80964 95958
96874 143676
119131 210465
100374 154167
100372 154197
117468 205221
60336 33798
69874 62385
104506 166299
120365 213885
64654 46497
232051 548700
68835 58968
139750 271797
124122 224832
78974 89115
74141 74625
98277 147039
86758 112473
51358 6258
114867 196503
51483 6321
94381 135096
152349 308994
149408 300159
76316 80520
176617 381504
85697 108717
50031 1665
69727 60753
59792 30705
54509 14811
80159 91797
55835 18786
64573 45054
67313 52941
75025 76104
54427 14253
101724 156144
131902 246750
148117 295044
53740 11892
76292 79566
105775 168036
105686 167751
111845 185925
82191 96954
139621 269289
63041 39534
77509 82884
106676 170112
128530 235716
136218 258753
102860 158661
120012 210138
