598 447
663 516
691 510
653 492
595 465
1345 936
1331 927
1358 954
1334 945
1215 861
2030 1455
2003 1371
2090 1503
2006 1449
2014 1395
2730 1854
2696 1761
2689 1773
3039 2091
2759 1848
3751 2538
3742 2628
3539 2379
3343 2187
3890 2664
4425 2982
4456 3003
4435 2985
4088 2658
4341 2946
4922 3162
4978 3240
5317 3621
5129 3420
5136 3387
5847 3870
5881 3963
5947 3903
5639 3585
5712 3639
6674 4302
6882 4440
6749 4410
6754 4434
6500 4248
7616 5019
7524 4911
7526 4836
7310 4734
7621 5013
8561 5715
8200 5247
8106 5313
7678 4818
8156 5310
9155 5940
9085 5934
8984 5805
9075 6009
9134 5937
9882 6378
10072 6552
9951 6462
9671 6255
9934 6444
10707 6972
10220 6564
10679 6921
9125 5616
10854 6999
11485 7494
11158 7221
11359 7326
11582 7512
11704 7677
12058 7722
12301 7818
12380 8013
12273 7923
12209 7863
12841 8289
12960 8325
12848 8286
13305 8622
13152 8448
13477 8496
13921 8820
13610 8589
13691 8637
12426 7665
14617 9432
14733 9351
14876 9525
15084 9744
14618 9411
15664 10056
15550 9999
15271 9705
15628 10035
14545 9291
15856 10083
16524 10530
15769 10053
14950 9324
16453 10281
17012 10881
17032 10776
17224 10926
16198 10080
16055 10077
17663 11217
17879 11274
17837 11310
17834 11250
18341 11856
18068 11340
18965 11952
18780 11916
18640 12024
18719 11757
19562 12441
19421 12312
19064 12177
19436 12492
19394 12273
20269 12855
20418 12855
19703 12474
19972 12540
20460 12906
20877 13086
20789 13158
20100 12438
20753 13251
21065 13320
22145 14103
21708 13596
19930 12405
20535 12750
22093 14070
22470 13896
22609 14301
22900 14502
23067 14625
22580 14253
23697 15150
23946 15099
23483 14955
22771 14229
23740 15042
24364 15429
24209 15126
24584 15621
24097 14946
24337 15498
25419 16128
25007 15723
24620 15465
24482 15474
25188 16110
25735 16143
25092 15837
25994 16458
25566 16014
25394 16113
26788 16977
26473 16575
26433 16698
26999 16833
26622 16857
28364 17805
26317 16323
27490 17223
26654 16575
27448 17370
27562 17157
28032 17535
28773 18222
27659 17262
27975 17427
25983 15945
28981 18069
28897 17985
29625 18678
28508 17754
30086 18690
29308 18300
30459 19164
30070 18777
30254 18885
30562 19113
30684 19146
30645 19218
30858 19482
30513 19206
30930 19233
30951 19254
30070 18786
31500 19821
31626 19566
32420 20451
32169 19968
32827 20442
32249 20367
32823 20697
33004 20607
32773 20388
31935 19878
32980 20511
32592 20319
34041 20958
33434 21177
30856 19059
33960 21153
32713 20304
34426 21204
35295 22107
33232 20724
34432 21564
35229 22044
35769 22473
35619 22320
35618 22155
36216 22563
33727 20811
36334 22473
37088 23193
36299 22671
36624 22941
36599 22839
36997 22848
37445 23307
37607 23337
37369 23352
37108 23061
37773 23649
37622 23397
37143 22938
38731 24393
37972 23658
35699 22086
36620 22602
39254 24534
37799 23532
39244 24444
39301 24075
39567 24651
40055 25047
39925 24756
37400 23145
39007 24027
40846 25395
39979 24735
39245 24234
40084 25080
41828 26013
41423 26076
38820 24114
40792 24993
41270 25734
41718 26142
42061 26427
42372 26313
42069 26316
42644 26634
42635 26358
41745 25872
42625 26559
43042 26838
42883 26751
42761 26646
42862 26625
44084 27516
44284 27843
44002 27732
44473 27426
44801 27960
44101 27195
44803 27981
44371 27666
44921 27771
43530 26952
44901 27762
45179 27996
44383 27441
44657 27213
45690 28383
46668 29004
45268 28203
46418 28857
46179 28551
47306 29397
46743 29046
46640 29109
46585 29127
47463 29214
47674 29448
47221 29193
46761 29031
48538 29997
46321 28581
48823 30462
48507 30003
48196 29610
48235 30030
49125 30672
44677 27489
48950 30492
49328 30918
49360 30597
48218 29931
50931 31872
50238 31293
49553 30501
49934 31143
51474 32277
51648 32253
50683 31308
51616 32175
50570 31521
51821 32313
51031 31377
51902 32166
51808 32157
50971 31545
51937 32199
51750 31836
51953 32298
52451 32676
53207 33003
51245 31359
53805 33522
54068 33627
52983 32976
53726 33228
54581 34023
54415 33639
54491 33741
54289 33573
54113 33726
54729 33684
52303 32070
54598 33660
55039 34119
53266 32892
55897 34638
56286 34656
56297 35067
54520 33480
54999 33828
56709 35094
55846 34599
54641 33705
57789 35799
57321 35442
57023 35376
57969 35985
58206 36102
58302 36270
57152 35256
57863 35457
58444 36105
57620 35532
58225 35865
50982 31152
58829 36372
59050 36696
58455 36174
57978 35733
58900 36171
59930 36906
60211 37338
60629 37647
60520 37500
60115 37401
62099 38442
61195 37788
60918 37896
61061 37935
60412 37212
62650 38739
60695 37401
59052 36525
61842 38046
62535 38661
62577 38562
62280 38166
62512 38721
62038 38580
62128 38508
63530 39411
62342 38349
63917 39399
63720 39504
63499 39213
63770 39489
63027 39114
64134 40065
63360 39075
64814 39828
63589 39285
65235 40566
63464 39000
64655 40134
64129 39387
66665 41433
65861 40593
65511 40461
65662 40224
65069 40206
65814 40950
65072 40362
66370 41157
62595 38313
67344 41541
68028 42117
67503 41364
67154 41394
67291 41382
67278 41694
68636 42603
67796 41910
69497 42762
67339 41697
64813 40050
68155 42033
69427 42945
68095 41772
68689 42150
68623 42360
69789 43014
70241 43461
69406 42945
70271 42801
68663 42258
71278 43881
70568 43719
71007 43797
70681 43809
70798 43632
71905 43923
71211 44052
71315 43845
71878 44823
69951 42813
73150 44904
71549 43809
72589 44898
71785 44352
70998 43323
70928 43464
72031 44382
73057 44916
72935 44880
72290 44340
74361 45858
71602 43977
73742 45381
73697 45222
74056 45426
75139 46167
68058 41634
68020 41421
74874 45522
75270 46371
74331 45729
76144 46800
76002 46479
72774 44571
76059 46848
76391 46803
75882 46656
75814 46056
75785 46953
76881 47373
76971 47043
79000 48990
76843 47175
77238 47799
78074 48225
77897 48096
77522 47343
78596 48603
78505 48219
78396 48582
76419 46701
77643 47172
79517 48804
78741 48258
78082 47736
78759 48372
79544 48969
80268 49272
79134 48336
80603 49872
80507 49329
73108 44847
80450 49635
81242 50418
80649 49545
82162 50754
81694 50406
79869 49266
80442 49239
80561 49533
82512 50586
80590 49668
82323 50886
82445 50805
83026 50907
82613 50931
82214 50463
81629 50004
83189 51225
82612 50955
82091 50328
82976 50979
83628 51243
83545 51168
84045 51705
84343 51822
84551 52218
82819 50892
82936 50607
84737 52332
85888 52809
84637 51759
85293 52512
85517 52611
86204 53163
84535 51780
86567 53310
86547 53241
86684 53484
85871 52602
87816 54339
86612 53022
79026 48201
85755 52407
86763 53295
86832 52989
86441 53010
76982 46758
88094 54135
87072 53136
87738 53994
88793 54984
88008 53772
88028 54123
88961 54666
89706 55398
89642 55215
87905 53973
89465 54840
88646 54336
90287 55494
90441 55461
90826 55536
88798 54156
90282 55335
90725 55653
92349 56913
89048 54594
91250 55803
90752 55920
91987 56013
93086 57531
92148 56967
92082 56748
90851 55683
93564 57585
93605 57894
93563 56877
92714 56838
92882 57126
94544 58128
93835 57642
92669 56640
93824 57765
92240 56715
93275 57075
94771 57987
94354 57462
94647 58176
94181 57561
94270 58095
95628 58974
95232 58590
94387 57630
95205 58467
94230 57870
95638 58935
96392 59658
95651 58545
95624 58599
96867 59790
96117 58608
91085 55623
96660 59358
96174 58740
96219 59295
96040 58953
97078 59460
97376 59646
97980 60303
99165 61386
97944 59985
99926 61866
98373 60138
98414 60327
99177 60774
98974 60879
98380 59928
98854 60666
100212 61410
98465 60216
94951 57600
100391 61791
100413 61443
98784 60675
91532 55878
101007 62562
101463 62199
101453 62433
100185 61527
101559 62556
100407 61392
102729 63072
98588 60270
102040 62325
102639 62544
102830 63216
103853 63990
99689 60729
102982 62946
103629 63627
103216 63654
102087 63003
104550 64332
103727 63849
102725 62760
104703 64698
103604 63471
104259 64068
104196 63840
105551 64881
104758 64149
105701 64974
104224 64005
104191 63843
105917 65556
103384 63024
106829 65385
105903 65046
105992 64668
107587 66426
105229 64152
105863 64305
104709 63609
107162 65682
106387 65166
108062 66480
107618 66015
108916 66927
105932 64572
108065 66726
105403 64272
108438 66201
108876 66783
107048 65433
106259 65076
109620 67320
107985 66258
109696 67278
107694 65463
110231 67593
107346 65313
110751 67827
111093 67881
110523 68064
109384 66570
110582 67782
109140 66864
108628 66198
110510 67233
112357 69009
112259 68841
108024 65553
112225 68367
110577 68022
112313 68721
113833 69867
111681 68730
110492 67305
113925 69795
114453 70134
113340 69426
113452 69279
111375 68013
113965 69750
114104 70122
113703 69885
114389 70386
113438 69480
114363 69603
116412 71865
114760 70029
115310 70866
115340 70761
114064 70077
112054 68271
113377 69318
115440 70521
115777 71019
115903 71085
105168 64236
116943 71520
114872 70503
114847 70656
116714 71418
117433 71694
118579 72852
116872 71388
117860 71973
118829 72906
117456 71823
118057 72351
117215 71367
114726 70086
117936 72336
116633 71016
118802 72363
117045 70470
119007 72753
118821 72591
120845 73830
119921 73431
119053 72762
118429 72300
120313 73884
117006 71304
120785 74001
121722 74772
121063 73776
116970 70947
121916 74478
122012 74490
120308 73542
121915 74829
121107 74385
122366 74652
122220 74799
122666 75018
121849 74547
120064 73194
122586 75177
124341 76551
123884 75981
121199 74091
121691 74046
124684 76470
121615 73872
124683 76311
123745 75531
123823 76008
124034 75843
124163 75642
112897 68676
125821 76875
124842 75972
126000 77067
125132 76593
124498 75606
125379 76815
126031 76857
124428 75996
124389 75432
126386 77094
125728 77178
126482 77172
126718 77283
127106 78021
128031 78108
126955 77733
124441 75618
127669 77430
128102 78006
126452 77043
129304 78990
127273 77610
129176 79137
128939 78954
128401 78009
127393 77406
127858 78342
129126 78906
128224 78654
129469 78735
127762 77790
129791 79434
129077 78858
128305 78282
130753 79866
131094 80403
131631 80745
131057 80139
130962 79986
130635 79896
131909 81015
132574 81459
132079 80136
131522 79842
133890 82023
128730 78585
130616 79902
134480 82338
132773 81129
133339 81840
132666 81201
132058 80262
133924 81633
135041 82524
134143 82200
132686 81297
134417 81690
134858 82215
134796 82335
135031 82128
135323 82710
134400 81957
135105 82368
134547 81747
135183 82638
132968 80988
133157 81489
136626 83175
135277 82140
136868 83706
136614 83589
136508 83013
137811 84150
136952 83763
134471 81579
134166 81687
139145 84675
138863 84639
139146 85194
138853 84984
136741 83337
137735 83454
138126 84003
138245 83964
139110 84642
139682 85449
138322 84075
139184 85377
139251 84480
140622 85776
141363 86457
139444 85023
140677 85392
140997 85794
138266 84006
140170 85410
140682 85566
140325 85917
140704 85731
142466 87021
141020 86055
140911 85848
141433 85989
142066 86277
141859 86178
142491 87123
143256 87807
142276 87423
137460 82842
143082 87498
143254 87879
141613 86094
144032 87744
142829 87231
135775 82236
143883 87411
144865 88863
145652 88875
145189 88422
144057 87843
144845 88800
144208 87477
145443 88608
145441 88617
140091 85473
147290 90234
140244 85311
146539 89505
146412 89220
145537 88539
147374 90468
133873 81399
147425 90261
147156 90396
145151 88083
147185 89679
148137 90429
147874 90021
144157 88491
148047 90090
148010 90558
148709 90699
149020 91125
148162 90381
144454 87255
148127 90063
147352 89295
151104 92469
151848 92769
149525 91527
150943 91866
150411 91686
142128 86238
151323 92331
150684 91614
149566 90477
150803 92172
150541 92028
150084 91440
152900 92880
150836 92058
149801 90450
151868 92721
151751 92511
150993 91737
151253 92604
149041 90666
152912 93051
153863 93837
154304 93990
152393 92709
150254 91221
153465 93855
152784 92913
154506 94113
152197 92061
146893 89589
155308 95061
153107 93279
151443 92109
155548 95139
156001 95718
155886 94962
155777 94938
155259 94479
156497 95688
155564 94485
155967 94668
154704 93882
155483 94680
156460 95316
156289 95577
156909 95430
157350 96003
156656 95277
153066 92790
156946 95595
157302 96072
157956 96333
160165 97794
158398 96498
149842 90708
156769 95316
157921 95904
156873 94989
159145 96855
157431 95847
159202 96471
153150 92877
158450 96207
156360 94836
159818 97245
160941 98043
157971 95904
159851 97458
157946 95667
154691 94578
160641 97986
161483 98388
156809 94725
160742 97629
162511 99246
147511 89358
162061 98844
161740 98208
160963 97911
158458 96183
163080 99039
161632 98562
163518 99828
162533 98994
162026 98682
163553 99234
164691 100827
151863 91716
162473 98976
160455 97509
164670 100314
164717 100575
164255 100164
164885 100569
164808 100068
166340 101805
165539 101013
166540 101751
165128 100554
166304 101505
166268 101499
165242 100605
150874 91809
162783 99261
163364 98982
167201 101985
168040 102663
166356 100818
166959 101937
167199 101730
167444 101667
167597 102336
168232 102219
167486 101787
168110 102405
170188 103866
170339 104250
168893 102897
168633 102501
160730 97521
168903 102201
170175 104250
170180 103782
170655 104292
169937 103500
170168 103647
170503 103647
171316 104163
167945 102057
170091 103176
170411 104148
171589 104718
171916 105021
170969 104280
168706 102444
171568 104367
172694 105180
161135 97467
173311 105378
172358 105153
174136 106470
172781 105303
171727 104835
172270 104481
173881 106305
171634 104547
169676 103338
174709 106815
174106 106041
172380 104736
174613 106641
174477 106503
171346 103773
175596 107541
174846 106017
175945 106830
175035 106521
174664 106551
174907 106443
175157 106710
166306 100512
175291 106248
176759 107745
175205 106611
177931 108846
173780 105819
178475 109176
176488 107691
177115 108198
175951 106932
176388 107016
178812 108867
176610 107388
176496 107238
176780 107310
176562 106809
178137 108684
179481 109587
172468 104487
177650 108321
177955 108009
178540 109311
180172 109446
180464 109698
178604 108729
181964 110280
180580 110040
181032 110094
179613 109119
178574 108756
181311 110616
181012 110325
180837 109377
180134 108864
180993 109686
180187 109014
181053 109929
181554 110454
182117 110196
181848 110838
181099 109575
182715 111339
181176 110214
184271 112653
182000 110853
181887 110235
183607 111990
184291 112491
182847 110607
183823 111969
181843 110400
184593 112170
181386 109767
184418 112218
181885 110013
184642 111981
185627 113361
184544 112170
185374 112992
184011 112128
186654 113541
184786 111888
186321 113424
185974 113124
185468 112587
185888 112701
186978 113880
186593 113601
186033 113217
187110 113673
186823 114069
184726 112635
187925 114759
186239 112851
187978 114378
184258 111903
187026 113847
189281 114975
189557 116421
189797 115455
185058 112341
190281 115554
185115 112515
189661 115143
183754 111384
190857 116208
186845 113589
186859 113298
190937 116184
187206 113976
189234 115227
190795 116049
188688 114399
188561 114975
189012 115083
189155 114429
187449 114060
192578 117639
192962 117411
191989 116604
193973 117945
193891 117684
191122 115890
192882 116892
193206 117540
194637 118410
193880 118020
188745 114627
192060 116478
193530 117741
191624 116892
194333 118422
176276 106659
191484 115893
192901 117048
196536 119964
195006 118434
193740 117477
194981 118419
195307 118584
195475 118845
193446 117099
195933 118239
196031 119223
196061 119148
197445 119616
195118 118446
193082 117270
196718 119499
197518 119949
196743 119637
197586 120249
196046 118836
194420 117693
197186 119922
200101 122490
199187 121758
198935 120624
199090 120846
199362 121188
196000 119466
198514 120786
199205 121194
197923 119400
197328 119526
199062 120810
199997 121770
198956 121410
200425 122220
201537 122391
200760 121389
199714 121308
201658 122508
197933 119925
201580 122733
201416 122205
201443 122715
201021 122010
202234 122841
201360 121860
203988 124542
203052 123072
203401 123855
198510 120759
200229 121671
199002 120525
203311 123663
183711 111588
203539 122958
202674 123687
204088 123444
203755 124116
202261 122556
203722 123957
203243 123771
204511 124284
202750 123111
203749 123765
203586 123972
206564 125817
207337 126201
206110 125829
204857 124788
201461 122349
206742 125466
207727 126621
206111 124812
207196 126138
206567 125670
206944 125838
207224 125976
207317 126087
195774 118926
206939 125589
207688 125964
209942 128403
207839 126642
208458 126852
208739 127035
207369 125949
207817 125871
208815 126861
208849 127071
210018 127620
210312 127788
211205 129141
209698 127653
209950 127698
207841 126138
209972 127521
211486 129513
210407 127908
209884 127590
201332 122109
212101 129327
213223 129705
211198 128289
212193 128478
211939 128562
201379 121917
212812 129192
214179 130245
207748 125487
214085 130335
211153 127605
211899 128988
213617 129921
211709 128520
213363 129552
208759 126186
213435 129426
213581 129543
211455 128265
215107 131439
194530 117906
212466 129027
214734 130383
214788 130218
214523 130353
215292 130518
206450 125355
210394 127338
196130 118995
217349 131736
209558 127107
215742 130587
215453 130623
216285 131517
217079 132360
215119 130494
218262 132540
218589 133044
218097 132612
207841 125622
217795 132531
218277 132774
219356 133590
216412 131304
219109 133119
210366 126660
219405 133251
219915 133809
217835 132072
218006 131910
214767 130131
220262 134121
219315 133281
220459 133983
219364 133386
213999 128748
220187 133614
219541 133713
221856 135291
218551 132708
220372 133941
221580 134196
222416 135573
222455 134820
223100 135876
221702 135003
215892 130134
222005 134385
220683 133824
221682 134253
216697 131058
223098 135537
223525 135705
222007 134379
223874 135825
224603 136335
224157 136179
224391 136323
224841 137064
221209 133776
222821 135912
223719 135816
225865 137601
223350 134928
224595 136611
219807 132882
226331 137637
224836 136611
226941 137394
225184 136884
223601 135771
222806 135126
223427 135006
220917 133701
205687 124470
227721 138315
227422 138120
226850 137571
228214 138579
228051 139098
226825 136980
229301 138705
223962 135588
228390 139092
222122 134337
219163 132198
228777 138933
229522 139392
226194 137058
229187 139464
227252 137115
230537 139968
229329 139149
229920 139701
225176 136773
229893 139770
228636 138312
230097 139713
231844 141696
222526 134709
232141 140841
230082 139308
228656 138855
231591 140136
231890 141129
232048 140961
231957 141060
234336 142125
231767 140481
231403 139872
227305 137796
231162 140115
223669 135861
233640 142068
232528 141381
230663 140097
234276 142407
234889 142395
232953 140496
230485 138666
231717 139818
234725 141675
235527 142860
234889 142980
234656 142662
236424 143439
235948 142827
236741 144090
237204 144123
234806 142086
235358 142701
233176 140970
236170 143130
235316 141822
237607 144402
235692 142410
236530 143361
235765 142203
237892 144855
238813 145200
236797 143685
239282 145143
215722 130392
237263 144009
237165 144705
229212 137793
239633 145713
238376 144981
237944 143886
238309 144858
238627 144771
240298 145386
238966 144762
237744 143709
234046 141756
238895 144603
234314 141462
240309 145764
240588 146355
241196 146295
238870 144870
243633 148140
241501 147000
242434 147861
242464 147042
242076 147507
236562 143151
241861 146442
242025 146625
242256 146979
239506 144867
242675 147795
242527 147348
245147 148953
243156 147786
219440 132102
240227 145431
245196 149163
241405 146280
244611 148455
242262 146601
219259 132783
245666 149076
245433 149049
244451 148551
244161 147966
245029 148617
244471 147939
243118 146547
244997 148620
247660 150462
245543 148611
246604 150000
246673 150057
240754 145335
246744 149382
244539 148248
247269 149496
245408 149109
244738 147996
247210 149853
248550 151209
248453 150588
247670 150543
246905 149607
247301 149583
249593 151893
249002 151482
243244 146898
249851 151407
249899 151830
249125 151062
248779 150630
249614 151266
246443 149772
250966 152343
249183 151278
249761 151818
249582 151701
252013 153579
251009 152097
251454 152742
250762 151896
251700 152487
238125 143595
249632 150939
252493 152844
253582 153963
251573 152502
251974 153579
248867 150594
253684 153855
254858 154719
251625 151986
252364 152658
252962 153783
253780 153687
254437 154593
253745 153963
256234 155652
246480 149034
256419 155142
255841 155028
255594 154788
255867 156051
254305 154080
255391 154524
253658 154218
254014 154029
255653 155418
255971 154806
254063 154026
256121 155775
255824 155028
256400 155553
255857 154815
256760 155355
256160 156252
255680 154935
256760 155010
256351 155232
257130 155754
258005 156354
256585 155367
255752 155637
253291 153987
255377 154326
256982 155475
258733 156975
256757 155844
258909 157023
260666 158352
259421 157527
259625 157566
254003 153672
257824 155775
261400 158661
262495 159657
259277 157122
259529 157011
261030 158556
261313 158484
261011 157848
262312 159426
261266 159147
263204 159531
262439 159183
263721 160035
237521 143601
261685 158700
261217 158865
255936 154995
263573 159846
261871 159132
258454 155976
261820 158742
264236 160359
261847 158913
260372 157839
258685 156090
262365 159513
264802 160107
262142 158922
264259 160116
264211 159525
262671 158955
265894 161796
265959 161529
263060 159627
267244 162495
264687 160101
266327 161928
261856 158070
235302 141321
264408 159975
254244 153750
266632 161652
268138 162516
268496 163215
267190 161652
267823 163620
267619 162270
242348 145800
267103 161829
268624 162705
267563 161979
255931 154794
269813 163173
263054 159096
266202 161358
268985 162576
270341 163695
269056 162984
269418 163479
270215 164598
268290 162462
270173 163629
270910 164277
269943 164709
257110 155814
269710 163374
271242 164865
270448 163761
267780 162852
269970 163830
270091 163419
273798 166155
270611 163566
271895 165114
268171 162378
268270 162138
271212 164004
272872 166281
273516 165435
272664 165189
270795 163614
275569 167307
271199 164712
272250 165075
273552 166131
273458 165486
273926 165954
272878 164961
274031 166062
273320 164757
271963 164889
274033 166374
276781 167676
275773 167265
272756 164973
275941 167670
277453 167895
274389 166584
276519 167526
274568 166095
248270 149556
278387 169032
276257 167523
275981 167052
275812 167826
277198 167634
277906 168081
279671 169998
277476 168279
277579 168297
276574 167340
275308 165936
277086 167550
278912 168978
278799 168651
270942 164025
278962 169344
280050 169563
268517 161652
280296 169608
278765 168636
282608 171285
280234 169623
279266 169092
277776 167763
280418 170127
280670 169830
281064 171123
281602 170793
279818 168981
283325 171849
281442 170781
281691 169995
281659 170808
281162 170058
281014 170124
283708 172125
284091 172278
284683 172794
281464 170457
282761 170814
281431 170586
283872 172143
283188 171063
284125 172422
282514 170466
284963 172872
284043 171702
276971 166986
285518 173328
283131 171465
285666 172488
285912 173157
287529 174084
283944 172110
283966 172233
274222 165429
286731 174351
287685 174066
285990 172503
284327 171480
287772 174282
286670 173343
284989 172248
285724 172479
279946 169182
287021 173979
287441 173655
290812 176595
288415 175296
288556 174957
284767 172323
289103 174972
283591 171147
288848 174378
288995 175170
287232 173076
289780 175908
290785 176628
289127 174840
289140 174750
288446 173460
290084 176310
285021 172302
288720 175293
263337 158601
290826 175476
289115 174720
287641 174117
291586 176406
287996 174624
291833 176523
293896 178089
289187 174453
291559 175773
295198 178941
290661 175830
291668 177354
292138 176358
292850 177261
292647 177774
293090 176952
293615 177513
296264 179430
294106 177846
293283 178443
291888 176781
292925 177723
295196 178890
293698 177000
295137 178218
295650 178290
295438 178788
295441 179286
294704 178542
294109 177615
293771 176928
298165 180621
294444 177642
296982 179355
295483 179190
297594 179688
293929 177939
294822 178233
298020 180879
297883 180483
298225 180441
299486 181218
298001 180618
296248 179208
292770 177135
299629 181659
299389 181134
298584 180714
298283 180645
294171 177432
298484 180453
299506 180831
298503 181677
294318 178389
298325 180825
299961 181830
297744 180216
300152 181488
300525 181344
299424 180258
286251 172185
302713 182997
302721 183480
295089 178578
295646 178755
303275 183996
298528 179814
300534 182364
301443 181878
302031 182706
303271 183561
304333 183909
304747 184290
289191 174237
302567 183507
300807 181581
304739 184797
301265 182277
303496 183252
303546 184179
301934 182277
306423 185640
304359 183720
301214 181551
301550 182679
306396 186222
305851 185028
305287 184476
303670 183831
305749 185340
302014 182205
308565 186789
307244 186117
305007 184335
304393 183720
308057 186900
307861 186318
304106 183462
305278 184893
307717 185829
309936 187965
305556 185274
307741 185928
308231 186786
306674 185577
308424 187038
308714 186864
309884 187515
307600 186504
307377 185832
309302 187053
308443 187398
309642 187359
310275 187572
310171 187563
307832 185169
310146 187014
312386 189123
309332 187176
309524 186621
311205 188082
312246 189390
310208 187173
310561 188106
309471 186879
312111 188829
306248 185367
314082 190128
311245 188478
314285 189489
312819 189900
312335 188256
306324 185052
312722 188940
312899 189510
313797 190068
315519 191070
311891 188337
314265 190455
311097 188277
315377 190650
313114 189189
311667 188322
310784 187017
314899 190866
314910 189906
314050 190116
313193 189555
315476 190329
301043 182034
312347 188364
314075 189423
318417 193080
317428 192213
317806 192765
317690 192576
315624 190149
314866 191019
315249 190374
317172 191484
315669 190497
319375 192909
317917 192546
317817 191901
315258 190539
318200 193101
318640 192228
316281 191268
319357 192687
318671 192450
319647 192783
319130 192816
316608 190632
319566 193437
318011 193167
320648 193998
318912 193341
321233 194433
321073 194139
321224 193785
321134 195447
322852 195228
319272 193500
320759 194049
317560 191403
323036 195270
322060 194445
320162 193059
323228 195312
319441 193692
322602 194106
320221 193293
325251 197250
321394 194172
324961 196590
322005 193905
323706 195459
323804 195693
323988 195693
322592 194451
324560 196017
324397 195777
326456 197772
317046 191259
325493 196941
316962 190890
323887 195987
325006 197424
321634 193830
321384 194031
326416 197325
328147 198312
326427 196617
322369 194499
325007 196944
323981 194838
326488 197484
325361 196527
323431 195006
328094 198582
328550 198564
326836 197463
295861 178740
327860 198129
327766 197976
328997 199206
328973 199641
326041 195738
327285 197898
326345 197466
329426 199461
327607 197976
330106 199764
328284 198543
331042 200778
331285 201033
331486 200802
329904 199491
331514 200469
331098 200556
331774 200655
331516 200889
332376 201372
331621 200280
333211 202419
301293 181665
332187 200547
329043 199095
333656 201912
325995 196572
332057 200724
331346 200337
332531 200910
333357 201951
330627 199503
330745 200643
335236 203058
333830 201771
333254 201630
334774 202377
335573 203481
334509 201972
332565 200649
328192 197601
333734 202239
327214 197889
334224 201405
335971 203535
335644 203052
328055 197442
329300 199035
337325 204648
334565 202377
334962 202314
323956 195291
337415 204705
327223 197367
336981 203985
335777 203316
335647 202737
337866 204147
338550 204513
336742 203169
338483 204855
334951 202821
322985 195249
340243 205680
331269 199371
331430 200265
336236 203175
339662 205368
338902 204765
337916 204618
340553 206607
338710 204795
341135 205857
340177 205245
338384 204498
339480 204423
337002 204000
341835 206259
341662 207129
340648 206307
343159 208500
341681 206499
341294 206004
324646 195975
341833 206706
338056 204309
340936 205806
342591 207549
342446 207294
338013 204384
340225 205638
341670 206733
342010 207318
340726 205125
343012 207090
343668 207579
341959 206127
345416 209373
344868 208935
342523 206595
344153 207471
339800 205563
343768 207783
342905 206346
344336 207492
345906 209619
346551 210036
346967 210186
313600 188892
342325 206502
345751 208782
346918 209700
345654 209049
347172 209487
346812 209514
343001 207300
345499 207903
325422 195720
347410 210342
345701 208161
331928 200037
346669 209322
349128 211080
348786 210375
346615 209721
344788 208386
334363 201726
346159 208896
344654 208131
345803 208794
346325 209478
349813 211440
344474 208428
347364 209142
350504 211536
342947 206514
350726 211674
346037 208713
350540 211410
350499 211977
350300 211956
344376 207216
351974 212478
348501 210234
351277 212655
354933 215526
350588 211782
352363 212862
350245 210762
351566 212091
354986 214272
351302 211647
353552 214086
353001 214686
353989 213306
340463 204516
353746 214296
352281 212997
355917 214965
334623 201678
352936 213411
334775 201681
356325 215058
354275 213762
349235 210030
354655 214404
352887 213501
358521 217557
358052 215685
354634 214329
356781 216018
358264 217161
356334 215061
356209 214506
333321 199989
357031 216336
358310 216243
355823 214860
359297 217377
357628 216495
359438 217554
359425 217242
341568 206028
358800 216801
358559 216648
349601 210177
357787 216744
356645 215472
360018 217971
353714 213414
358662 216594
356579 215121
323594 194622
359227 216396
359313 216753
359128 217029
360222 217518
359673 216987
341697 205524
361387 217806
358212 215985
361904 218763
356076 214593
360755 218613
356675 214617
361485 217716
362583 218268
362074 218637
360495 216558
360314 217515
364198 220269
363210 219318
362015 218148
364765 220572
355980 214692
363873 220248
361821 217884
364218 220809
362546 218265
364003 219873
360591 217374
355963 214122
363172 219267
362953 218901
364187 220416
366884 221295
358732 216540
365097 220644
349813 211050
361819 218184
366415 221052
365378 220599
367592 222165
366677 221859
365818 220740
367416 222558
366991 221559
364676 220599
359902 217089
367123 220683
367597 222552
363613 219561
364426 219585
367811 222333
367043 221775
368615 222420
368795 223497
371352 224988
370381 224349
369664 223839
365179 219873
370040 223770
367233 221973
373200 225993
369986 223239
371605 224946
367811 221631
368814 222789
368743 222732
370348 223968
370171 223935
371154 224322
365569 219117
371831 224175
371459 223539
372042 224808
369333 223245
373856 224964
369807 223341
374541 226527
371560 224241
371397 224799
355858 214644
374897 227004
372310 225393
375126 227526
374238 226266
373727 225903
373707 226599
368467 222627
366594 220578
368598 222507
376687 227877
377713 228753
375825 226227
374191 226506
376401 227856
372224 225237
374367 225792
374442 225594
375836 227532
375363 227514
375810 226881
375852 226917
377514 228363
375186 226611
378709 228672
375932 226947
378497 228966
378267 228279
375422 226038
360427 216864
377357 228111
374868 225819
378622 228198
369262 221820
343054 206676
379864 229716
375099 225669
370147 222489
370799 222954
381247 230661
378022 228423
380194 229851
375565 226188
372029 224271
380866 230742
378928 228462
381065 230337
377209 227262
382469 231285
375735 226875
372506 224100
364502 220176
379893 228708
380449 229890
382564 230895
383491 232203
381738 230139
384097 231627
380537 229956
383543 232137
383854 230934
379796 228534
382297 230985
386115 233052
383542 232116
381924 230379
380552 229809
382828 231042
383636 231246
383968 232203
382757 230442
381291 229947
384987 232398
386166 233334
385102 232050
385200 233544
386415 234360
386277 233256
377259 227577
379149 228825
386534 233001
386149 233100
389189 235062
386375 233598
348732 209832
387864 234585
383552 231405
385400 232638
369070 222351
385637 232095
387246 233397
386498 232485
388110 234303
390384 235728
388716 235380
382547 231117
390254 235257
351710 211755
390758 236823
388811 234936
385328 231039
391072 235515
388457 234693
388605 234405
385587 231906
391546 235722
389376 234567
389338 234711
389863 235803
390497 236262
390910 236079
390422 235122
389980 235206
390253 234966
394476 238755
392619 237720
388164 233943
386484 232743
394135 238026
389772 235617
390541 235578
388669 234708
391047 235761
391332 236709
393163 237285
393870 238032
394120 238260
391112 235488
393951 238299
396268 240114
395480 238989
391076 235593
394481 238401
386586 232860
387421 233886
393293 236781
397594 240540
395036 238200
397110 240165
396218 239169
398262 240852
397607 240180
396856 239736
397288 240582
394633 238752
395154 238980
396137 238419
396805 239808
395532 238242
397018 239922
400147 242244
398871 241590
395506 237609
397689 239736
398913 241494
399546 241839
398270 239826
397527 239607
358842 216243
399455 240351
400024 241923
400198 241200
360883 217191
396700 238602
398735 240225
402132 243396
401785 242352
400948 242031
398071 239322
399778 241263
396293 238893
400440 242121
397074 239784
402332 243393
397046 239325
399985 241779
402990 243249
403598 243228
402735 243936
405145 244221
404537 244623
404704 244740
400837 241575
400837 241437
404600 244167
401854 243105
399686 240129
400283 241479
391309 235599
403858 243609
404548 244539
405451 244290
393135 236592
404604 243780
403174 243045
406503 245271
406889 245256
405401 245277
409759 248091
407416 246018
406839 245604
405710 244149
406377 245373
404049 243681
400943 242283
407118 245907
406563 245235
408854 247890
407006 245049
406939 245946
409280 247212
405335 243861
408101 246723
407318 245211
408533 247440
409662 247785
409765 247827
410144 247986
408366 246498
410835 247779
410132 247770
408719 245973
406055 244506
388541 233490
408769 246549
411036 247851
411354 248340
406499 245016
406691 244902
401164 242481
411202 248622
410886 247881
410373 247731
411813 249093
411783 248367
