626 447
650 456
597 435
593 471
602 420
1265 897
1327 909
1350 891
1390 1002
1381 993
2010 1359
1145 735
2163 1503
2158 1497
2187 1530
2596 1716
2981 1905
1521 1029
2990 2052
2940 2031
3813 2577
3667 2382
3788 2517
3212 2007
3662 2499
4421 2952
4568 3150
4387 2823
4369 2931
4298 2832
4404 2787
5231 3435
5232 3525
5032 3303
5207 3390
6085 3981
5292 3384
5917 4032
5852 3891
3153 1965
6813 4566
3575 2289
6865 4572
6922 4611
6976 4614
7482 4722
7615 5031
7488 4866
7600 4971
7673 5109
8448 5448
8213 5367
8426 5523
8295 5334
8239 5307
8807 5583
9188 5898
9123 5967
8525 5457
9234 5844
10029 6432
9891 6435
9845 6432
10112 6477
9899 6420
10729 6900
10642 6840
10867 6999
10590 6801
10541 6795
11592 7473
11456 7350
11380 7347
11392 7401
11181 7197
11235 7092
12096 7758
12321 8025
12388 7896
12329 8004
13131 8472
13136 8478
13150 8388
12971 8340
13340 8673
7066 4503
5946 3585
14026 8859
13965 8973
6955 4188
14215 9093
13669 8637
14994 9567
14636 9285
7619 4758
15738 10164
15454 9891
15013 9345
14983 9492
15676 9990
15677 9873
16252 10299
16764 10767
16343 10467
15523 9681
16823 10722
14994 9375
17091 10827
17290 10950
16808 10518
18167 11655
18218 11649
17640 11037
18143 11637
17984 11223
9824 6039
18828 12045
17760 11058
18589 11811
18625 11799
19444 12405
19487 12192
19619 12375
19470 12411
19697 12690
20208 12771
20510 12906
19965 12537
20237 12552
20631 13014
21184 13473
10510 6462
21316 13506
21401 13668
21177 13710
19811 12195
22233 13995
21955 13755
22017 13938
22295 14049
22728 14154
22931 14361
22881 14319
22480 14061
23011 14574
23289 14511
23251 14574
23921 15012
23271 14652
23087 14415
22127 13791
24431 15630
25074 15969
24064 15126
12465 7707
25347 16020
24935 15696
25248 15918
25477 16257
25037 15981
24926 15630
25960 16404
25263 15600
26195 16743
25761 16248
26955 16956
26463 16629
26604 16572
26943 16923
26427 16296
25572 15675
27465 17274
27558 17397
26831 16764
27524 17271
28149 17631
28596 17898
28029 17637
14589 9042
28411 17940
29192 18264
29342 18345
29729 18708
29187 18063
29347 18189
30302 18969
30599 19230
29285 18141
30136 18756
30468 19230
30711 19302
16000 9930
31135 19464
31010 19254
29888 18573
31992 20343
31766 19845
31631 20025
30631 19068
16256 10035
32557 20637
32592 20565
31306 19719
32338 20526
32044 19752
33887 21228
33828 21105
33638 21060
33123 20832
34050 21417
34298 21654
33859 20892
34195 21399
33596 21075
34065 21252
35099 21963
35089 22173
35140 21900
34174 21237
34431 21240
33885 21030
32509 20187
35683 22275
32694 20163
35357 21978
36247 22866
36277 22593
36233 22548
36676 22659
37029 23145
37151 22776
37715 23922
37251 23289
36928 22980
36679 22959
38333 24099
38175 23916
37951 23739
37242 23040
37294 23142
39602 24708
38635 23859
38622 23781
39153 24078
39114 24291
40075 25017
39540 24504
39690 24447
40064 24972
40045 24858
40614 25350
40672 25551
41068 25611
40499 25125
38712 23676
41664 26082
40593 25104
40971 25110
41054 25467
41900 26376
42580 26445
41520 25863
42550 26430
42414 26364
41651 25971
42479 26376
41367 25593
41524 25899
42827 26706
42968 26541
44528 27774
44082 27480
43540 26964
44102 27444
44639 27756
44740 27948
44589 27795
44532 27729
44698 27444
42733 26592
44641 27519
43400 26742
45015 27873
44933 27867
45759 28401
46503 28989
45693 28587
45784 28308
46307 28779
46057 28611
46922 29259
46941 29301
46224 28746
47944 29760
47585 29484
47757 29433
47639 29439
47381 29313
47403 29187
48000 29973
47163 29646
48619 30441
49402 30906
48735 30294
48749 30318
49519 30645
49802 30984
49302 30630
49288 30525
49628 30957
50963 31629
50101 30954
50049 31089
50729 31629
49791 30843
51302 32214
51600 31866
48999 30264
51260 31905
51093 31629
51855 32307
52358 32556
52253 32493
52339 32322
50221 30828
52859 32934
52410 32775
52393 32775
52912 33111
51503 31818
53175 33000
53667 33696
53014 32880
52694 32262
54460 33849
54974 34134
54522 33750
54917 33660
54572 33702
52731 31983
55403 34440
55193 33954
55513 34494
55966 34479
55466 34548
54769 33738
28496 17280
56107 34836
56825 35520
55978 34809
57279 35772
56143 34641
57140 35415
56636 35037
55962 34494
57752 35643
57563 35790
29543 18093
52519 32403
56725 35016
58541 36015
58582 36342
58705 36339
59120 36477
57860 35751
58218 35931
59576 36864
58955 36357
58526 35931
58832 36114
60439 37476
30768 18819
59441 36795
51883 31290
60437 37182
61230 37794
60773 37737
60772 37521
58288 36177
60562 37143
59038 36306
61332 37872
59485 36507
62285 38496
61231 37911
61665 37767
63007 38838
62665 38733
62178 38475
61571 37806
63437 39255
63445 39015
63774 39072
63585 39498
63831 39498
64789 39996
63581 39171
64262 39774
61574 38079
63718 39075
65106 40221
65370 40560
64143 39255
64794 39939
65342 40401
66553 41262
64492 39435
65959 40509
66037 40569
65550 40164
65835 40263
67293 41649
66662 41061
67089 41139
67078 41439
67601 41484
67692 41514
67573 41424
66546 41082
63655 38643
67955 41919
67683 41850
68590 42189
68412 42243
66543 40767
68229 41997
68926 42036
68178 41979
69313 42942
68716 42243
67501 41295
69208 42435
70459 43563
68860 42453
68175 41787
70315 43248
71184 44163
68278 41841
68554 42078
69018 42324
69601 43014
71283 43392
70180 43056
71101 43827
72257 44391
73034 45045
72549 44667
72530 44592
70900 43185
72523 45033
73143 45117
73470 45573
73376 45318
73198 45492
72847 44724
74524 45780
74666 45969
73923 45366
73858 45327
74795 46056
73484 45123
74861 46314
71991 44100
73986 45510
75283 46302
75054 46608
76163 46767
75615 46758
75378 46758
75658 46362
76877 47166
76772 47274
69151 42207
77120 47565
74888 46053
76446 47007
75835 46320
77045 47391
76595 47118
75422 46038
78959 48795
77366 47544
78667 48420
78196 48276
77805 47772
78961 48504
79336 48537
78516 47922
79436 48789
78940 48453
79704 48945
80055 49260
79836 48759
79533 49527
79447 48768
81495 50061
80106 49689
80565 49491
80713 49707
72926 44922
81685 50379
81047 49740
81154 49755
81975 50517
81412 49887
82182 50388
81131 49632
81338 49923
82021 50358
81880 50262
78580 48291
82497 50646
83673 51444
81411 50139
83222 50490
83582 51189
84446 52110
84328 52140
84602 51678
84296 51996
85955 52731
85042 52089
42733 26046
84262 51396
85343 52470
84738 52074
85429 51876
85015 52317
85800 52911
84267 51591
86403 53484
86095 52584
85847 52869
85783 52779
86945 53631
87131 53625
85911 52851
87253 53400
87128 53646
87583 53523
87988 54096
88549 54654
88363 54456
88719 54480
87687 53694
88607 54654
88380 54234
88894 54618
88686 54612
88464 54219
90290 55569
89702 55017
89548 54954
88866 54420
90913 56163
88555 54114
90493 55638
90910 55857
91040 55410
91371 56232
90516 55539
88677 54153
89890 54867
83363 50877
91150 55878
92410 56847
89794 55227
91523 55938
92923 56961
92153 56313
91263 56415
92224 56628
93844 57513
92860 56712
92253 56682
92733 56937
94204 57981
94581 58731
93215 57066
93101 56925
94650 58092
94106 57633
95118 58344
93830 57405
87996 53028
96805 59616
95196 58500
95822 59037
95175 58482
95688 58437
96957 59754
96005 58785
96740 59556
88008 54147
96822 59478
96486 59001
97079 59748
97261 59808
95063 58029
97255 59394
98262 60447
96116 58578
99330 61011
98502 60255
98003 60042
98426 60465
97761 59919
99016 60726
97217 59595
99213 61566
94419 57783
99517 60972
98901 60807
99669 61065
96641 58704
100307 61536
100783 61782
99367 60948
99977 61155
98329 59874
102059 62718
100697 61821
101225 62151
100953 62121
101743 62283
102868 63003
100840 61866
101674 62136
100266 61725
101876 62100
102557 62967
101883 62094
99910 61134
98620 60147
103081 63210
103786 63417
103476 63069
103035 62460
103333 63420
102538 63012
104175 63834
104815 64170
105186 64671
102331 62412
104361 64119
105320 64998
106124 65268
104882 64074
105853 64653
105010 64419
106085 64905
105456 64716
105523 64464
105348 64362
106201 65376
102459 62724
107537 65640
107686 66357
106639 65163
107120 65628
106002 64764
107405 65724
104496 64143
108601 66936
107537 66762
108056 65985
107316 65799
109057 66810
108275 66216
108924 66510
109639 66894
109122 67080
107068 65652
109504 67635
109944 67590
110459 67755
111172 68511
109353 66498
109898 66963
108692 66612
111576 68559
111201 67782
111086 67611
111184 68442
111100 67494
56217 34074
109957 67092
111711 68424
109948 67191
111438 68298
112639 68772
112123 68490
113719 69522
113383 69414
101582 61956
112947 68850
113593 69306
113226 69177
112146 68418
113872 69660
108906 66783
115029 70638
114117 70077
111651 68163
114099 69993
116155 71214
116147 71439
114439 69921
115404 70116
115610 71052
116540 71496
116741 71379
117329 71991
115828 70977
116121 71646
116948 71328
115387 70131
115960 71121
115251 70647
117555 71844
117510 72078
117925 71808
118098 72543
117788 72078
117033 71595
117967 72369
118822 72663
118263 72426
118256 72702
119262 72855
118074 72606
118479 72759
117114 71106
118724 72465
120458 73908
120631 74169
119690 73005
119412 72897
119770 72984
120179 73713
119701 72885
120030 73098
121482 74796
121351 74097
122341 74748
122426 74916
122602 75126
122511 75144
119820 73110
119480 73329
123198 75573
119936 73233
120705 73995
121722 74442
122197 74601
124107 75645
121172 73869
122959 75489
124229 76284
123066 75618
123628 75693
122223 74799
125080 76344
122736 74733
123639 76350
125543 76758
126184 77391
125337 76338
125689 76716
125159 76698
125839 77388
126957 77808
126677 77778
123769 75978
124822 76140
126571 77184
127017 77286
127547 78354
127051 77949
126815 77643
127120 77304
127909 78114
128754 78564
128271 78222
128032 77784
127886 78171
128712 78624
128915 78981
128822 79020
128056 78132
128463 78750
128374 78510
128568 78972
130170 79638
129378 79071
129812 78831
128909 79005
128263 78525
131222 80070
129764 78735
130427 79815
130909 79923
130753 80175
130749 80004
130337 79848
132409 80949
132348 80859
131566 80265
132273 80619
132413 81006
133466 81690
131812 80718
131959 80577
133700 81729
133434 81735
133672 82110
134194 81765
133297 81471
127231 77670
132499 81174
133470 81639
134636 82203
134243 81891
136013 82950
133648 81465
133172 81174
135530 82914
135607 82818
130717 79674
135204 82752
133604 81639
134126 81993
136102 83700
122221 74481
133183 81222
137716 84195
130450 79494
135786 82575
136066 83130
134953 82548
138040 83865
139561 85236
125240 76146
138462 84789
138068 84312
137789 83871
138724 84960
136583 83244
138148 84660
136008 82830
136829 83322
125267 76251
138751 84597
139858 85368
141585 86169
138463 83877
140520 86034
139571 85587
140421 85680
70612 42753
140594 85731
141082 85953
139766 85227
139477 84486
126270 76659
142659 87075
136002 83328
141299 85593
141088 86292
141523 86394
141378 86034
140764 85548
141858 86421
140527 85695
141352 85887
142608 86727
130610 79422
142980 87549
144257 88377
143747 87603
144277 88002
144387 88389
143810 87672
144552 87891
143429 87777
145150 88422
143796 88314
144650 88152
145959 89259
70968 42609
146118 89304
145874 88611
142741 86784
74035 44961
145013 88233
147536 89898
147648 90510
147197 89673
145593 88521
139754 84936
147835 90000
149005 91359
147640 90270
146728 89868
147242 89637
148049 90132
149135 91161
149488 91086
148966 90591
149360 91452
147276 89475
149836 91392
149458 90945
146432 89391
147819 89721
150123 91665
150854 92133
143487 87408
150315 91839
150012 91830
150748 91407
148225 90123
149916 90990
149980 90975
150940 92109
151872 91866
152234 92628
151006 91428
147919 89703
152513 92514
153100 93294
153436 93351
153416 93843
149758 91458
152877 93111
152033 92286
151575 92139
153527 93339
154275 94362
152731 93183
153819 93555
155918 95085
154394 93525
151956 92511
154284 93768
147018 89403
153063 93129
155246 94794
154041 93612
154935 94062
148833 89922
157325 96171
155817 95046
155881 94791
156297 95070
154021 93546
156936 95601
153804 93399
156490 95532
155123 94236
156809 95202
157454 95616
157129 96054
150452 91506
158183 96624
155642 94296
159248 97089
158257 96015
153346 93114
155559 94512
159129 97128
158908 96801
157443 95679
159980 97800
160131 97746
159596 96972
159437 97065
160020 97581
159765 97533
157068 95268
159990 96948
160948 97944
161130 97893
161401 98739
160960 97992
160485 97344
160400 97437
160555 98094
162214 98874
146212 88437
162438 99126
161850 98409
162268 98964
162980 99432
162571 98868
159638 97032
164203 99633
163308 99654
164293 100263
164681 100293
161899 98616
164675 99963
163548 99120
163051 99432
149442 90756
166173 101046
164847 100143
161389 98160
165764 101196
164594 100524
162503 98817
166119 101724
163980 99621
164860 100539
166740 101844
164854 100206
165348 100935
166459 100713
163752 99615
167041 101697
167978 102072
167847 102630
166644 101730
166755 101160
167016 101190
164353 99531
166932 100911
169513 103173
167420 101898
168203 102549
168520 103212
168197 101922
162401 98835
168372 102510
166793 101658
169475 103836
169931 103587
169754 102942
161974 97989
169757 103557
170500 104055
171437 104547
171611 104631
167724 102366
171578 104379
169694 103365
170903 103584
167518 102324
170520 103548
171265 104184
156983 95316
172227 104856
170935 103917
171882 104832
169912 103398
172710 105054
172371 104784
172425 105459
172246 104958
173532 105534
173776 106473
173389 105504
174811 106341
170852 103359
173227 105450
169462 102915
174730 106161
174508 105564
175652 106962
170720 103746
177113 107688
176882 108126
175456 106791
176583 107826
157596 95484
171452 103662
175602 106515
168405 101997
176241 107268
175723 106959
175672 106347
177127 107685
176634 107454
177099 107484
177790 108666
177454 107538
178179 107985
177686 108267
169857 102606
175530 106788
179040 108498
178370 108804
179779 108687
176055 106596
178961 108681
180283 110013
179602 109221
90753 54876
181487 110595
173116 105315
180086 110013
178799 108447
180596 110349
181138 110793
179779 109326
182089 111081
180433 109704
180719 110073
181850 110871
178257 108258
181660 109797
182005 110625
183395 111501
179619 109098
181252 110385
181294 110832
180091 109263
182196 110724
182753 110691
177714 108561
182853 111036
183457 111528
183695 111786
182674 111174
182073 110880
184438 112668
184376 111675
183651 111888
183692 111660
181879 110271
184615 111699
184595 112107
185675 112221
185381 112599
184451 112383
187327 114018
186876 113955
185512 112470
185770 113154
176431 106593
185926 113049
183806 111651
186713 113802
187436 114183
186723 113550
189084 115350
188923 114624
179600 109320
187543 114126
189148 115341
189429 115488
189654 115725
189203 115119
188083 114522
190664 115767
190391 115443
187753 114621
188775 114777
190995 116109
189727 115227
190697 115518
190351 115983
189938 115986
191146 116223
191820 116301
189935 115395
190256 115632
190415 115980
193074 117639
191271 115557
188883 114777
192684 116718
191219 116493
191786 116790
192315 117030
190677 116109
187381 113691
192495 117075
189838 115419
192985 117228
193372 117354
191903 116946
192353 116736
193886 118221
194295 118101
194920 118710
195691 119268
194733 118383
194788 118200
190569 115671
190544 115242
196144 118992
197072 119910
195729 119184
193749 117402
178302 107967
197079 119784
196271 119571
196033 119055
197177 120312
199159 120948
197886 120069
198004 120213
198057 120567
197034 119670
197793 120156
197170 119616
197351 119955
195877 118731
196895 119766
198560 120906
198878 121113
196525 119220
198898 120498
199639 121467
196979 119538
200069 121800
194328 118077
199327 120897
198737 120924
199834 121254
199790 121611
198562 120834
200283 122178
197954 119550
201023 122256
200962 121872
200182 121599
201623 123039
201700 122025
201578 122949
202639 122751
202453 123375
200460 121716
202091 122649
203769 123570
203418 123615
202384 122316
204264 124470
203444 123186
205362 124902
202330 122784
201044 122313
200247 121410
203025 122994
205231 125097
203761 123660
203606 123504
205792 125364
203856 124236
185665 112308
103507 62280
205430 125169
205147 124764
202644 122733
204577 123207
206020 125277
207538 125502
205314 125601
206931 126174
206666 125667
206977 125955
206043 125490
205487 125574
206397 125607
188646 114420
208086 126225
207823 126990
208779 127089
206229 124731
207850 125805
206652 125349
209555 127119
203529 123165
208256 126606
209345 126993
208078 126882
208178 126765
210717 127980
210959 128535
205803 124761
203976 123339
211824 129159
211083 128556
210598 127728
210635 128013
208701 127122
213577 129927
207194 126171
210512 128205
212941 129705
212488 129504
210667 127554
212507 129612
212368 129273
211869 128706
212259 128457
213388 129789
210944 128694
212556 129243
214275 129873
214494 130395
207749 126138
212433 128835
214394 130398
213191 129444
211971 128367
204641 123300
215279 131082
211888 128436
215647 130899
215467 130803
214303 130551
214113 130641
215308 130950
206486 124779
213766 130383
215059 130950
217439 132984
214348 130323
216960 131721
216487 132018
218183 132852
217850 132615
216246 131031
217884 132735
217074 132165
218181 132783
216166 131364
219631 133371
218973 132570
218166 132471
218251 133116
219136 133062
215723 130947
220611 133866
219235 133335
219089 133443
218586 132348
220357 134166
219907 133473
219090 133050
110820 66651
219348 133086
110151 65922
210968 127521
220927 134589
220767 134175
218690 132444
216896 130794
219113 132423
222584 135066
220301 133497
211168 127587
220864 134151
221561 133749
212745 128622
222256 135534
223582 136050
218361 132189
222134 134805
220806 134115
221455 134250
223538 135474
202632 122796
224925 136608
223916 135705
223116 135333
225396 136800
222009 134472
223299 135837
203534 123243
226670 137676
226297 137640
226488 137367
227118 137814
225823 137331
114614 69297
223040 134487
224974 136770
227605 138321
221364 134562
227024 138456
227379 138459
225502 137406
225982 137097
227613 138243
227464 138195
228570 138486
227870 137985
229418 138798
227178 137607
229734 139896
228089 138273
229861 139974
228157 138375
228216 138672
231400 140694
229475 139755
230645 139389
229819 140037
231569 141375
230027 139494
219941 133287
228190 138321
231447 140487
228397 138213
230768 139920
231859 141024
208068 126024
229869 139047
231692 140760
231393 140394
230260 140088
231983 141243
233648 141828
230504 139581
229826 139887
232997 140991
234111 141993
233705 141663
232850 141534
233858 141384
232325 141705
233013 141213
232717 141495
234213 142026
234213 142416
232970 141894
234634 142464
235306 142248
235276 142587
235419 143136
235695 142764
231507 139896
236816 143817
230397 139863
231505 140121
236540 144090
232333 141168
236075 143130
237628 144306
234899 142920
236170 143142
233794 142068
239515 145497
237350 144081
236113 142815
234658 142242
226640 137358
239534 145248
238026 144654
239572 145152
238725 144696
238665 144906
240020 145800
240794 146304
239377 145551
239425 145347
239658 145140
240473 146136
241403 146889
240918 146292
240712 145875
241667 146382
240992 146130
242291 147273
240429 145953
241321 146484
240555 144936
242699 147540
232766 140973
235432 142434
242381 147330
242211 146793
244323 148443
241340 146850
240827 145488
244877 148476
244116 148092
241209 145953
243757 148161
240018 144756
239368 145179
244539 148242
244915 148863
244237 148206
244889 148743
243270 147144
247277 150978
222521 133938
246189 149049
230668 139920
243008 147987
240525 145866
244170 148563
246904 149994
241872 146535
246271 149718
246383 149625
244837 147795
246542 149322
244216 147909
245171 148980
236306 143457
250105 151974
123745 74304
247779 150216
246379 149253
245849 148782
244375 148317
248383 150765
245490 148371
247517 150345
248545 150636
248834 150624
248681 150765
243650 148221
249814 151755
247841 149295
126824 76290
248905 150642
238838 144600
248770 151008
236760 143511
249718 150927
250406 152841
251410 152583
251314 152730
250363 151434
251020 151419
252782 152865
252882 153786
251212 152481
253060 153348
240666 145293
253000 153423
250546 152076
248923 151224
250564 151704
254373 154485
254465 154557
254189 154569
240894 146319
252942 153456
254996 154386
254840 154623
254829 154221
255604 154866
254832 154587
251848 152523
253838 153882
255155 155577
255644 155304
256044 155325
255848 155310
256326 156579
251087 152031
255279 154485
255334 154728
256073 155451
257621 156810
257151 156693
256422 156255
258112 156387
256904 155529
255549 154374
259537 157728
258389 156693
254911 154188
258398 156858
260166 157962
258359 156834
258335 157065
259816 157590
260035 157668
259198 157542
258525 156546
258901 157662
257932 156462
258619 156357
259830 157995
261519 158472
260194 158451
260392 157722
258221 156981
259616 157473
259498 157248
258357 156744
260335 157815
260997 158199
260306 158154
253174 152562
260163 157443
261579 158703
264709 160956
259795 157047
261950 158448
132315 79758
258384 155883
264854 160530
238450 143295
262830 159126
262496 159591
261138 158259
262891 159216
263742 159795
258662 156009
264007 160011
265209 160731
252022 152823
264894 160740
262231 158484
264867 161193
264446 160269
266398 162144
266896 161727
261759 158733
265414 160902
265910 161499
260766 157965
240699 145248
268485 162837
262455 158643
264610 160008
265881 160992
265441 160950
268548 163017
267532 161565
269730 163458
268339 162657
268352 162432
265834 160818
268845 163407
260075 156978
244766 147795
267727 162114
242776 145935
270029 164412
269841 163569
270922 164403
270112 163692
270622 164022
271024 163863
268394 162369
270467 164307
269720 163113
271136 164664
270244 164004
265768 161166
272902 165069
271512 163935
269887 163632
271130 164472
273973 166851
272328 165150
273041 166467
272433 165075
274203 166428
271293 164361
271967 164007
273326 165342
270368 163353
273561 165396
268107 162141
272980 165918
270794 163446
274030 165900
275294 167052
273558 165117
272481 165024
276426 167592
275941 167433
276942 168444
274462 166068
274185 166209
274695 165756
276238 167943
272652 164628
264650 160608
276551 166905
276402 166701
273910 165717
276875 167397
274208 166158
277917 168270
275248 166926
276834 167574
277038 168021
275451 166941
278777 169299
276474 167847
281390 170934
278468 168837
277421 168228
277928 168513
274266 165912
250633 150771
274529 165633
270664 163530
280871 170769
280553 170631
280550 169875
280937 170205
279270 169656
278700 168954
281618 171267
282168 170985
279919 169593
280650 169953
278952 168696
281036 169713
267094 161295
282748 171000
277514 167967
282313 171051
283435 171702
279410 168813
280020 169419
277873 167847
279764 169611
283578 171939
277086 166914
280000 168939
283237 170907
283556 172206
257092 155613
143649 86457
283807 171834
283744 171552
284774 172557
286798 173763
286006 173496
285926 173409
283734 171417
276825 167424
286190 172980
285849 172932
286471 173376
287052 173883
287330 173970
286376 173883
287520 174303
284123 171720
285813 173409
260778 157494
287872 174453
287898 174330
287903 174414
287037 173862
285078 172950
288607 174948
288261 173607
290205 175782
286678 174135
289221 175503
289120 175326
287268 173271
288628 174771
288900 175131
285033 172617
290988 177177
290085 175575
288444 174063
289560 175281
289278 174660
290801 175686
286989 173082
292644 177261
292107 177699
290678 175626
293083 177135
288612 174282
291314 176382
291103 175548
293593 178566
293930 178572
287344 174117
290820 175614
291362 175281
293437 177348
288433 173958
293709 177522
290730 176037
291416 176442
293083 177687
293557 177306
294289 178758
290321 175611
293136 177186
294187 178521
291884 176076
295112 178272
294360 177846
294690 178374
295892 179532
296794 180117
295312 179049
295751 179058
294272 178902
297133 179667
291916 177123
296307 179715
294350 178167
264374 158988
297483 180198
297763 180192
269691 161514
296486 179811
296156 179889
297963 180042
299412 181617
298714 180543
296250 178368
299642 181269
299855 182442
299577 181254
300035 181584
300132 181449
297344 179943
298005 179961
300004 181929
298556 180507
300186 181812
299274 181101
299083 179919
300582 181689
297627 180093
300178 181479
299796 180624
294641 178539
301214 182796
301033 181830
301360 182460
272630 164451
300352 180966
302306 183339
301793 183141
303280 183618
303659 183606
301225 181959
303393 184092
301994 182712
295247 178443
296963 179034
304773 184758
303859 183840
305444 185040
304235 184074
304811 184152
305743 184911
304000 183474
305564 184677
306264 184923
305098 184287
297791 178980
305459 184953
295604 178242
305485 185136
303492 183552
305759 184908
307566 186237
305530 184578
291785 176643
304611 183924
308041 186477
307348 185889
305601 185052
308053 186348
308480 186252
304367 183708
307973 186288
305685 184695
303756 184017
308612 187029
309060 186417
306913 185784
308108 186057
310232 187584
301400 182049
309296 187713
308201 185910
310374 187710
305786 184560
300901 181473
303315 182784
310724 188424
295746 178752
309369 186960
311881 189174
312516 189258
308782 186870
310734 187527
311826 188916
303014 183069
309944 187527
296240 178050
312877 189552
306039 185205
308375 186411
298965 180294
311662 188463
315024 190521
313253 189633
311020 187509
313634 189783
316169 191154
312439 188550
314451 189801
314044 190020
314772 190143
296699 178302
316913 191877
316181 191469
312479 188181
314022 189948
309609 187170
314274 189684
316269 191130
316242 191025
316136 191523
313929 189945
316135 191499
314707 190581
313806 189489
317108 191397
318308 192684
318572 192828
316472 191745
318349 192924
317331 191715
318272 192210
318649 192891
318949 193197
319691 193788
318327 192555
318538 193065
319420 192948
317463 192219
317866 192432
318985 193368
320226 193668
318877 193107
318997 192783
320798 194799
320985 193860
317629 191688
320978 194070
319313 193350
321259 194232
321222 193872
161437 97335
319449 193602
321379 194445
321104 194199
323179 195474
307053 185319
307205 185427
320951 194214
323759 195885
317233 191061
320252 193287
325495 196671
319479 192738
322985 195225
326066 197853
324690 196653
315912 191451
321445 194778
322968 195372
325298 196311
321725 194037
325389 197052
325580 196881
321516 193932
319696 193002
319608 193215
326918 198402
325429 196941
326854 197778
328766 198897
326963 197580
318380 191604
326496 197805
328172 199053
327349 197943
326026 196371
327693 198684
327198 198018
320978 193353
320656 193359
327242 198702
325533 196095
328693 198339
327664 198309
324690 196638
330695 199884
330542 199371
325298 196347
329221 199584
332033 201426
330174 200433
328121 198699
327992 198591
331120 200571
328998 199158
329541 199356
330469 200526
330588 200469
332458 201651
331431 200979
333127 202044
329286 198765
330226 199935
316114 191223
332162 201213
333623 202530
332760 201282
328038 197805
331134 199440
332338 201396
334462 202191
333706 202245
332960 201381
334760 202857
330839 199827
332674 201465
335798 203463
329199 199242
331519 199788
331808 200208
335072 202392
333382 201804
334295 202650
335124 203487
325372 196077
337321 204477
336645 204057
332830 200418
332076 200184
336874 203694
337177 203595
336681 203871
335500 202695
327768 198459
330241 199116
336591 203967
336603 204201
336976 203532
339375 205584
335737 203052
335994 203115
336667 203685
339299 205842
337877 204660
337632 204168
337297 203652
338973 204453
332543 200442
336392 202872
339508 204936
340202 206181
339696 205566
339307 204036
336297 203109
339394 204726
339211 205194
335211 201822
335683 202986
342071 206658
341784 206946
308211 186231
342273 207444
339412 204612
341475 205326
341598 207024
341964 206985
341207 205734
342115 207030
343415 207738
343053 206331
344270 208902
342186 207252
342345 206979
343869 208035
341045 206328
341995 207420
344363 208404
337618 204132
343941 208581
345785 208896
346173 209244
346102 208905
345566 208902
345978 209565
343884 207816
345218 208737
347570 210786
342393 206925
345755 208986
345572 208524
347764 209838
343171 208140
347206 210444
346893 209418
346456 209367
338416 203457
346189 208998
342841 206451
347574 210144
342313 206760
347876 209910
348720 210816
344988 208851
346560 209532
349265 210780
348653 211095
348199 210681
347888 210498
349882 212553
343667 207138
350199 211311
350009 212370
344859 207183
341446 206067
350785 211755
343780 207480
348266 210189
352167 213276
351206 212922
350789 211572
351067 212349
347434 209661
346894 209325
350610 211665
352154 212313
350141 210855
353438 213645
351491 211764
349714 211146
348990 210039
351116 212160
351787 212538
354338 214101
352746 212322
353115 213117
351791 212223
354459 214446
350903 212166
351490 212580
353548 213942
353918 213438
355043 215703
351097 211140
352398 212340
358419 215652
354282 214371
356956 215409
356596 215598
356157 215661
358818 217104
357024 215325
355110 213879
353968 213561
357585 215895
339660 204717
356543 215496
350162 211002
356209 214791
357359 216627
359494 217410
358679 216771
357964 215982
356786 214824
357398 216021
357866 216267
360370 218358
359467 217347
357692 215721
360163 218151
361488 218565
361447 218088
356573 214368
361064 217920
356779 215355
359858 217899
359762 218094
361730 218742
357040 214383
361615 218256
360503 216789
362364 217962
360499 217041
359700 217740
327812 197850
363361 219078
351803 212928
362056 219033
361952 218733
362368 218451
363249 219600
360608 217044
364718 220338
363028 219372
362542 219222
351151 212454
361907 218334
360017 217653
361240 217779
364401 220332
365396 221115
330341 199449
365452 221706
363840 219456
365250 221007
365022 220587
363333 218787
358804 215976
366517 220965
361258 218121
361211 217806
364969 220863
366745 221070
367000 220986
364375 219678
358130 216093
366400 220860
360591 217629
367453 222108
366320 221112
358731 216498
368558 222402
368005 222096
368184 222330
369441 222717
369061 222879
369432 223854
368970 223116
368521 222513
368786 222240
368784 222663
369322 223485
369674 223275
370206 223881
369593 223239
370688 224400
360248 217026
371893 223884
363693 219420
333139 200355
369237 222489
367203 221037
369656 223323
369407 222324
372108 224715
368671 222255
373553 226077
367702 221997
372147 225180
372660 225429
374035 225468
375016 227025
372377 225168
374118 226167
372054 225156
365728 219609
373269 225624
353823 212781
374588 225171
375052 226365
371097 224175
372970 224838
375711 227151
376338 227496
376829 228180
376337 227949
375453 226680
375254 226743
373433 225636
371205 223860
377890 228342
375521 226473
376971 227637
376296 227316
378319 228183
371198 223563
377756 228513
339015 204603
374949 225978
377644 228945
378445 228933
377988 228576
378548 228591
374565 225639
358850 216648
378235 228627
378160 228981
376573 227406
377305 228198
374177 225768
378920 228876
376694 227064
372245 224493
378826 229149
381962 230721
372385 224151
380581 230343
377275 227433
380470 229581
383288 231261
383972 231432
382303 230496
381392 230787
381237 230916
378259 227511
378516 228423
382383 230859
380683 230202
380842 230100
382247 231150
379267 229179
382584 231486
376635 226536
382861 231042
383957 232182
383398 231138
378202 227619
366826 220431
384405 232443
384250 232026
384926 232350
375852 226683
376721 227889
385669 232722
380987 229452
387734 233751
386055 233214
381750 230079
378106 228579
386194 233427
386145 233538
376319 225249
381619 230184
386083 233271
383493 230952
386815 233631
385301 232545
389735 236568
386212 232992
385775 232515
387225 233220
387669 233760
388759 235017
389438 235266
389306 235698
388457 233817
382166 229827
387891 234315
384066 231624
389539 234957
389401 235224
387687 234864
390231 235290
391381 236226
389917 235068
391188 236697
391300 237117
393602 238707
386991 233946
388866 234480
393001 236574
392171 236811
375185 225540
390726 236235
390954 235770
385375 232692
391347 236718
393998 238209
391576 236604
392744 237420
393853 237330
395351 238743
393681 238839
355663 213900
392903 236904
394622 238260
394691 238023
390539 235845
397475 240660
394909 238311
389933 234798
391103 235914
392959 236445
395285 238800
396233 239760
390243 235338
397733 240504
392448 236238
395912 239601
392798 236703
395067 238467
395544 238860
398332 240744
395578 238917
392579 236022
396088 239016
399679 240876
399695 242103
387554 233712
397486 240447
396098 239244
396662 239010
395574 238491
398812 240522
398403 240138
398450 240015
398724 241548
200050 119481
400953 242055
397482 240126
400659 242247
399043 240747
397996 240441
400617 241482
399940 241371
399797 241176
399097 240618
397574 239766
399760 241674
399231 241551
399832 241509
402786 243216
401797 242664
401554 241611
396547 238827
398676 241437
394825 237144
397444 240333
401405 242505
402109 242805
403700 243693
402126 242520
403781 243252
401553 241725
399167 240660
402108 242964
404184 244818
406148 245685
405622 245286
404572 245145
406083 245913
405394 245085
406016 245454
392845 236121
404713 244254
403477 242490
405155 245361
406644 246201
403616 243756
404038 244035
404247 242673
406867 245298
405041 244485
401260 242406
398803 240087
408275 247422
407554 246330
403924 243783
408048 246270
407582 245742
408059 245568
405389 244878
407220 245139
407804 245313
406991 245691
408691 246855
398286 239799
408970 247323
407733 246864
410215 248931
411201 248007
409763 247146
408616 246891
405607 244389
399660 240714
409444 247206
411495 248868
411460 248787
405991 244755
410294 247992
411741 249030
409503 246843
391899 235887
413071 250293
410599 247797
405521 244143
407901 246477
409676 246519
408301 246258
412750 248262
