582 438
632 450
672 510
596 447
621 471
1236 840
1410 996
1357 963
1381 963
1400 993
2203 1563
2184 1536
2021 1374
2159 1536
2052 1434
2916 1980
2860 1920
2751 1875
2885 1971
2692 1809
3714 2550
3772 2559
3728 2604
3606 2418
3503 2349
4390 2916
4272 2811
4232 2745
4110 2679
4602 3123
5213 3465
4986 3180
5107 3414
5218 3525
5181 3474
5913 3861
5906 3855
6123 4113
5851 3831
6002 3906
6695 4329
6787 4335
6713 4488
6675 4347
6725 4422
7665 5031
7422 4893
7594 4905
7651 5007
7229 4575
7878 5082
8264 5373
8059 5121
7847 5013
8244 5469
8307 5388
8996 5742
9121 6093
8940 5751
9298 6030
9455 6036
9899 6450
10280 6819
10127 6618
9583 6117
10603 6840
10672 6954
10749 6837
10734 6945
10742 6972
11596 7530
11323 7197
11356 7248
11385 7362
10998 7065
11960 7602
11385 7275
11659 7476
12459 7902
12017 7857
12213 7791
13398 8598
13008 8313
12632 7971
13213 8568
14092 9066
13926 8859
13587 8517
13919 8979
13352 8607
14571 9186
14321 9006
14373 8886
14677 9408
14806 9570
14187 9045
15689 10080
15570 9939
15362 9708
15379 9789
16253 10455
16138 10227
15756 9924
16081 10179
16460 10464
17042 10653
14472 9033
16913 10710
16039 10110
16902 10626
15370 9528
16099 10050
17825 11334
18228 11811
16222 10083
18749 11832
16628 10332
18635 11718
18654 11904
18504 11709
19334 12219
18310 11466
19234 12147
17714 11022
19142 12066
20434 13266
20025 12657
19687 12456
20228 12888
19382 12141
20974 13224
21349 13506
21145 13407
20878 13314
20482 12828
21667 13680
20196 12762
20425 12747
21846 13662
22026 14019
22723 14391
22761 14301
22670 14400
21954 13977
22246 13869
23435 14898
23507 14859
22897 14328
23397 14796
23636 15003
24340 15522
24329 15498
24464 15519
23834 14901
24190 15285
25563 16086
25545 16230
25617 16464
24161 15222
25299 15918
25888 16239
26244 16593
25965 16260
25318 15807
26166 16731
26016 16158
26590 16839
26128 16284
26073 16113
25974 16107
27821 17739
27317 17232
27608 17337
27277 17115
24169 14913
29007 18300
27218 16737
28494 18039
28124 17505
29363 18576
29659 18651
29369 18357
28664 17937
29221 18276
29384 18228
30274 19215
30125 19029
29943 18747
30056 18867
30159 18864
30593 19110
30350 18864
30714 19140
31262 19527
30735 19191
29105 18225
31582 19716
31869 20076
31387 19551
31810 19914
32284 20010
32344 20046
32027 19950
32257 20154
32495 20445
32594 20238
32928 20625
32925 20535
33138 20583
33264 20973
34406 21471
33931 20964
34802 21969
34144 21633
34038 21375
33496 20631
35075 21936
34928 21852
34730 21708
31566 19506
35666 22341
35614 22269
36075 22443
35029 21594
35459 21951
36327 22761
36603 22755
36779 22950
36470 22806
36755 23004
37196 22905
37243 23028
37178 23277
37326 23172
37063 23040
37553 23511
38076 23652
34390 21294
37851 23490
37708 23535
38939 24426
39312 24678
38165 23733
39020 24348
38830 24240
39670 24792
39975 24912
39830 24999
39389 24459
40104 25173
39847 24645
40124 25032
40281 25230
40671 25272
40873 25656
40863 25491
41119 25536
40643 25197
41396 25779
40467 25143
42175 26226
42483 26370
41463 25755
37721 23292
42328 26328
43428 27198
43009 26727
42792 26637
41869 26061
42543 26211
41252 25650
42130 26058
43029 26598
41459 25533
41803 25779
43975 27201
45109 28029
44639 27597
41732 25464
44369 27453
45099 28290
45025 28026
45267 28062
45476 28020
45363 28143
46464 28815
45965 28671
42844 26235
45283 28116
42154 26166
44212 27237
47599 29715
47030 29574
46325 28686
46561 28599
47515 29202
47297 29205
48524 30399
48410 30219
47510 29505
48681 30336
47993 29496
48562 30282
48524 29997
48119 29730
49853 31173
49458 30924
48554 29901
49848 30942
49903 30987
50588 31515
49879 30903
50326 31230
47619 29136
50334 31092
50038 31077
45093 27690
51476 32220
50154 31206
51205 32049
49955 30699
50765 31473
51033 31599
52751 32880
51382 31680
52228 32499
51373 31716
52740 32805
51090 31380
47113 29037
50362 31092
53122 33135
52741 32634
52735 32556
52713 32898
53652 33105
53984 33210
53731 33066
53892 33264
54436 33627
54173 33153
55709 34692
49677 30363
55306 34329
54898 33606
55906 34644
56154 34893
55857 34803
55039 34350
56218 34647
57056 35580
56659 35085
56750 35022
57095 35571
56218 34515
57761 35901
57540 35748
57226 35529
56918 34983
57005 35277
59100 36615
58616 36417
59543 36867
56239 34917
58286 35793
60108 37194
59739 37032
59579 36762
59768 37044
58758 36162
59883 36840
60173 37140
54684 33567
60565 37539
59713 36972
61315 37947
59850 36813
61068 38121
61226 37896
60943 37875
60336 37119
61524 37911
61571 38061
61320 37707
61598 38109
63737 39528
62951 39003
61469 37944
62170 38505
62856 38796
63102 38823
64047 39765
63690 39921
53918 32751
62206 38286
64572 40071
62957 38850
62248 38451
63374 39234
63895 39513
65840 40623
65758 40704
65035 40401
64613 39891
66269 41196
65595 40560
65966 40983
65728 40515
65354 40317
65494 40422
66265 40872
65975 40851
67139 41457
62242 38064
66487 41250
67239 41547
67120 41178
67488 41721
67486 41448
66748 41112
66580 40869
67887 41652
67862 41910
67006 41361
68477 42261
68811 42447
69303 42726
69096 42390
68885 42453
66047 40212
66504 40839
70390 43539
69745 42750
69363 42858
69745 42948
70931 43563
70687 43716
71543 44166
70079 43137
70561 43329
72438 44760
60945 37260
71743 44238
70351 43191
71412 44052
72955 45006
72600 44790
71311 43413
72995 45156
73488 45666
73136 45024
73193 44949
71739 43614
73178 45033
73191 45222
72794 44829
73336 44643
74027 45708
73878 45381
74400 45993
74894 46116
74166 45678
75128 46656
75474 46998
68362 42126
75337 46287
75743 46479
75899 46722
75490 46608
75963 46782
76069 46629
74929 45657
76942 47469
76034 46857
73570 45090
76774 47112
78202 48321
73951 45807
77820 47796
77454 47832
77166 47424
77429 47703
77946 48027
77933 47817
76679 46956
78218 47652
78315 48012
79524 48879
77719 47757
78804 48561
74843 45639
79517 48984
79106 48546
80658 49644
80515 49770
79201 48792
80062 48999
80154 49113
80785 49662
80527 49527
81225 49587
81143 49965
76935 47154
79352 48726
81977 50610
81714 49749
81659 50070
82964 51087
82732 50937
81944 50535
83044 51231
82831 50715
83071 51045
83419 51723
83573 51096
83694 51708
84403 52326
75983 46767
75667 46047
84177 52056
85188 52266
82000 49554
85016 52371
85723 53292
83952 52143
85930 53286
84526 51648
85562 52818
86026 53187
85460 52914
86870 53694
82991 51444
85822 52290
84460 51657
86023 52884
88288 54276
87705 54051
86314 52380
80275 49404
87419 53928
88080 54339
85562 52437
88548 54288
87036 53130
88595 54972
89346 55320
87914 53727
88104 53865
88824 54723
88623 54513
87602 53853
90084 55269
89192 54570
88654 54327
88813 54657
90832 55734
89282 54651
86134 52671
90762 55944
89888 54933
90910 55659
91077 56079
91703 56496
91236 56055
90280 55539
92672 56925
92516 56928
92239 56691
82507 50352
92466 56769
82427 50049
92095 56367
94526 58422
91414 55866
91809 56124
92268 56316
94747 58539
93832 57675
82434 49878
92488 56592
94525 58338
95435 59145
94372 57993
93700 57279
95179 58668
93867 57459
94835 57945
95044 58149
94122 58062
86704 53214
86661 52431
96293 59403
97862 60702
95999 59262
96094 59211
96765 60015
95247 58605
96209 58860
97143 59517
87502 53010
96696 59370
93952 57534
97422 59574
97208 59364
87657 53493
99145 61275
99099 61083
97651 59685
98705 60765
99301 61176
89072 54171
100565 61944
100042 61635
99517 61212
99031 60453
101064 62358
99261 60801
100608 61674
98711 60615
99185 60564
100516 61437
100953 62169
100716 61638
100920 61809
101864 62637
103102 63573
100605 61488
101761 62451
101779 62523
102689 63231
102443 62958
102062 62634
103337 63399
101933 62424
101437 61845
103148 63150
102561 62658
100184 61074
103092 63168
103857 63819
102160 62151
103324 63240
99144 60336
104258 64005
103335 63591
103105 62898
104967 64311
106081 65133
102667 62517
105677 64755
105259 64323
106929 65511
106170 65565
105160 64248
100643 61485
107359 66201
106754 65568
107042 65967
106484 65436
99119 60405
106794 65439
107904 65886
107902 65991
107221 65706
104970 64110
107267 66123
109823 67518
108868 67227
109068 67077
108577 66783
106898 65448
110042 67506
108292 65799
107529 65547
109716 67572
109153 66696
110791 67998
109814 67425
110510 67815
110128 67782
110867 67926
109264 67089
110663 67620
111592 68799
110290 67605
111297 68292
111843 68439
112856 69417
112795 69243
110486 67800
113131 69648
112644 69285
110613 67956
112768 69339
111246 67803
112364 68781
113238 69306
111601 67944
112265 68790
114543 70641
114586 70062
114972 70650
114343 70275
114911 70761
111632 68106
115532 70569
115271 70212
114964 70371
114423 70218
115178 70470
116417 71442
113093 69252
115843 70827
116236 71079
115674 70170
115536 70299
115748 70782
117312 72408
114360 69390
116932 71748
117713 72201
118182 72180
118124 72405
115337 69873
117654 72204
118531 72549
116919 71283
118189 72192
118747 72768
118765 73158
117467 71565
119989 73125
118931 72804
113343 69402
118390 72201
117652 72144
119914 73800
120408 73959
119924 73647
119959 73257
120594 73560
121391 74187
119485 72624
120895 73635
119688 72981
122304 75135
121728 74694
121567 74307
122428 74955
120227 73659
122296 74778
123016 75303
122162 74481
121820 74568
122082 75165
122590 75186
122675 74784
123681 75735
116638 70935
124399 76017
123165 74835
124693 76530
124972 76230
124737 76593
124178 75870
124949 76326
125432 76851
124551 76179
124392 75645
123649 75279
125756 76824
116804 70782
125872 76968
123350 75216
125140 76164
126992 77805
126346 77166
127458 77988
125452 76716
126405 77337
127065 77826
127704 77808
128208 78495
127151 77664
128487 78759
128536 78894
127188 77757
127453 77616
127852 78072
127666 77613
129699 80097
127978 78009
128630 78489
128449 78303
126770 77325
129724 78966
131717 81051
130105 79383
129959 79116
123629 75489
131564 80298
129799 79311
132114 81312
130564 79821
130110 79173
132188 80871
131182 80163
132618 81444
130733 80178
131934 80751
130445 79743
131360 80367
132607 81006
131294 80205
132173 80682
131418 80472
132812 81339
133952 82209
133498 81669
133148 81546
133560 82260
134366 82356
131217 79659
132534 80715
134690 82854
132826 80814
134791 82284
134334 82209
132566 80388
134146 82065
135785 83265
135917 83481
136806 83304
134601 81993
136378 83718
137023 83442
136212 83406
133084 80847
136628 83253
136218 83298
136950 83607
138899 84852
137842 84324
137723 83913
137640 83835
138185 84255
130806 79491
135408 82752
137131 83142
137130 83793
137662 84048
138740 84594
138395 84465
139640 85404
139158 85161
138391 84348
140472 85629
137876 83913
139024 84462
139786 85326
140804 85827
138477 84036
141253 86133
140276 85524
141557 86547
141171 86226
140684 85740
141345 85686
141300 86733
138717 84786
141661 86031
142377 86988
141373 86052
142454 86793
141997 86457
142503 86235
143462 87726
140648 85965
141864 86592
142587 86679
137434 83445
142159 86406
144500 88407
144985 88644
143627 87252
144258 87678
144493 87789
143575 86970
143555 87588
145481 88734
142729 86745
145797 88806
143815 87729
145848 89136
145496 88635
143457 87165
146035 89052
145157 88275
144956 88284
144586 87624
146272 88917
147765 90519
148035 90009
146780 88998
147489 90339
147694 90027
148233 90093
147263 90042
148311 90795
145716 88605
148311 89967
149027 91023
148500 90573
147998 90354
147977 90054
150200 91434
150000 91692
148208 90354
143723 87408
148873 90639
149364 90534
150593 91785
149676 91056
150179 91035
150886 91833
149782 90972
150657 91473
150456 91707
151828 92223
148224 89892
150801 91158
150986 91860
151589 91824
151134 92100
145443 88353
153845 93951
152528 92850
151824 92178
152870 93207
152447 92421
146830 89247
153099 93345
154216 94134
151610 92082
155104 94680
146316 88488
153640 93222
153096 92979
153873 93690
154687 94083
155356 95088
153432 93648
156270 95592
156002 95208
155488 95079
157259 95805
156743 95538
157151 96084
156778 95517
156552 95388
155860 94434
154947 94521
152239 92625
153722 93885
157385 95385
158122 96540
157396 95691
155216 94170
156381 95199
156994 95217
158890 96573
155631 93999
154395 93588
157654 95895
159472 97464
155510 94350
160051 97482
158466 96510
159828 97272
157065 95385
160503 97992
161228 98784
160700 97773
161198 98277
161867 98955
160926 97740
160143 97515
159353 96684
159425 97419
160406 97650
162859 99495
161334 98313
159815 97002
162563 99333
162640 99495
163655 99876
162885 99567
163067 99561
157124 95103
155027 94206
164378 100245
163135 99693
163228 99201
163307 99813
163853 99381
164731 100524
164907 100776
166075 101487
164792 100788
161408 97629
163630 100056
165852 100857
163952 99558
164824 100584
164460 99711
165533 100953
167182 101922
165428 100629
165976 101229
158110 95967
167606 102228
166056 100923
166568 101829
166197 100911
167599 102156
159442 96525
167435 101769
168177 102276
166106 101061
167548 102018
169640 103395
168361 102351
168520 102429
164897 100092
167457 101835
169483 103215
166731 101613
168669 102684
162056 98451
167871 102336
169977 103602
171724 105366
167265 101319
171311 104379
153489 92955
171915 104529
172152 104775
171508 104484
167578 101844
170752 104067
171020 103791
172469 105711
171049 103953
172447 105189
160786 97746
170173 103416
174930 107214
174109 106569
172249 105057
170309 103587
172803 104940
174034 106317
174551 106401
171389 104223
173054 105537
173493 105204
174321 105738
174124 106416
172779 104937
169860 102375
175712 107154
168046 102120
174731 106371
173780 105126
176257 107712
174513 105810
175456 106494
175476 106980
175407 106863
175692 107325
171886 104622
177562 107727
173210 105762
177010 107139
176874 108357
177604 107607
179392 110034
176763 108015
174623 106209
177359 108360
173557 104631
178042 107988
177827 108006
179706 109365
177009 107592
179782 110220
171771 103890
177454 107652
179686 109509
178862 109083
178090 108216
179016 108810
179279 109236
180778 110055
180667 109833
179757 109053
183170 112176
172657 103653
174895 105693
175705 106569
181657 110457
182105 110694
181528 110697
179798 109467
179398 109008
181454 110238
178990 108228
183062 110868
180883 109614
182985 111501
183227 111870
184585 112254
182702 110775
181452 109773
183800 112032
184225 112695
184890 113064
185651 112881
184172 112116
183890 111822
185063 112500
186499 113370
185142 112674
185024 112836
179303 108726
186183 113994
185431 112611
186873 114270
186958 113769
186999 113850
186008 112773
184084 111819
187880 114264
186286 113391
184623 112089
187481 113577
187524 113688
184191 111474
189451 115374
188243 114810
187271 113529
186684 113001
187712 114417
188078 114456
188670 114405
189868 115359
189929 115263
190104 115668
188503 114360
188681 114708
191038 116175
188165 114216
191010 116247
190734 115788
188383 114261
191511 116613
191062 115824
191214 115971
191311 116031
191951 116682
189669 114396
187978 113460
192719 117528
192387 117117
190478 115416
192181 116808
192873 116688
192816 117120
194950 119187
191037 115755
194871 119031
192388 116715
194383 118575
191186 116148
194116 117573
194162 117936
194204 117903
195316 118968
193106 117519
192997 116868
195468 118995
194580 117972
193068 116763
194000 117675
190842 115269
194298 118044
196168 119634
195610 119238
195328 118800
196377 119304
196813 118749
196494 119535
196990 119652
196603 119526
196123 119244
197233 120105
197991 120582
195331 118215
196946 119811
195805 119115
197140 119904
198003 120495
199769 121644
199775 121539
199313 122253
201286 122949
200172 122220
197967 120036
197288 119451
191138 115632
198565 120921
198646 120483
195553 118293
200391 121479
198285 120387
201996 123426
200879 122394
203048 123954
198579 120075
200276 122118
200996 121812
201936 123066
200467 121749
201152 122226
191997 116061
198380 120588
198495 119979
202077 122355
202083 122949
200278 121179
204063 123684
204648 124605
203712 123666
198798 120516
200670 121707
204682 124416
205195 124968
206454 125628
203646 123576
204354 124365
202527 122895
204764 124569
201388 122208
206148 125817
203049 123168
205885 125427
205105 124674
205719 124758
205927 124953
205882 125226
206236 124995
207598 126057
207948 126951
204511 123843
205279 124740
205762 124791
205637 124914
207970 126630
208564 127482
205937 125136
209566 127755
209508 127431
207375 125418
207756 126402
208807 127212
209983 127980
210361 127557
206968 125775
210029 128085
208471 126765
208067 126111
208467 126522
209335 126666
209842 127488
210104 127680
210953 128700
209225 126906
210875 128346
210633 128031
212585 130035
213196 130023
190484 114909
210843 127977
211234 128625
211795 128556
199886 120855
215067 131214
212577 129459
210678 127491
213162 130314
208150 126639
213594 129477
193946 117564
212934 128955
214434 130632
213338 129348
213352 129471
213752 130719
211382 128064
214659 130296
214209 129477
214594 130110
215234 131052
212062 128793
213150 129456
216617 131250
217727 132864
215624 131127
213913 129405
214325 129930
216539 132006
214962 130299
217702 132318
217833 132891
216587 131643
218308 132105
215992 131625
217926 132810
195897 118719
215949 131313
218085 132300
218616 132825
218142 132540
218676 133002
218189 132456
219584 133425
217710 132147
217289 131307
218217 132120
214731 129924
221769 135411
220290 133899
219807 134097
218985 133104
219006 132381
217805 131613
220783 133803
219955 133620
220242 133884
219641 133371
221014 134784
220786 133899
219985 133350
222705 135207
221636 134496
220051 133419
221345 134613
224376 137160
222048 134088
221284 134448
223641 135663
219955 133224
225025 137808
222367 134625
222740 135459
223562 135807
223097 135318
223028 135309
224864 137043
224213 136020
224663 135972
225160 136359
225089 135903
219878 133197
221514 134619
224493 136488
224880 136155
224249 135417
222686 135195
215937 130473
225228 136131
226937 137847
226030 137085
226735 137580
224711 136440
226491 137451
226226 137211
223692 135867
224717 135603
226175 137796
224101 135606
228579 138594
228717 138897
227023 137079
227345 138132
227846 138600
229087 139209
222073 134034
229288 138618
228443 138192
229942 140193
230585 140361
232015 141513
230398 139788
222465 134367
231606 140793
229574 138885
230350 139821
231053 140193
221856 134076
230113 140181
229166 138753
230110 139722
231359 140370
230560 140199
231514 140595
232253 140709
231398 140904
228392 138324
232521 141495
234072 141732
232372 141006
232332 140319
233170 141528
234239 142368
232372 140973
234067 141984
233518 141393
232269 141063
234802 142446
224380 135810
235232 143046
234189 141792
229108 138483
234646 142257
235982 142941
224775 136200
235265 143145
231287 139926
235745 143310
237582 144462
237831 144597
236043 142698
237296 144105
234042 141696
234972 143151
237678 143775
234643 142299
236434 143346
238156 144249
238719 145245
237155 144051
237287 144687
239455 145827
238146 144315
239666 145479
216435 130803
239300 145050
239371 145281
238622 144570
238642 144492
239535 145161
238171 143916
241174 146715
239191 145197
239637 145542
240014 145236
242000 146772
239958 145443
241182 147210
242767 148152
241511 146229
239271 144384
239528 144972
237942 143829
240181 145815
241457 146721
239282 144702
241382 146490
242485 147129
240722 145503
243143 146928
243308 147165
243534 147654
244969 148788
244789 148428
243214 147585
243498 147723
242068 146481
241027 145233
242723 147075
242267 146286
245620 149217
244820 149154
243240 148365
242329 147081
244975 148434
245118 148884
248074 151980
243042 147375
243982 147504
245337 148686
245083 148998
222006 134130
237398 143397
244990 148167
249868 152319
247928 150723
245684 149121
246274 150207
247311 150474
247152 149733
249507 151572
247362 149703
246537 149148
247757 149862
249210 151386
225700 136299
250008 152022
249091 151287
250087 151494
249407 150807
249141 151512
249201 150639
238000 143697
250325 151251
250753 152388
224940 135378
251146 152781
252427 153483
251518 153024
250904 151845
251661 152592
252204 153159
247918 150144
251164 151746
252086 152166
251845 152856
249673 151695
252672 153663
252986 153669
253912 153774
254609 154455
253302 152925
254149 154227
253441 153750
253908 154380
253895 154338
254441 154773
254000 153909
255524 155337
248888 150819
256208 156036
253231 153567
254265 153510
256702 155673
255892 155550
256536 156255
247352 149571
252160 152409
255766 154893
255418 154602
254503 154641
255651 155151
256667 155622
233225 140979
256433 155028
257196 155844
258594 157242
255684 155415
257727 156021
259331 157758
257840 156351
257211 155754
257979 156501
259473 158109
258716 156366
259252 157776
253957 153558
256310 155550
259367 157041
260165 157971
259986 157551
259077 157083
247148 148983
259959 157506
260008 157506
259789 157254
260267 158274
259675 157563
257349 155529
260451 157467
264089 160854
263231 159606
262435 159279
263057 159684
260898 157563
262073 158943
260053 156750
260742 157428
260634 157896
260646 158121
262032 158877
258134 156879
257358 155229
262875 159273
262035 158484
264116 160242
262070 158643
259698 157563
263394 159162
265533 160941
264578 160635
263442 159423
266874 161937
267174 162489
263393 160035
265462 160563
266894 162153
265390 161121
263650 158967
264721 160611
266929 162201
266596 161673
263573 160251
255572 154746
267481 162363
265471 161391
268503 163035
263570 159546
268333 163128
267946 162783
267775 162255
268241 162993
266641 161313
268854 162891
268171 162717
270021 163749
266636 162138
265966 160626
268377 162954
265701 160656
267665 161913
269056 163191
268395 162189
272935 165477
271705 164691
268665 162042
271148 164058
269806 163776
265738 160881
270628 164040
271534 164007
272062 165696
270527 163473
270692 163500
270132 163773
271749 165024
274039 166254
270157 163734
271873 164853
269552 162342
272093 165591
270982 164550
268646 162489
275216 167610
271845 165117
270446 163401
274960 167565
272587 164745
261895 158265
272420 164820
273473 166230
273426 165288
271034 164130
277175 167838
274205 165618
277786 168555
275882 166998
270182 163362
275846 167481
274137 165921
276082 167172
272816 164574
275787 167166
275231 166176
273831 165630
278449 168915
274248 166419
278415 169347
277676 168186
278388 168297
278446 168858
277946 168609
278427 168318
275277 166479
279098 168963
277021 168069
277586 168048
279310 169620
279696 169470
280561 170073
279119 168639
276992 166728
279891 169920
278967 168624
279379 168435
250315 150744
278427 168669
277886 168027
275925 167271
280716 169614
280406 168963
280140 169425
282295 171408
276638 167355
280443 169932
282444 171597
282806 171516
282996 172008
284354 171558
276993 167256
276262 166788
281026 169884
283071 170829
283918 172092
271261 163524
282058 170346
285012 172857
282201 170877
282417 170904
283557 171393
285089 172329
285223 172494
285745 173310
285662 172890
286383 173562
287231 173700
284680 172182
286896 173970
282778 170952
285344 172254
277774 166731
286374 174129
283066 171036
283630 171609
285972 173679
288147 174483
286395 173346
286044 173328
287732 173778
288997 175317
288698 174834
289919 175893
289155 175260
289672 175947
286621 173370
288491 174585
289351 174849
289025 175206
288807 174309
289293 175521
290220 175362
287760 173646
290056 176055
288705 174417
285850 172416
289542 175164
290048 175497
290563 175476
290365 175641
289865 175251
292846 177750
290036 175563
292820 177012
292106 176340
290992 175617
291909 176895
291940 177258
290978 176028
293043 177576
294675 178644
291240 176613
291293 176325
292969 177540
289711 174543
292695 176694
292814 177186
293334 177687
292964 177471
295591 179277
295483 179472
293392 177603
293430 178152
294231 177876
295078 178422
294499 178152
296347 178806
297087 179943
295306 178548
290441 174798
296199 178953
294871 178236
291078 175845
293792 177774
293727 177516
295861 178791
296876 179217
297945 179892
298134 180831
296748 179688
298266 180357
297598 180171
293174 177819
296616 179577
299000 181347
297617 179916
296568 178611
283537 170709
296823 179217
299600 181407
300536 181809
299112 181134
299451 180783
300055 181998
299308 180669
299304 181536
297458 179085
298416 180510
301201 182454
300686 181896
300689 182031
300897 182319
299763 181053
300199 181254
302688 183324
303377 183294
301276 181998
302035 182193
301875 182589
296171 178638
303182 183672
304312 184113
273126 164538
303557 183600
299000 180381
302773 183126
297786 179640
303731 184434
303168 183231
306015 185217
305754 184806
296938 179184
301775 182055
301976 182850
306152 184815
305485 184806
306381 184947
301965 182262
304979 184482
304932 183804
292135 176490
298148 179166
303883 183243
304322 184593
306474 185619
306094 185022
305850 185088
276295 166557
304348 183504
307295 185325
305898 185181
308983 187686
303985 183519
308238 187047
307607 185961
308571 187002
305410 184626
307687 185409
310693 188223
309732 187290
301882 182025
310888 188313
309281 187023
309643 187485
304225 183861
308637 187296
311129 188691
309577 187029
310961 188700
309129 186999
309618 187215
311079 188145
300619 181530
311547 188712
308434 186144
311096 188397
309710 186612
305381 184488
310916 188178
312251 189273
315030 191817
313525 189909
314539 190518
308003 185976
313962 189753
315042 190779
312339 188385
310891 188019
314444 190551
312400 188634
313889 188994
316871 191994
314665 190731
315567 190992
315560 190977
313948 189978
314231 190320
298354 179730
315341 190632
316493 191097
286840 172845
309826 186726
285407 172401
316066 191610
314161 190296
316497 191100
316594 191754
317222 192423
317328 191985
318446 192789
319690 193611
314364 190317
314902 190038
316556 190956
320021 193851
320048 193683
320771 194529
318277 192162
318682 193020
321410 195183
318379 192720
312581 189255
313468 188790
317188 191781
320205 193812
319687 193716
319568 193074
318678 193314
314411 190062
321092 193944
313967 189447
320519 194322
317269 191349
295400 177123
315470 191490
320869 193314
291100 175014
318185 192288
322118 194631
321710 194763
316441 191094
321510 194157
319921 192507
323819 196035
324776 196863
321850 194355
323733 195459
323834 195687
323404 195498
324637 195960
323965 196269
321246 193716
326938 197883
323331 195654
325358 196545
325096 196509
327515 197973
323068 194490
327131 197826
325986 197331
324616 195885
326236 197088
317575 192234
325356 196530
323186 194994
325670 197064
319235 192795
309635 186477
325194 196443
327309 197682
322586 194556
328127 198261
327834 198690
327908 198819
327785 198552
327257 197712
321890 193974
329160 199473
327794 198516
326522 197400
329653 199842
325569 196044
330581 199923
329352 198384
329991 199644
331962 200730
326337 197253
330349 199620
329567 198882
330800 200607
332491 201486
328301 198705
332010 201450
329112 198789
333247 201924
332697 201009
333202 201651
333891 202131
332322 200742
329737 199680
331233 200106
334339 203112
333433 201759
332102 200802
331879 200562
334552 202479
334820 202548
331095 200406
333898 202095
334396 202071
329739 198546
335409 202425
332744 201642
336144 203865
336231 203505
335363 203175
329417 198687
333799 201405
334602 202080
336975 203658
334872 202254
332413 200904
332258 200748
335879 202773
334906 201459
334738 202176
336710 203601
339884 206262
336500 202812
328904 198492
336971 203706
331089 199158
336116 202674
339194 206139
335527 202404
338472 204375
337736 203832
338644 204966
338198 204408
340434 205881
337959 204615
338475 204228
338086 204243
340898 206418
330050 198867
336996 203910
338904 205413
333602 200589
341145 206448
340507 206607
334738 202494
307252 184683
342797 207807
340238 205233
339944 205407
343070 208029
342841 207507
338455 204327
339532 204666
343237 207573
343784 207708
342515 207297
339155 205044
342329 207081
344416 207993
342500 207474
342609 207567
339759 205059
336826 203466
344606 208701
345522 208998
342231 207138
338167 203988
330275 199356
347009 210252
342479 206880
346435 209091
345903 208419
341884 206289
345708 209289
339273 204756
345547 208758
344130 207744
346402 209598
344790 208800
345226 208839
346145 209109
345381 208299
348577 210915
348931 211041
346853 209706
347553 210171
347200 209460
349018 210840
347836 209844
348884 210456
348537 210402
349148 211281
348407 210234
346735 209163
347520 210036
351272 212841
333810 200940
348936 210753
348759 210798
350553 211905
344587 208260
350209 211437
350082 211776
351414 213084
352715 213006
351025 212727
349899 211497
349247 210783
349839 211356
350261 211707
342096 205746
351674 212727
351463 212325
350804 211923
353990 214653
352893 213813
350663 211545
346053 208416
354301 213954
354891 214143
354982 214965
354084 214575
354673 214239
354696 215172
355492 215604
355563 215916
352077 212964
353904 213900
355572 214506
354850 214389
314003 188982
356047 215241
356064 214833
355867 214785
353229 213036
355876 215424
356974 215577
334436 201348
358162 216555
354677 213822
353535 213501
358106 217014
356171 215682
356602 215169
357381 215118
356463 215544
352564 212955
359572 217689
359187 216885
350786 210705
356923 215010
357740 216492
354385 213819
359555 216993
360316 218145
360802 218340
360531 218049
360754 218328
360962 218277
359474 216897
363178 220083
360683 217872
361249 219186
354379 214047
361272 218295
361733 219081
359877 217230
360833 217929
359358 217080
362467 218481
359417 217164
363657 220188
359744 216657
362842 219261
362368 218535
360165 217446
361391 218829
363033 219138
365007 220374
363455 219876
361498 218520
362129 218373
363485 219477
366331 221814
364156 219720
365324 220644
346051 208962
364916 220518
366920 222717
365045 220827
368369 223161
361924 218610
362775 219552
364103 219525
365766 221172
364045 219204
366352 221733
368437 223227
367941 222942
359756 217005
366666 221382
359748 217014
366597 221259
363638 219102
365746 220416
367669 222006
368738 222777
368015 222888
366203 221130
369425 223209
365091 219597
369604 223125
368564 222939
360852 217683
369920 223131
368824 222504
360858 217173
370115 223404
368698 222327
354687 214653
369889 223281
371137 224853
372561 225900
371031 224250
368867 222984
368856 222861
371160 223695
370556 223410
371789 224814
372269 224343
370190 223887
371685 225153
369174 223080
369216 222798
372819 224853
373220 225948
371889 224904
371515 224616
372510 225366
374410 225759
369343 222972
374044 225273
369999 223272
374909 226794
370673 222570
377415 228336
376099 227763
372784 225219
371712 223872
368651 222177
365913 220593
373440 224772
373690 225510
374482 225525
376338 227376
368526 222759
375564 226743
376876 227409
377484 227784
339175 203736
377266 228090
374481 225837
356965 214317
379055 229746
370710 223560
375787 226497
377809 228357
377333 227907
377919 228009
380087 229737
370863 223485
372215 224688
377866 227502
378571 227901
378623 228084
374778 226113
372661 224142
376154 226236
381174 230679
380167 229683
378643 228213
379982 229461
375507 225732
364363 219840
379964 228765
381859 231069
378171 227529
382000 230442
381599 230628
381760 230193
383304 231831
381409 230379
380172 229803
382461 230793
382302 230175
380519 229464
383545 231420
373384 225615
384772 232941
384489 233073
379847 228804
383414 231729
383708 231972
382515 229947
378886 228705
386981 233904
385799 232968
385204 232566
385461 233274
386268 232893
380394 229446
382280 230229
382638 229968
368223 221700
384569 231687
386760 233187
384645 232293
386949 233619
385530 232101
384968 231840
390020 235608
386868 233703
387338 234090
388686 235050
382956 230340
385305 232557
389081 234954
383081 230754
387533 234036
387529 234006
389916 235281
388483 234534
382972 231336
389085 234444
387992 233382
385151 232062
388636 234198
389062 234837
380359 229308
388928 235017
390590 235821
382907 230871
389533 235905
390774 235461
389670 235128
390042 235506
388847 233982
392914 237957
393036 237396
389036 234393
368718 221631
389393 234651
386987 233067
393998 238026
392282 236937
391297 235722
393566 237675
391559 236478
392655 237051
393848 238278
386006 232872
384031 231678
392581 237120
395538 238719
388351 234462
392562 237561
391329 235842
394480 238146
393425 237024
397169 240123
392309 236694
394460 239142
395000 238584
391989 236886
389706 234924
396534 240231
394693 238149
395043 239160
398107 240498
398311 240297
397668 239733
396048 239394
392563 236751
397853 240525
397612 240600
393343 236541
397740 239640
398896 241371
399446 241749
398492 240873
401116 243156
400152 241890
396114 238080
390745 235323
393648 237228
400170 241533
399274 241362
386005 232065
400251 241761
399522 241371
397666 239748
398271 239934
400896 241830
400825 241779
400431 241623
397669 240021
402303 243243
398800 239793
401799 242511
402931 243549
402927 242436
401108 242127
400730 241725
400030 241593
400181 240723
398633 240243
405672 245676
394344 237516
403916 243399
404096 244428
404506 243990
406193 246168
402307 242703
403709 244221
404578 244428
401864 242412
400876 241908
404214 243813
405089 243549
406437 245982
406965 245892
407239 246234
382796 230136
401387 241281
403055 243489
406049 245484
405580 244668
387912 233553
404463 243387
405066 244485
400379 241566
405569 244497
400814 241818
405930 244401
405724 245046
405661 245493
407096 246078
404505 244077
408887 247431
408155 246402
408513 246780
409303 247476
401676 241926
409460 247761
409737 246978
406869 245814
406175 244554
403526 243225
405794 244494
408344 246933
409983 247686
410028 247299
405636 244197
409093 246492
410998 249027
403606 243096
409910 247605
407444 245754
405570 244296
412302 249180
410577 247929
414459 250371
411872 248556
