586 438
677 489
630 450
575 417
701 558
1334 954
1352 963
1440 1011
1381 972
1316 894
1986 1344
2015 1455
2175 1530
1948 1404
2209 1545
2579 1692
2788 1854
3011 1938
2873 1935
2733 1881
3633 2412
3491 2370
3446 2325
3275 2154
3573 2367
4544 3069
4444 2895
4528 3060
4457 2979
4286 2883
4911 3204
5146 3387
5262 3441
5438 3630
4775 3219
5860 3810
5899 3927
5885 3876
5902 3945
5962 3912
6832 4320
6724 4449
6676 4365
6967 4509
6149 3972
7523 4800
7663 5007
7371 4779
7654 4944
7282 4728
8308 5268
7476 4866
8328 5427
8393 5496
8376 5424
9518 6153
8435 5409
8411 5403
9149 5955
8794 5670
8449 5442
9816 6312
9992 6453
9217 5820
10145 6627
10706 6984
10807 6999
10813 6966
10757 6837
10892 7020
11086 7179
11714 7536
11002 6951
11222 7194
11404 7173
11681 7548
11645 7425
12160 7713
11773 7464
12066 7821
12860 8190
13369 8346
13168 8358
12982 8175
13274 8385
13930 8790
12292 7731
13953 8946
13471 8670
13610 8502
14470 9222
14355 9162
14602 9213
14571 9429
14454 9069
15401 9873
15259 9753
15200 9753
15439 9777
15556 9966
16379 10500
16261 10512
16188 10416
15953 10110
16031 10287
16200 10158
16724 10605
17431 11085
16371 10251
17337 11142
16976 10419
17728 11211
17675 11133
18061 11448
17622 11271
18340 11670
18983 12030
18548 11751
18579 11595
17764 11253
19048 12024
19589 12300
19323 11988
18992 12183
18592 11550
20016 12720
20019 12837
20106 12741
20700 13131
18989 11694
19113 11955
21260 13449
21342 13500
18622 11430
20580 12948
21620 13605
21940 13905
21643 13581
20810 13137
22298 14403
23378 14841
23091 14427
22738 14280
20533 12921
21110 13200
23475 14826
23556 15150
23511 14889
21349 13434
23543 14877
24427 15312
24011 15216
24715 15624
23762 14859
24624 15645
25124 15987
25014 15729
24865 15642
25132 15852
25236 15900
26181 16575
24616 15402
25155 15666
26202 16221
24812 15489
26981 16989
26521 16701
24462 15159
26693 17070
27071 17115
27722 17451
28080 17865
27158 17046
27652 17337
27220 17001
28830 18144
27260 16578
28372 17760
28727 17817
27833 17349
29298 18327
29287 18366
29132 18228
29826 18711
29838 18822
29916 18540
28743 17808
30035 18966
29908 18561
30350 18834
31092 19536
30091 18681
31419 19779
30540 19152
30534 19200
31451 19752
31607 19620
31610 19755
31181 19686
31376 19845
32201 20073
32792 20589
32458 20541
32586 20106
32189 20028
33593 21165
32691 20307
33577 20769
33280 20661
33835 21309
34235 21255
33777 21126
33766 20958
34259 21168
33965 21249
35161 21969
35296 21840
35271 21861
33801 21147
35048 21873
35835 22350
35973 22623
35246 21876
33521 20814
35608 22299
36772 22980
35796 22350
35979 22407
35460 22059
36502 22938
37002 22983
37715 23385
37698 23643
37321 23079
36847 22980
37814 23667
38081 23796
37801 23235
38044 23904
38543 24003
37017 22788
38267 23877
35276 21828
38629 24261
38641 23892
39559 24588
38210 23502
39901 24936
40398 25197
39531 24774
39516 24387
36294 22617
40550 25431
40666 25380
40621 25437
41948 26520
41170 25665
41748 26175
41296 25470
41239 25755
42415 26445
42270 26016
42107 26163
42049 25959
38542 23964
42871 26583
42969 26601
43160 27078
42423 26493
42535 26469
41515 25926
37658 22950
43370 27072
43852 27114
44063 27615
44212 27315
44745 27963
44504 27966
44339 27501
44021 27660
46211 28734
44072 26931
45960 28689
45862 28638
45437 28053
45602 28011
44609 27483
45725 28347
46838 28962
46372 28962
46871 29145
47689 29550
47648 29811
46360 28539
47226 29259
47204 29367
47123 29364
45145 27936
47227 29565
47768 29763
48559 30507
49094 30252
48764 30141
47976 29736
47951 29829
48822 29916
49049 30282
49569 30531
50261 31461
49229 30573
49768 31011
50594 31569
45880 28575
50344 31173
50889 31437
51105 31878
51471 31944
50786 31404
51771 32100
51516 32268
51729 31764
52596 32676
49479 30507
52694 32658
52455 32481
52981 33222
52411 32442
52163 32379
52594 32340
53289 32949
53592 33279
53280 33186
52912 32733
53678 33237
53089 33303
52075 32244
51927 32079
54685 33948
54122 33606
53505 32898
55920 34449
56532 34914
54849 34146
54412 33750
55073 34098
56098 34695
55628 34434
56042 35112
49603 30420
54383 33261
56340 34974
56783 35124
56834 35154
55997 34293
56006 34629
55470 34041
58288 36183
57544 35430
57788 35790
57998 36105
58320 36312
59453 36966
55614 34008
58701 36291
58467 36312
58857 36261
59938 37095
58344 36207
58691 36438
58903 36447
60428 37404
60332 37164
59782 37236
60748 37413
54084 33345
60388 37266
60253 37305
61433 37950
61126 37455
60023 37107
61594 37740
62129 38640
61867 38172
61944 38514
61572 38046
62424 38727
62766 39117
63397 39213
59252 36567
61044 37578
63647 39459
63579 39465
62855 38874
61410 38025
62370 38370
64152 39177
64254 39834
64261 39276
63692 39039
64251 39558
65618 40494
65966 40863
65102 39984
65307 40374
64425 39900
62412 37818
65712 40623
65788 40857
66534 40881
65264 39663
66191 40857
59336 36348
66630 41028
66341 41088
66000 40416
67850 41946
66481 40716
66163 41025
67205 41301
65494 40410
66709 41130
68159 42120
68443 42297
68350 42363
68381 41787
69135 42486
69557 42720
69259 42687
69058 42525
62560 38262
69793 42786
69432 42837
70341 43257
69823 42897
63501 38865
69903 42960
70262 43488
70903 44085
70411 43578
70858 43686
70412 43404
67937 41838
72115 44367
70521 43446
70502 43533
69882 42771
71455 43662
71843 44292
72497 44583
73454 45075
72898 44730
73425 45342
71871 43890
73052 44949
73475 45165
75217 46167
74220 46089
73961 45240
71906 44109
73675 45624
73988 45510
75301 46272
74271 45666
74683 45972
75059 46161
74735 45825
74624 45876
75355 46254
74254 45255
76131 47166
76390 46749
75313 46005
75176 46353
75729 46419
76057 46851
77212 47649
77109 47154
78126 47907
77622 47862
77282 47469
76946 47289
78288 47724
77393 47535
78303 47916
78070 47364
75418 46692
78693 48654
79004 48894
76997 47175
78972 48642
79659 49017
79515 48675
79739 48999
77240 47340
78534 48198
76761 47337
81275 49929
80498 49416
80842 49596
79351 48852
80093 49083
81098 50205
80190 49242
81682 50517
81149 49677
82086 50856
82124 50235
82773 51117
78825 48381
82336 50676
82840 51402
83680 51843
81134 49824
81597 50010
80883 49353
81219 49659
84170 51966
83503 51489
82091 49890
79390 48387
84257 51585
84343 51939
82580 50508
83390 51171
84111 51897
84287 51795
85366 52293
84722 52119
86086 53139
80573 49080
86783 52935
85532 52719
87327 53670
84941 52401
86463 53214
86964 53307
87489 54060
85539 52449
85352 52239
87139 53433
87508 53922
88622 54129
88583 54486
87813 53988
86886 53706
88456 54300
88488 53889
88791 54906
88546 54348
88820 54342
89725 54852
90102 55527
85643 52407
90087 55266
80495 49092
88077 54117
86194 52713
91059 55473
89596 55041
90180 54963
91310 56328
91548 56256
91446 55947
92171 56268
91430 56277
92534 56721
91566 56286
92290 56784
92042 56607
91568 56280
93376 57549
93775 57774
91299 55923
92293 56775
93291 57447
84375 51390
84276 51903
92490 56805
93309 57774
93709 57768
89805 54891
94258 57960
94753 58269
94552 58356
93005 57099
94550 57786
90684 55416
94542 58047
95572 58806
93753 57924
95169 58548
96270 59157
95197 58272
96274 58929
95952 58701
96243 59049
98191 60105
96364 59025
96015 58800
96331 59217
97207 59472
97783 60045
98014 60285
97742 60075
97683 59751
99124 60714
98877 60855
94210 57528
97930 59871
91753 56106
99734 61308
99197 61017
99191 61440
98573 60198
99130 60717
97608 59787
100361 61680
100553 61920
98456 60006
92107 56364
100761 61608
100374 61953
102492 62793
100861 61584
100319 61161
100171 61122
103087 63315
101152 62586
101277 62403
102034 62874
101203 62124
100848 61566
99256 60450
101594 62892
102691 63378
94067 57927
103708 64011
105049 64446
103352 63432
103900 63435
101732 61809
102433 63126
104030 63756
93416 56964
105692 65187
104108 63570
104399 63924
106236 65082
105421 65130
103996 63729
103175 63084
104545 64212
105102 64047
106723 65619
106127 64932
106851 65409
106814 65622
106518 65322
106094 64926
106843 65670
106387 65172
105280 64359
105384 64278
108642 66330
109001 66924
108149 66201
108382 66195
108653 66627
107444 65772
107367 66087
109350 66924
111040 67641
108482 66621
110190 67983
109220 67458
108846 66936
110474 67902
110857 68274
110091 67746
109983 67674
110470 67644
109895 67050
100708 61449
110512 67803
110162 67200
111313 67947
111074 67899
111375 68367
109157 66519
112114 68595
105087 63885
112050 68754
114852 70020
101484 61833
110551 67740
111435 67254
113519 69609
113417 69372
113655 69657
111757 68124
109926 67176
115061 70707
106650 65118
114562 70203
113774 69657
111316 67893
115826 70569
103750 63324
114886 70617
114094 70092
115414 70755
116656 71235
113043 69537
116104 71034
115950 70965
118414 72426
117266 71499
115981 71076
115989 70374
117949 72312
117201 71532
117786 72333
117725 72027
118282 72561
116678 71460
118625 72594
117574 72102
118176 72606
119337 72702
118438 72216
119706 73494
120056 73275
113440 69198
119460 73314
119523 73440
119787 73152
119507 73008
116327 70440
118335 72219
121346 74238
120920 74040
119750 73215
120960 74562
121449 74508
120409 73596
121482 74175
121591 74607
121802 74088
121127 73866
121400 73782
121911 74766
122152 74679
122615 75534
122956 75366
122911 75018
123325 75825
123827 75870
123815 75789
120759 74007
122777 75438
123912 75606
125498 76644
122327 74670
121795 74127
121845 73977
124817 76467
124177 75831
124740 76239
125865 77178
124466 75738
122894 74682
126063 76980
125843 76689
125592 76254
125689 77067
126709 77571
126603 77352
126738 77751
124171 75531
127321 77685
128305 78498
126615 77724
128376 78300
126218 77211
125378 76896
128199 78234
127928 78369
128833 78537
126041 76836
128127 78360
129794 79371
129846 79764
128017 77676
125660 76974
128329 78309
130639 80061
123343 75675
127132 77634
130221 79146
129606 79710
131557 80412
131196 80445
129905 79260
128059 78234
130619 79665
131006 79893
132900 81108
131281 79737
127354 77484
130853 80259
132471 81000
131329 80418
134043 81684
131960 80631
132603 81318
132814 81585
130208 79743
133378 81288
133085 81693
131850 80229
134911 82899
135649 82932
135419 83064
133852 81711
134534 82005
135647 82878
134917 82611
134632 82374
135368 83211
134926 82566
134920 82644
136291 83082
134185 81765
136084 82917
132974 80709
137244 83877
135891 82860
135941 82818
136168 83430
135007 82419
137231 83712
136638 83337
136623 83055
138066 84183
135275 82140
138762 84150
138005 84675
136788 83421
139389 85107
138935 85080
130603 79347
133771 81246
137915 83766
139537 85311
138737 84441
139957 85416
139783 85317
140058 85242
137101 83463
140461 85980
139073 84540
141537 86136
139301 85137
141028 86613
141392 86580
141144 85875
141087 86085
140989 85929
140606 85632
140725 85440
142042 86457
141582 86334
139971 85107
138584 84144
142076 86331
144965 88308
143459 87897
142900 87312
136859 83577
141898 86457
143465 87309
143612 87207
141565 86220
141861 86457
143048 87084
145253 88755
143172 87351
142878 86979
145071 88503
143828 87630
146183 89373
142929 87273
145009 88878
145207 88143
145240 88602
147605 89679
145464 89298
147021 89238
146674 89265
146705 90063
147690 89922
146382 89025
147179 89553
146258 89622
147353 89244
146798 89430
148852 91167
146285 88698
148175 90549
148244 90255
148684 90387
131886 79686
141791 86394
148402 90216
148636 90237
149666 91152
147043 89655
150149 91398
150291 91890
149830 91116
150921 91734
147300 89643
151351 92166
147825 89943
133760 80802
150070 91188
150600 91692
151529 92076
151393 92037
151375 91929
153410 93831
150620 92121
152034 92934
151640 92523
149869 91425
152811 93441
153319 93378
152963 93183
153089 93699
153224 93330
150068 90858
152647 92661
140700 85218
154719 94266
153691 93996
152804 92796
155427 94983
139483 84633
153520 93720
155341 95184
153868 94185
155493 94341
155443 94722
154858 94269
155922 94746
156060 95166
154728 94449
156170 95487
155073 94398
157143 96045
156327 95391
153729 93966
156637 95772
157033 96162
158452 96840
156800 95295
156478 95622
158619 97245
154911 94743
157597 96117
151082 91620
158802 96909
159054 96687
159090 96489
158251 96630
158210 96159
159946 97377
158927 96780
160067 97497
156541 95958
161446 97848
154573 94197
160505 97335
161779 98550
160994 98184
160627 97401
159450 96933
162050 98748
161274 98472
161563 98574
163009 99894
159204 96933
161368 98139
162360 98865
163230 99615
163125 99012
160252 97398
161123 97941
162507 99273
161484 98178
164734 100119
164700 100728
161108 97881
163537 99642
163709 99843
164467 100383
164588 100992
157976 96156
163823 99393
165978 101148
164947 100194
164555 99816
164276 99471
150340 90810
167276 101742
162455 98490
166789 101649
166668 101016
166916 101607
166650 101268
167585 102063
167268 101988
167194 102060
167818 101730
168396 102627
167288 102576
168419 102954
166219 101085
165348 100998
168153 102678
168288 102477
169000 102597
167879 102018
168456 102414
165101 100527
169721 103692
168949 102693
168962 103296
169280 103641
168101 102006
169509 103902
168880 102537
168791 102915
166306 100425
169388 103401
169224 102792
171223 104535
169475 102729
170523 104226
166457 101514
173093 105711
171026 103653
171223 104175
172283 105045
172684 104394
173152 105576
169333 102579
173499 105813
157017 95385
173701 105831
170258 103290
173661 105624
173149 105582
174478 106524
172708 104883
173532 105489
174130 106311
173850 105438
175025 106614
173973 106149
174475 106263
173211 105843
174745 106638
175715 106563
174380 106185
174929 106341
175479 106890
176321 107646
177517 107724
146551 88365
177614 107850
174849 105939
177885 108435
177153 107535
176528 107358
179058 109149
178384 108387
176921 108147
174104 105918
173959 105294
178630 108453
178389 108999
178384 108417
179637 109245
176480 107289
173246 104865
179325 109158
179180 109458
179649 108807
178512 109479
179287 109224
179793 109482
179840 109731
179281 109545
179560 108984
180801 110238
180930 109929
181069 110373
182187 111036
180721 110022
180713 109821
181672 110355
183066 111423
181216 110121
180783 110598
182638 110841
181435 110394
182872 111393
180219 109704
180421 109305
182131 110835
184205 112062
182030 110538
184032 111882
183198 111159
184804 112683
182645 110736
185500 112656
183930 111885
186075 112770
186364 113487
184092 111861
186541 113502
185826 113115
185211 113052
183825 111906
185791 112560
181341 109731
186390 112785
185386 112626
182310 110496
187498 114228
185052 112560
185862 113259
186716 113361
188675 114135
186123 113772
185038 112104
187774 114945
187915 114450
189750 115239
171604 104097
188867 115026
185676 112764
189025 115107
186061 112650
186307 113934
183999 111810
191177 116223
188601 114630
189119 114963
190029 116256
190068 116004
189628 114975
189662 115140
190437 115149
190855 116157
191354 116412
173227 104613
186338 112866
193570 117897
191880 116799
173058 104643
192741 117300
188648 114873
191949 116886
191895 116913
192957 117699
193146 117228
193905 118044
194332 117717
193864 117906
193927 117630
192308 117282
193728 117981
192486 117258
195346 118827
195142 119160
194101 118260
185905 113229
194285 118044
195009 118713
190181 114657
195671 118620
194710 118539
191684 116142
196494 120105
196268 119280
196157 119934
196551 119358
195163 118260
197054 119664
195812 118296
198587 120756
196871 119049
197282 120627
197151 119157
197096 119928
197190 119865
195824 119220
200689 121800
197602 119877
198341 120303
199557 121047
198791 121254
198786 120504
198662 120576
195863 118518
190100 115239
194065 117687
200705 122043
198595 121029
198513 120165
200844 121590
200018 121893
200859 121683
201402 122715
201047 122655
200790 122022
197219 119169
201790 122862
202269 122490
203059 123477
197653 119424
200077 121590
201021 122067
201974 122589
201763 123060
203917 124779
203941 124038
204086 124359
203864 123225
201247 122367
204330 123903
203147 123537
203540 123330
202532 123369
205577 124692
183704 111609
203984 123927
205780 125784
204786 124545
200765 122202
206466 125745
203446 123474
206547 125937
205639 125601
205951 125181
206024 124956
202389 123141
197625 119667
201602 122670
206717 125472
203188 123132
207746 126528
206696 125712
207237 125922
205658 125112
206741 125556
207435 126387
208385 127056
209096 127365
209937 127926
205634 124692
208856 126852
208392 126615
208646 127053
209984 127581
210714 128649
208513 127257
210426 128478
210135 128412
207459 126651
211013 128304
209844 127605
210222 127731
210490 128049
212376 129006
209925 127269
210505 127176
211073 128301
211206 128817
209102 126990
210410 127674
212576 129654
212947 129459
213668 129639
210802 128166
213016 130149
211836 128694
213396 129363
214745 130413
213369 129249
213575 130311
213472 129732
215089 130611
214358 130089
214724 130410
212843 129543
215118 130557
214883 130872
215410 130989
213393 130194
215786 130788
215624 130644
216813 132081
215982 131478
215877 130845
215818 130677
209207 126333
216804 131745
215865 131247
216473 130971
217583 132945
210067 127287
211508 128760
217247 131958
218447 132519
217155 132078
213192 129312
218220 132567
218715 133281
196942 118626
217200 131601
216860 130635
218005 132792
219197 133218
216837 131391
219419 133599
219193 133062
219078 133020
218117 132489
219146 132966
222035 134220
219664 133185
222535 134904
219415 133278
220825 134448
221758 134337
217573 131625
219154 133641
220007 133878
221546 134559
220033 133542
222474 135600
221997 134439
222446 135519
222667 134862
224834 136419
220408 134256
221727 135084
222645 135366
225294 137154
222994 135489
221740 134424
222789 135027
223203 135960
223391 135393
224642 136605
223944 136308
224789 136362
224995 136683
224231 136524
221127 133551
225316 136788
224397 136305
227113 138264
226482 137235
226986 138033
226260 138087
225678 137154
223604 135600
225896 137742
215373 130791
225175 136665
224412 136641
227789 138423
228655 138519
227455 138432
228067 138471
229066 139278
230101 140322
205281 124434
222929 135054
226827 137586
228142 139443
223028 134943
229966 140013
227595 137955
229811 140235
228803 138828
229323 139242
230395 139866
229360 138876
228953 138936
231165 140028
230364 140583
230263 140007
228002 138678
230964 140250
232872 141645
233018 141786
231156 140223
231016 140292
228949 138609
233404 142083
232232 140919
231447 140079
231946 139848
210976 127731
233855 141702
221990 134505
233634 141783
232984 141216
235327 142644
234051 142236
234096 142287
234264 142083
233075 141639
234854 142218
234104 141921
234132 142074
233454 141375
236339 142659
232347 140667
236576 143964
235813 143223
235154 142173
235133 142551
234360 142110
237820 144759
236664 143079
232672 140769
230752 139872
237131 143727
238609 143868
232449 140403
233637 141597
237629 144294
237570 143523
238574 144687
238748 144609
238294 144936
237914 144267
237553 144201
239424 145554
240300 145386
237773 144102
240344 145977
234532 142209
239133 144873
241007 146340
239778 145632
241029 145959
240334 145914
239215 144036
241374 146805
240961 145791
240108 145701
243166 147384
242268 146823
241040 145842
238573 144201
240103 146124
240665 146559
243557 148029
239287 144573
242981 147873
239657 145395
244468 148995
243080 147591
243398 147783
242012 146364
239481 144078
245074 148986
244278 148725
238175 144342
239586 145017
244304 148065
242092 146262
244962 149085
246185 149280
244815 148851
244904 148380
244543 148137
246244 149592
243652 148032
243789 148263
244464 148302
246118 149274
245930 149031
247309 149577
246717 149757
241662 146436
216135 130119
247573 150564
241758 146328
245326 148827
247606 150396
247529 149982
248256 150645
249411 151095
248366 150819
249265 151575
247938 149706
250167 151365
249527 151440
247348 149925
246802 149706
249769 150375
249021 151293
248205 150621
248887 150831
248604 151170
249193 151203
249226 150732
251536 152883
250476 151974
247989 150243
250795 151833
249920 151521
238213 143724
251716 153246
249363 151086
250626 151539
253454 153630
249289 150624
250938 152310
253100 153192
251413 152172
251711 153750
252157 153117
253596 154596
253253 153312
252317 152577
253023 153609
251937 152934
254824 155142
255282 154992
253929 154605
252863 153108
255320 154782
255298 155382
255797 155211
255382 155511
252848 152865
255422 154590
254444 154293
255611 155274
255908 155532
257314 156420
256508 155526
258530 156210
253362 152886
255741 155259
255568 154422
257088 156135
254143 154128
256253 155712
255922 155484
256165 155289
258071 157173
259541 157299
258028 156264
255140 153936
257550 156288
253523 153543
259052 157587
261823 159129
258530 157407
259666 158340
261259 158337
258048 156600
260907 158565
255574 154296
261037 158112
259163 157293
260344 157704
257734 156153
259332 157200
260679 158292
258825 156759
258258 156099
257523 155985
262101 158934
261089 158493
261695 158688
263977 160080
262498 159633
250124 151704
264817 161304
260340 157098
263742 160002
251101 151752
261437 158235
238368 144510
264716 160641
263507 159954
264341 160821
265172 161019
263460 160074
264209 160779
266386 160842
265289 161076
260827 157647
258964 156687
266398 161649
266906 161100
265241 160368
265168 160989
263466 159282
265191 159975
264883 160392
265509 160509
259859 157314
263591 160317
264913 160920
269574 163884
265769 160431
266536 161979
268313 162963
267661 162255
269040 162999
270683 164235
267435 162063
267708 162321
269799 163668
267712 162996
268615 162816
270197 163803
269017 162696
261639 157500
270619 163455
266878 161541
239566 144333
270455 164280
269368 163809
271241 164784
271002 164601
267928 162432
272069 164730
271179 163974
272780 165243
267485 162024
271929 164400
270144 164031
272558 165171
267935 161994
272791 166755
265044 159936
272664 165291
274987 166296
273027 165384
267313 161850
268496 162579
267169 161394
274539 166113
273637 165114
271986 165126
274918 167175
276215 167766
273790 166530
276064 166938
273225 165093
274149 166425
276100 167214
276820 168012
274568 166155
274920 166224
270922 164193
275276 166644
277890 168945
276374 167499
277079 167838
276984 168189
275193 166380
270179 163908
276654 168108
276844 168183
278282 168435
275552 166209
277743 167604
277843 168519
279507 169686
274726 165906
278460 169152
279069 169404
277202 167535
278220 168426
274644 166023
278209 168285
280734 169434
281081 169755
280772 170610
278109 168195
271152 164484
279189 169026
281197 169575
280842 170205
280017 169248
279424 169107
281450 170793
279090 169353
279933 169866
279908 169317
253449 152961
278945 169257
274605 166104
282906 171345
282233 171351
281281 169596
281772 170214
280185 169398
255156 154272
283588 171843
280094 169536
282697 171618
278439 168174
284378 172089
284199 171972
283600 171519
276698 167061
269566 161958
284801 172785
285207 173139
283826 171648
286547 173097
284919 172578
283589 171960
284670 172386
282622 171468
287011 173682
284852 173331
284903 172611
282134 170412
287058 173877
286225 173196
286270 173859
287784 173928
287948 174657
286799 174048
289083 175287
287789 174366
284030 171744
286010 173313
289368 174822
287105 174063
287663 174342
288095 174228
289126 175326
290719 175746
288621 174939
285776 172455
289017 175620
289027 175740
290138 175650
290259 175233
288932 174387
291713 177255
289485 176205
291281 176640
291782 176994
291790 176979
290360 175980
291553 175902
293246 177720
291023 176019
290357 176301
290426 175332
289637 175629
292178 177198
292310 176451
293593 178197
292633 176619
294634 178467
293014 177297
294458 178107
295144 178479
292357 176400
289255 174606
288355 174453
295903 179757
291185 175734
295257 177846
294329 177852
295459 178875
294459 178047
295426 178311
296268 179499
296140 180003
297269 179640
295890 178995
295299 179427
296832 179388
297240 179979
297642 179682
295892 178758
293745 178014
298218 179853
296830 179022
283580 171219
296921 179616
297445 180534
299267 181302
297796 180984
295874 179484
299203 180864
296121 179316
297424 179862
298888 180933
297200 178956
300982 182622
297627 180519
283210 170643
299051 180423
299451 181191
302514 183642
301246 182865
300074 181365
298995 181086
300451 181329
300806 181440
301577 181686
298365 180201
302706 182586
303147 183594
302124 182805
288155 174114
302390 182949
300797 181896
301213 181941
283300 170475
302967 183765
304059 184152
302179 183294
303694 183864
298843 179946
303204 183351
305112 184905
301689 182454
306102 185535
304906 184761
303745 182916
305187 184830
305593 183879
305661 184695
305608 185103
304964 184155
305057 184788
306132 185610
305145 184095
306776 184821
306837 185790
305564 184479
305547 184500
307239 186429
307755 186486
305845 184944
306270 185784
308113 186234
308560 185937
308488 186888
308225 186030
307042 186156
306569 185274
304025 183669
305897 185193
306649 184542
306550 185736
308725 186936
307461 186504
311016 188607
308145 186444
308529 186216
309120 186948
311100 188739
304721 184278
308581 186348
310497 187566
307053 185799
309954 187395
310596 188019
311108 188058
311927 188379
296485 178482
309662 187188
312090 188763
311404 188190
308693 186573
312899 189606
312030 187920
313559 189612
313077 189159
314830 190347
292754 176067
310896 187575
313079 189612
311614 188376
308182 186537
311916 188061
315390 189783
312701 189360
315446 189726
308148 185736
315062 190293
307183 185592
314431 190197
308696 186447
315448 190386
315693 191103
316378 191097
315008 190209
316170 191307
315768 190926
312310 188238
316924 191439
315056 190980
318886 193170
308599 186564
318945 192345
320247 193119
319495 192921
317902 191949
316566 191874
315227 190320
317780 191172
315729 190731
313933 189474
319943 193335
317587 192549
319037 193344
321362 194202
312485 188868
318025 191835
310921 187614
321010 194055
319500 193920
322511 194781
320752 193770
315766 191346
319458 192111
320688 193986
321078 194436
321632 193788
320387 193656
323235 195324
321775 194880
320558 193944
320407 194625
317702 190737
319811 193476
315629 190857
325611 197376
319501 193023
325777 197175
309025 186675
321923 194919
322321 194973
323178 195561
324357 197133
323311 196116
326579 198534
325176 196821
322356 194559
323235 195726
325059 196746
323849 195966
325834 196599
325440 196926
325176 197496
325652 196761
325327 196536
327630 198087
326522 197598
322165 193983
326847 198324
327231 197778
327226 197652
325516 197208
312045 188484
327970 198219
328762 198681
328626 198945
328684 199557
327888 197817
329163 198864
316609 190782
322789 194271
329171 199158
322407 194580
313758 189177
329992 200193
329275 198771
327978 198198
328287 198570
331932 201186
325090 195894
329821 200184
330924 200694
329702 199650
327933 199497
329198 198957
330607 200376
329312 199695
330958 199941
331338 200580
316320 191139
329338 199509
331060 200409
331151 200097
328936 198486
330146 199161
332875 201846
331345 200073
334720 202683
335020 202899
332145 200727
334954 202557
334116 201903
331405 200253
333913 201771
332956 200439
324798 196431
331724 200646
335174 202131
334007 201861
302456 182883
336117 203373
332984 201336
331478 200496
338166 204432
335065 202695
337811 205191
336101 203211
334658 201744
336504 204123
337858 205278
336199 203157
337303 203715
332732 200367
336986 203742
337496 204687
334948 201474
334503 202032
333658 201726
334678 202302
336862 203322
338660 204054
338299 204480
339565 205128
340703 206475
336225 202755
339100 205104
332501 200454
331077 200289
336670 203106
340391 205977
339399 205935
338296 204018
339584 204741
342130 206448
340762 205800
340399 206112
341034 205878
339522 205701
342189 206907
343577 207510
342319 206664
340877 206016
341550 206442
341612 207021
344132 207999
341117 205317
342409 208431
343407 207081
344529 208746
342346 207369
342362 207471
343333 207987
327581 197916
344967 208560
344141 207879
343796 207981
346747 209724
343948 207837
341239 206814
343122 207294
343587 207573
345235 208806
346037 209388
346374 209151
342707 207588
340293 205674
346364 209997
346481 209430
347168 210516
346767 209709
348479 210372
337999 204642
305136 183330
349296 212058
346292 209451
344220 208059
349138 211122
347680 210093
345275 208470
347696 209904
347776 209760
342800 206784
344597 208488
350087 211296
340554 205473
347725 210309
350935 212334
350679 211971
350055 211263
350774 211932
348059 210063
349608 211623
332564 200145
350293 212586
350614 212673
351393 211563
349287 210654
349848 211641
350675 212193
353898 214686
352125 213165
352144 212937
353335 213705
353177 212919
350701 211665
351689 212229
353122 213648
353850 214263
354443 213954
342470 206451
351668 212817
351404 211965
353912 214362
352577 213615
355009 214029
353014 212427
353572 213882
355176 213327
354478 214029
354685 214164
355093 214620
354190 213771
338949 204543
356675 214983
356245 215022
356173 215517
357013 215388
357461 216366
356132 215100
356913 215226
355912 215295
356366 215169
358398 217002
358025 215976
359203 217020
357800 216183
357140 216132
358385 216228
356270 214917
357785 216696
357475 215937
333444 201087
357629 215928
361271 218784
358710 217062
360723 217653
357246 215742
357401 216168
361819 218856
361374 218712
327387 196953
352098 212097
360323 216897
353532 213750
364249 219144
352841 213210
361842 218013
361025 217956
361664 218838
360509 218061
361034 217830
364348 219819
362982 219717
363895 220026
365713 220863
362624 218454
362769 218523
363484 220434
359863 218094
363496 219132
363518 219729
362982 219222
365456 220617
362884 219078
365594 221253
363742 219621
364829 220767
362707 219279
367946 221970
363322 218970
363949 219468
365846 221217
360066 217083
367162 221808
365395 220950
367122 221628
367528 221712
367069 221886
357517 215487
364329 219648
364380 220314
365751 220602
345787 208242
369952 222897
367099 221832
366342 221040
366493 221352
368592 222441
360236 217431
367062 221508
367786 222933
368234 222798
367084 221664
364524 220812
369277 223608
370759 223569
369319 223851
370305 223161
371196 224046
371015 224517
368218 222450
371965 225744
369914 223479
372473 224961
371172 223623
372209 225156
371116 224562
373795 226596
371885 224712
371218 223614
370262 223653
364769 220110
372274 224568
372526 225150
363491 219426
370542 223692
371677 224970
373388 225207
372837 226197
374019 226674
372663 225795
366489 221109
373162 224814
373145 224595
373788 226386
336696 202713
370004 224292
373579 225651
374713 226659
374715 226266
373525 226170
376130 227772
371132 223260
377099 227772
374538 225783
376972 228324
377875 227967
375690 226581
374975 226602
376916 227256
377578 227901
377202 228345
376250 226836
378042 228537
377588 227622
374234 226098
376416 227427
375973 225912
379267 229032
378682 228630
374509 225930
380217 229329
380231 230163
380102 230274
377582 227355
379504 228849
380427 229332
376824 226407
380649 230673
380143 228684
380656 229746
380227 229944
381782 231084
381957 231336
382826 231333
380978 229413
382283 230622
382676 230127
381288 229947
383128 231507
377932 227244
339047 203712
381729 231177
381822 230820
371430 223275
378573 228621
382374 230505
382668 231153
384001 230688
386618 233394
363377 218685
384157 232302
382563 231057
386262 232839
385221 232752
383852 231738
386003 233490
383941 231333
385024 232245
385792 232896
384871 232515
382333 230133
384538 232623
384634 232569
384714 232299
386886 233259
384676 232959
385098 233334
387358 233625
385685 232401
387906 234402
385279 232419
382096 230067
382646 230967
386353 233019
387636 233508
386549 234360
387094 233940
391657 235659
389243 235080
381423 229674
385948 232104
390508 236439
385420 232491
386979 233145
384923 231336
387300 233892
386780 232986
389158 234975
354772 213306
371851 224241
390107 235764
388519 235245
390303 236217
391927 236616
393322 236802
390788 236055
389540 234507
383523 230790
386824 233382
387435 233700
390733 235587
390112 235968
393154 237003
387379 233373
391992 235980
390824 235863
392397 237066
392938 237492
394617 238551
395805 238545
392033 236223
395062 238464
394629 238212
396492 239775
395820 238302
390639 235848
392309 236103
394798 238779
393180 236793
395130 238629
395555 239373
384128 231441
394595 238875
393367 237564
394729 237459
378046 228219
392380 236430
395134 238272
394917 237768
377683 227934
396839 238809
397249 240270
399214 240558
396383 239637
397935 241140
389361 234732
398849 240828
396690 239361
398283 240420
395277 238641
397164 240327
393190 236922
397363 239778
398392 240732
396897 239685
400167 242199
398966 241086
397588 240015
400850 242379
400817 242577
399923 241389
402684 243864
400112 241497
381431 230076
402335 242622
398193 239877
401251 241518
403170 243435
400290 241350
399385 241260
402559 243096
402335 242460
402015 242964
400693 241869
403467 243780
405414 245064
401317 241920
402500 242607
401450 241608
402520 243537
399116 240387
404671 244251
398802 240276
403479 243447
403911 244116
403845 243996
404777 243402
405231 244272
399744 240840
404733 244500
406501 246027
403421 243348
396352 239175
404624 243729
407003 246165
407608 246027
407230 246219
406336 245238
406288 245655
400923 241722
407083 245766
407175 246210
402960 243588
407866 246081
409388 246750
409434 246972
403139 243069
399867 240480
407358 246243
402947 242811
404011 243987
410772 248433
410010 248127
408866 247257
400302 240822
409189 247029
413330 249444
406465 245139
398256 240084
411018 249102
411769 249300
410311 247563
411862 248418
407433 245973
408385 246546
412239 248805
372877 224178
412916 248691
413067 249210
412379 249171
412469 248592
402709 242316
