623 471
659 513
750 573
640 456
642 474
1511 1044
1308 915
1442 1032
1484 987
1424 1023
2076 1479
1912 1281
2019 1350
1855 1290
1999 1422
2798 1899
3020 2004
2839 1953
2852 2001
2859 1893
3710 2439
3147 1938
3748 2583
3445 2307
3689 2361
4434 2889
3729 2505
4470 2958
4340 2850
4525 3018
5232 3480
5295 3615
5039 3411
5128 3240
5092 3471
6023 3981
5770 3696
5745 3765
5414 3555
5572 3492
6587 4371
6849 4461
6792 4464
6735 4362
6192 3990
7634 4956
7509 4797
7047 4536
7426 4866
7326 4731
8172 5373
8286 5403
7639 4977
8334 5424
8482 5406
8653 5715
9114 5814
8879 5688
8554 5502
9426 6093
9854 6357
9490 6066
10071 6438
10023 6570
9881 6444
10975 7020
10173 6435
10176 6627
11021 7152
10589 6858
11615 7377
9987 6315
11745 7581
11194 7296
11418 7305
12512 8079
12160 7752
12096 7881
11862 7776
12354 8076
13203 8433
12930 8229
12858 8238
12912 8478
12959 8400
13817 8877
13568 8706
12749 8028
13669 8844
13926 8814
14289 9087
13516 8436
14151 9105
14909 9528
14856 9360
15188 9555
15563 9909
14843 9420
15552 9879
15682 9966
16112 10128
16415 10425
16122 10353
15906 10050
14027 8904
17203 10971
16630 10632
16725 10674
16948 10794
17117 10923
16783 10530
16982 10725
17907 11409
17321 10803
17697 11205
18691 11817
18311 11511
18793 12060
18647 11976
18573 11835
19530 12471
19840 12528
19462 12027
19181 11985
19612 12396
19886 12327
20602 12990
20027 12816
20608 13068
19861 12567
21006 13287
21340 13614
20856 13299
20624 13140
19397 12207
21702 13731
21891 14157
22262 14151
22133 13944
21233 13482
21705 13641
22528 14076
22192 13944
23079 14706
22737 14247
24183 15231
23424 15003
23252 14676
23034 14598
22911 14427
24006 15162
24182 15480
23855 14889
24306 15249
24274 15231
25058 16068
25069 15843
24359 15231
25567 16242
25099 15825
26055 16536
25623 16179
25306 15897
26151 16584
25326 15885
26982 16911
26609 16734
26844 16806
26964 17040
24225 15093
27294 16845
27252 17181
27019 17199
27384 17379
27366 16911
27794 17448
28034 17394
28124 17664
28916 18084
28840 18078
29149 18372
29053 18354
29006 18273
28847 18099
28941 18222
29011 18177
29641 18558
29360 18267
29173 18177
29630 18531
30850 19335
30631 19326
30376 19050
30513 19110
31235 19617
30895 19116
31213 19551
31607 19863
28355 17439
30900 19293
31885 19968
32093 20097
32674 20349
30830 19293
30802 18900
33481 20991
33369 20841
32240 20199
30288 18636
33288 20901
33976 21198
33609 20715
33055 20757
33661 21090
33973 21594
35195 21951
34514 21729
33240 20634
34545 21543
35162 21834
34829 21699
35842 22428
34234 21114
35704 22119
35348 21984
35808 22197
36508 22566
36233 22485
36234 22635
35954 22425
36909 23238
36472 22764
37073 23184
36923 22986
36327 22332
34619 21606
36953 22896
38282 24105
37441 23508
38457 23871
39076 24345
38859 24429
37955 23382
39026 24273
38226 23772
40108 25080
40426 24951
39375 24795
39626 24648
39212 24387
40359 25182
40557 25434
40768 25410
40768 25425
41005 25608
41536 25674
40870 25482
41344 25686
41185 25623
41577 25965
42556 26379
38483 23466
43043 26913
41237 25755
39738 24309
42384 26490
43334 27135
42466 26421
40746 25404
40883 24957
43486 27036
43680 27090
42358 26211
43910 27468
44144 27456
44372 27747
44382 27828
43210 26928
45684 28188
44313 27558
45263 28164
45571 28311
46114 28917
45056 28227
45509 28263
44424 27534
45927 28533
46100 28593
46704 29004
46004 28632
46620 28908
46937 28968
46146 28527
46600 28899
46170 28491
48115 29865
47618 29676
47723 29562
47808 29682
48431 30288
48035 29802
48736 30435
49205 30435
48300 30396
48712 30180
49214 30699
49448 30735
49178 30621
49375 30309
49331 30627
49851 30564
50365 31269
50499 31404
50019 31125
49628 30411
51456 31932
50415 31251
50821 31455
48361 29475
49836 30603
51865 32214
51404 32049
51604 31983
50696 31545
51815 32055
52953 33063
52770 32394
52130 32181
52865 32940
52482 32796
53094 32946
53325 33243
52612 32394
51654 31947
51750 32181
54613 33741
54870 34005
54165 33537
54643 34056
53761 33243
55002 33957
54448 33519
54754 34308
55165 34353
55315 34032
55438 34089
53635 32916
55801 34584
55135 34296
55999 34782
56956 35106
56726 35316
56924 35331
57202 35235
57277 35430
57164 35229
58257 36090
57279 35178
57198 35148
54398 33510
56223 34947
58298 35811
58888 36255
59026 36342
57005 34986
59069 36624
59456 36714
59438 36846
59743 36741
59838 36873
60301 37341
60417 37371
60814 37581
60141 37308
60385 37251
60446 37686
61669 38214
55476 33825
60811 37593
58408 36300
60992 37440
61946 38307
62308 38688
60738 37434
61969 38442
62904 38601
62613 38757
62563 38289
61957 38481
62999 39027
63056 39105
63607 39273
62694 38808
63201 39015
57526 35286
63955 39678
63794 39288
64003 39681
64648 39882
63756 39441
64562 40062
64757 39759
64754 39894
64026 39621
66117 40902
64968 40533
64548 39462
66407 40890
65106 40389
59885 36708
66024 40698
66107 41091
64136 39267
60672 37140
67445 41817
67360 41592
67852 42102
67200 41490
67951 41685
67887 42174
67697 41856
68422 41766
67063 41688
68268 41817
67033 41145
68144 42147
68708 42702
69217 42840
68815 42768
69295 42996
70391 43218
69624 42771
70008 42984
70423 43398
68589 41892
71025 43554
70797 43539
63896 39282
71057 43905
70339 43548
70775 43899
71475 43896
71356 44067
70935 43590
71548 44448
72517 44919
70710 42969
70476 43290
72488 44742
72414 44577
73353 45228
73645 45129
73464 45585
72152 44058
73419 45015
74042 45741
73477 45330
74301 45597
73936 45237
73677 45429
74878 45825
72715 44502
74588 45495
74319 45708
72475 44265
75535 46677
76351 46830
74559 45528
71754 44259
75715 46584
77455 47352
76577 46917
75954 47169
75971 46380
69949 42870
77873 47898
75582 46596
76870 47202
76542 47247
76119 46770
78620 48354
77530 47433
78133 48165
77577 48129
78790 48639
79221 48612
78759 48129
77838 47961
79840 49065
79082 48405
79571 49128
79167 48555
80278 49509
80001 49440
79479 48930
80508 49356
80513 49485
80463 49470
72709 44511
79956 49242
80927 49968
81459 50160
82085 50310
82037 50217
81664 50448
82751 51000
81993 50448
82113 50502
81817 50553
82339 50973
82645 50796
82950 51324
81435 50145
77852 47625
83175 51489
82251 50613
83909 51816
84100 51909
83301 51555
76536 46869
82699 51012
85098 52323
84427 52371
85028 52644
85090 52683
85412 52449
83962 51441
86011 52839
85500 52230
85102 52377
87078 53562
85889 52899
84754 52038
86255 53073
86201 53391
86206 52929
84969 52143
86768 53406
86729 53376
87792 54114
87555 53394
87116 53811
87936 54021
88218 54246
87297 53880
87152 53757
87863 53994
79832 49092
88987 54879
89375 54855
89904 55113
87691 54027
89586 54972
89795 55197
89308 55155
91264 55992
90038 55281
88388 54459
89770 54810
90539 55626
91017 55656
91707 56352
92516 57042
90720 55632
91634 55701
91821 56532
92213 56808
91772 56436
87168 53493
91665 55740
93286 57288
93292 57384
93560 57492
93394 57498
93487 57534
92833 56982
93599 57519
93021 57696
93467 57390
93864 57582
94636 58080
93238 57096
94215 57918
94155 57999
94460 58134
95358 58512
95939 59121
94855 58572
94673 58119
95647 58797
96147 59109
96394 58944
95781 58965
95690 58554
97000 59799
87733 53697
97387 59598
96024 59013
97083 59973
88042 53481
97973 59895
98037 60195
97892 60180
97982 59943
96152 59184
98170 60228
98247 60210
99296 60735
96451 58707
99471 60774
99791 61566
99561 61215
99326 60972
99987 61191
98456 60252
99125 60714
96368 58962
99408 61023
100585 61755
99275 60804
100768 61896
99578 60699
100937 62118
100232 61524
101481 62391
101253 62073
92010 56079
102269 62823
100354 61734
102767 63012
102365 62730
103636 63252
102887 63261
102047 62826
103481 63561
103538 63645
103888 63927
103908 63783
104433 63894
104338 64227
105489 64743
104402 63915
104374 64389
102614 62970
104623 64017
106167 65412
104291 63732
104806 64596
104909 63900
104516 63930
106815 65487
106073 65046
105307 64821
106630 65724
106320 64722
107253 65556
106646 64872
106566 65676
107019 65565
106192 65202
107348 65484
107541 65592
107336 65754
108244 66798
108306 66747
108641 66720
107019 65346
108661 66795
97989 60360
104843 63549
107712 66177
110502 67539
109170 67032
108549 67062
106858 65058
110314 67791
109363 67053
110122 67926
111292 68376
109337 66795
111034 68529
111996 68163
111444 68487
111362 68190
108672 66399
110791 68037
112431 68439
112143 68523
112179 69222
109157 66636
111770 68445
111679 67986
112369 68943
111471 68391
112967 69453
112581 69120
113793 69246
111625 67971
113815 69693
109779 66384
112920 69042
110564 67362
114308 69627
113451 69657
114274 69912
112752 68583
114357 70161
114296 69924
114738 70317
114446 69900
115711 70869
115093 70623
116227 70824
115489 70482
115664 70608
116659 71748
115739 70515
117064 71688
116547 71718
115601 70092
118149 72459
111846 68646
117422 72255
118468 72243
116837 70776
118757 72792
117899 72030
117839 72057
116962 71055
119417 73398
118991 72960
117853 72054
119005 73248
119335 73095
119427 73392
120185 73308
118400 71964
119710 73440
109267 66399
119755 73098
119471 72660
108178 65643
119983 73485
120145 73875
120870 73959
122209 74772
112503 68115
118113 72024
122178 74577
110397 67485
123361 76188
122783 74892
123291 75507
121210 74334
122411 74964
123445 75300
121457 74046
123143 75483
123329 75738
122958 75615
124865 76695
122771 74967
124848 76068
123224 75405
124420 75744
123907 75753
124927 76494
124682 76431
123019 74574
125331 76929
126581 77319
125941 77043
125874 76986
126599 77166
126338 77358
124829 76239
127837 78471
126312 77412
127052 77979
126634 77265
124085 75846
126411 77985
122265 73974
128042 78225
128380 78108
124668 75885
126285 77280
128493 78741
128319 78369
128028 78252
127538 77925
128904 78513
129414 79392
123237 74886
124423 76242
129024 78600
128432 78540
129922 79104
130025 79401
129727 79311
131954 80721
130321 79797
129734 79596
130839 79755
131613 80589
132351 80775
130684 79731
129134 78474
131212 80013
133349 81003
132853 81438
132685 80940
129002 78573
131754 80919
131414 80031
133810 81909
133243 81540
132317 81060
132928 81309
133516 81474
134516 82308
133676 81543
135294 82770
134770 82548
132082 80712
134711 82347
132853 81318
134724 82263
134045 81759
131205 79776
135542 82797
135806 83187
135319 82455
135886 83160
136328 82995
137457 83850
133765 82125
136730 83823
135339 82746
136532 82941
136516 82893
137283 83739
137902 84531
137140 83526
137505 83808
138199 84489
137708 83460
138432 84756
135801 82416
131122 79500
137618 84198
139021 85140
140752 85749
138283 84669
139174 84660
140666 85938
140315 85812
138857 84780
139943 85392
137428 83373
139985 85674
138810 84282
139164 85302
141810 86460
139758 85683
142007 86139
140970 85686
136478 82713
140003 85794
140667 86265
142846 87153
139267 84534
139349 85071
141815 86394
143254 87756
142562 86538
142680 86667
142295 86667
142678 86256
142537 86619
143092 87282
141151 85641
143708 87591
143784 87525
142406 86730
129683 78738
145745 88920
143780 88095
144267 87396
144070 87879
144459 88260
143640 87513
145671 88968
144423 88197
145049 88788
143677 87372
142620 86868
146060 89118
145567 89049
146000 88737
146863 89499
147465 89985
147010 89967
145767 88611
145469 88113
145182 87951
133017 80445
148050 89817
148393 90090
144621 87519
147519 89214
148614 90498
148841 90399
149012 90933
147823 89916
149905 91548
147842 89568
146749 89715
149876 91512
149446 91395
149106 90285
150418 91530
149783 91077
150351 91638
148787 90201
150347 91224
150760 91467
151505 91986
151026 92574
151730 92451
147691 89901
151502 92553
152751 93090
151808 92499
152483 93069
152863 93327
145881 88326
152800 92967
151377 91893
152945 93474
154038 93258
146197 88998
152447 92982
154125 93975
152909 92997
155127 95238
156922 95364
153808 93354
155229 94671
154867 94185
155645 94941
155533 94362
155436 95280
152357 92202
153197 93267
155837 94869
154773 94698
157547 95829
155164 94359
156551 95337
157160 95559
156670 95328
150987 91806
156487 95247
156716 95442
158582 96873
158352 96495
157241 95880
156002 95394
157704 95979
157852 96171
157420 95754
158893 97059
160494 97764
159379 97284
159181 96546
159403 97224
156049 94455
159930 97062
158891 96387
162399 98634
154861 93738
160658 98151
158937 96771
159845 97527
160094 97656
162107 98853
161800 98274
163124 99909
161012 98097
146730 88815
160702 97575
159410 96771
160798 98088
162840 98976
163212 99132
162605 98784
162037 99138
161640 98808
163664 100059
161900 98502
164589 100026
164215 99669
164592 100737
164145 99273
164036 99903
163558 99687
160529 97890
164658 100212
165424 100725
165377 100539
163319 99648
166105 101409
163546 99480
165758 100929
161882 98631
165897 101043
149842 90735
164862 100263
165723 101325
166590 101919
167757 102060
168088 102594
167890 101844
167788 102429
168412 102825
167176 101775
167868 102246
166085 101124
168030 102774
161451 97587
168939 103113
167290 101427
167603 102333
162268 98184
170993 103662
165376 101298
150859 91548
170131 103668
166669 100632
171057 103557
171272 104436
170256 103548
169500 103380
169559 103563
154299 93753
169205 103245
172052 104883
170686 103722
171865 104469
162981 98805
171905 104685
170080 103746
170996 104535
172658 105261
173605 105822
171790 104817
174064 105672
172982 105558
172479 105090
165189 100131
174570 106038
174701 106383
174491 106269
156677 94749
173788 105558
174903 106686
174454 107031
175149 106173
176008 107148
175526 106911
176018 107313
174506 106422
176353 107238
175802 107160
176844 107373
176707 107922
174365 105876
176334 107157
174805 106218
173301 105246
177021 107583
177201 107562
175773 106827
176410 107664
176329 106440
179240 108513
176261 107157
178412 108261
176500 106815
169885 103152
178527 108936
179303 108744
180852 109779
179423 109128
180930 110148
178363 108195
179504 109086
179518 108693
178619 108483
179604 108915
181344 110532
180525 110307
178550 109293
174842 106500
181053 110058
182819 110688
178620 108639
177565 107427
181919 110457
179329 109047
181703 110685
180295 109323
179467 108621
181122 109824
182591 110634
165827 100347
182724 111573
181354 110406
182464 111135
184024 111765
184045 112002
180145 109419
183074 111759
182016 110460
183648 112107
183747 111849
185440 113160
184835 112302
182947 110973
181642 110475
185645 113382
181723 109998
186591 113088
185542 113436
184212 111849
184777 112419
181134 110061
185436 113502
186456 113397
184966 112869
187397 114075
188791 114834
187845 113850
188843 114540
186319 113673
187891 113484
188265 114345
188451 114279
184210 111339
188719 115023
189134 115338
189373 115707
187260 114093
184542 112152
187493 113970
187853 113949
189488 115242
186752 113229
191999 116799
191705 116406
188127 114399
189388 115329
188365 114753
191676 116175
189842 115398
190179 115803
189873 115407
191016 116244
188851 114747
191921 116937
187364 113574
192065 116814
191963 116796
192409 117174
192573 117444
193252 118014
192045 116550
193805 117192
192564 117747
194355 118716
191027 116322
193936 117951
194966 119154
192413 116961
194604 118428
192248 117078
192064 116697
193629 117789
193795 117837
194219 118041
190736 115959
195200 118392
193497 117489
193822 117708
196451 119298
197282 119625
196283 119244
195805 118716
195979 119268
196194 119520
196461 119934
196161 118920
195325 118491
194660 117756
195610 118764
197731 120441
195016 118599
197215 119979
196897 119970
199634 121332
196588 119895
198974 121320
179549 108531
197238 120162
200672 121440
200915 122451
200045 122250
198718 120786
197405 120507
199196 120759
197903 120300
195863 118812
196852 119382
199635 121455
198929 120723
199805 121326
197473 120045
200988 122604
201159 121863
200353 122466
197011 119316
203997 124098
203044 123183
202348 123174
202644 123135
204248 123867
203349 123369
203821 123612
203611 123480
202746 123486
203657 123744
202655 123930
199111 120114
204533 124134
199969 121275
204494 124134
205882 125421
203670 123999
204712 124281
205437 125157
201163 122295
205526 124839
203808 123741
205964 125142
204892 124254
203467 123615
204836 124833
202372 122334
205651 124764
206019 125565
202707 123324
206574 125595
206810 125391
205964 124785
204637 124503
208784 126876
206672 125502
206049 125352
207147 126315
208163 126624
209120 126930
208013 126402
208978 127236
210069 127872
209594 127164
209007 127287
209183 127395
211012 128574
209404 127725
209726 127830
208958 126504
205363 124509
211375 128793
208664 126543
211486 127938
212104 127980
210542 128049
209205 126420
210301 128835
210828 128091
212065 128799
211897 128406
211264 128523
212610 129822
212255 129210
210646 127995
211775 129009
212601 129084
214177 130287
213128 130098
214637 130416
213111 129708
212891 129360
213044 129882
213604 130497
214598 130863
215084 130809
212729 129894
215307 131037
214839 131079
215347 130995
208426 126018
215078 131031
212174 129066
212164 128475
193591 116985
215394 130851
215985 131244
213794 129771
218162 132237
217069 131913
216249 131529
217271 132276
216447 131736
217526 132630
212707 128559
217183 131613
215562 130869
218622 133017
219063 132990
218329 132816
216540 131337
218557 132978
216579 131862
220135 133656
220843 133908
220171 133635
219102 133203
217763 132039
217680 131982
220195 133563
218248 133011
217377 132033
219345 133413
222190 135045
220770 134787
221920 134910
222343 134661
220500 134355
219589 133590
222663 135138
222123 135267
221393 134193
221659 134649
218284 132201
222339 134682
221796 134826
223651 136170
222423 135465
223048 136059
221493 134493
222350 135663
223484 135840
223252 135729
222959 135435
220520 133515
224711 136041
221561 133932
223308 135918
219343 133050
226029 137577
225503 136911
225448 136968
224959 136374
224738 136314
226056 137499
225622 137055
226333 137457
226078 136677
226830 137859
226029 136620
202101 121662
225535 137334
227596 138897
206837 124863
226348 137625
227572 138453
226922 138213
228204 138825
229682 139785
224938 137475
228492 138417
228450 137979
228377 138669
230099 139896
229447 139044
230333 139581
231360 140349
229701 139197
229446 139503
229418 139203
230033 139104
229039 139323
229396 139416
232868 141549
230825 140118
228835 138846
229127 137961
229655 139311
230074 139125
230705 140313
232173 141402
229836 139188
232341 141354
231665 140199
230161 139389
232830 141366
232401 141717
232217 141006
232888 141354
232598 141087
233560 140913
229879 139419
233644 141828
234109 141891
232244 140661
234131 142131
235909 143262
229256 138516
233165 142035
235337 142578
235118 142710
236659 143148
229764 138549
234077 142569
235479 142971
232957 141210
235303 142761
236524 143667
235111 142806
235021 142443
235407 142803
230705 140022
237154 144045
237207 143601
237533 143805
237860 144393
236040 143211
235771 142605
237603 144231
235935 142224
237580 144804
238778 144312
238384 144636
239827 145068
238652 145035
237775 145785
236731 143808
240016 145488
239037 144780
240412 146211
241319 146583
239722 145596
239647 145509
240083 145890
236905 143700
240415 145290
240086 145344
216978 131472
240984 146238
240523 145944
242663 147228
238950 144561
242776 147420
243228 147819
242765 146709
242865 147063
241343 146565
234842 142329
241153 146628
241365 145494
244526 148470
243910 147525
242403 147066
245529 148797
243526 147621
243852 148140
242962 147795
242843 147279
243821 148485
247927 150039
234242 141549
245194 149127
245428 149091
245379 149094
244352 148668
244582 147852
238961 145338
232917 141003
247728 150516
245032 148365
234823 142026
246597 148791
246092 149475
248040 150207
241265 146355
246445 149634
248865 150822
236574 143064
246517 149595
247695 150507
248484 150387
244496 148329
249590 150705
249203 151440
246009 149055
248075 151497
249134 151110
249693 151749
249504 152325
250387 151998
249454 151341
251215 152283
250102 151560
251878 152601
245300 148947
249562 151542
250788 152313
251742 152718
245710 148422
247743 149874
247242 150033
249291 151812
251459 152178
251079 152220
253194 153528
252912 153660
249483 151806
253363 153798
255005 154713
250841 151665
252585 153177
253357 153534
253396 153828
252484 152964
253725 153354
253083 153558
252727 154164
253789 153624
250736 152058
250304 151485
229819 139989
254865 154167
254198 154128
256227 155121
250413 151761
255474 155823
254875 153969
254748 154719
256601 156255
253743 153735
258365 155721
255964 155961
255815 155898
254237 154224
256693 155943
257200 156003
257889 155910
257346 155769
259151 157065
244054 147456
257517 156042
254034 153456
258167 156540
260098 158208
258558 156648
261830 158976
246507 148416
256305 155457
258472 156429
261216 158844
259282 157107
262135 159168
261486 159021
256219 154593
260144 157878
261334 158580
260099 157761
261148 159027
261634 157962
259040 156774
260491 158205
261854 158286
260450 157791
260787 158229
261074 158433
261404 158934
257869 156585
261648 158232
261840 158994
264061 160245
263450 159945
262035 159564
262143 159537
260990 158886
264846 161157
263173 159546
263624 159006
262536 158562
265651 160887
265261 161055
265367 160761
264051 160740
260035 157254
265740 161352
266457 161232
264177 160998
263449 159474
265544 160359
266456 162147
266504 161442
265116 160755
266310 161046
265546 160965
266803 161679
266244 161211
264817 160806
268010 162813
257990 156048
268160 162855
266718 162225
268905 162834
263102 158601
268593 162768
266501 161490
269971 164058
268933 163293
268299 162726
269108 163593
268817 163113
256680 155412
269738 163863
268227 162630
265735 161691
269527 164217
243779 147807
271202 164817
266760 161430
271391 164934
265609 161427
258979 156030
268212 162540
271754 164673
265645 161178
273889 166905
234066 141180
273285 166011
272889 165870
271051 164235
272306 165333
272790 165591
274068 166470
273054 165981
273800 165450
274036 165540
272908 165537
273695 165408
272003 164388
274924 166707
248673 150300
272363 165318
268844 162690
275561 166983
274980 167160
276307 167574
275396 167247
277013 167373
276258 167487
274848 166431
261253 157722
277202 167454
277262 167331
268802 162471
274449 166188
273512 165498
276661 167172
278617 168519
277905 168366
249813 150930
279450 169416
278422 168369
277641 167493
275803 167067
277261 168162
270917 164334
273397 165612
279109 168873
277515 167763
280896 170679
279590 169413
279535 170088
280804 170265
279177 168957
281139 170400
274130 166017
280785 170205
277495 167760
280842 169764
280919 170349
280278 169935
279639 169710
278422 168717
270343 163065
282918 170796
275018 166656
280136 170028
281765 170475
281654 170910
279144 168753
282190 172095
280805 169680
282325 171306
282986 171075
277176 167073
283284 171165
283679 172206
285090 172380
284616 172806
283050 171444
284469 172710
276445 167400
283007 171282
283249 172191
285247 172602
284783 173178
286730 173685
256770 154806
279818 168696
281715 170292
284690 172554
285547 173703
286897 174285
286022 173847
276068 166506
288239 174687
285083 172758
287473 174120
287361 173934
286256 173562
288603 174552
287628 174696
284016 172383
276528 166716
288453 174906
287974 174195
288840 174147
289119 175494
287434 173736
282531 170940
286243 172887
289602 175758
288918 175713
284986 172038
290907 175965
285221 171912
289128 174762
288870 175530
290133 175245
277351 167079
292576 176928
286756 172659
290125 174864
293444 177906
290451 175725
290302 175824
283154 171129
293867 177711
291427 176460
287654 173874
288338 174882
293019 177450
293217 178104
293073 177420
293368 177798
293881 177780
295533 178491
293449 177096
294977 177747
294569 178659
291462 176670
292305 177111
293505 177780
288963 174066
293113 176700
294251 178434
296775 179877
295549 179010
296150 178671
288228 174858
291859 175935
296427 179679
294615 178953
296427 180231
296613 179475
295988 178992
295621 179175
296808 179463
295859 178833
295318 178404
297738 179190
295330 178299
297847 180705
295231 178500
298095 180084
296019 179031
297860 180339
298227 180510
299456 181296
299565 181353
298368 180600
300121 181146
301447 181701
298917 181266
300707 181890
299840 181410
301692 182154
300818 182289
302133 182688
300014 181728
302856 183354
301116 181827
300077 181470
302660 182796
301545 182679
301346 182025
304165 183381
299341 180162
302085 182532
298604 180699
301827 182328
295260 178071
301722 182991
301707 182415
305325 184137
302592 183504
303702 184296
304201 183801
303894 184014
304102 183654
301830 182310
302861 183189
305262 184416
304491 184044
306366 185256
306108 185508
306892 185925
303405 183369
304474 183897
292510 176160
307269 185877
303986 184029
305355 184236
304805 184506
292031 175797
308493 186495
306180 185562
306253 185772
307362 186564
305666 185127
302252 182367
307832 186678
307133 185055
307131 185916
308939 186777
308311 186795
308726 185973
308783 186834
308421 186531
305754 184161
308962 187713
310369 187575
308380 186441
301132 181773
310108 186972
309549 186600
310292 187665
296055 178356
310889 187698
311045 188214
311416 187641
311580 189213
312100 189297
309907 186951
309322 186876
312783 189216
311955 189387
307355 185640
311107 187338
312296 189438
311615 188049
314162 190401
313088 188997
312248 188463
312091 188772
281258 168591
315402 190542
317032 191457
313435 188811
315595 190890
312591 188604
314196 190152
313115 189840
314628 190062
314017 189756
300871 181818
314698 190671
315194 190902
314564 190926
317433 191373
314733 191262
311015 187752
314426 190227
315352 190179
316256 191655
318203 192957
316756 191694
309557 186183
315267 190425
318198 192495
319465 192705
314513 189969
318363 192579
317360 191874
317409 191844
319755 193560
319215 192678
316434 191226
318863 192654
317047 191583
320359 193233
319805 194133
320353 193758
318363 192789
319236 193107
314598 189348
322211 194160
320686 194214
322851 194919
320641 194319
319681 192639
319393 193158
320378 193893
320286 194307
321088 194250
319250 193083
319236 192426
318500 192234
320224 194259
321068 194571
320495 194175
322916 195411
321220 195177
323474 196032
323854 195450
323170 195687
322650 194550
323601 195885
324154 196125
323951 195924
323766 195411
325435 196983
321669 193926
326672 196848
325151 196206
324320 196008
325228 196503
325749 196725
325076 197187
328249 198267
325397 196005
325857 197652
325768 197457
328492 198561
326740 198330
325948 197619
327209 197517
323277 195387
328733 199140
326969 197808
329525 199035
328012 199038
328934 198918
327056 197568
329051 198972
328206 198609
327134 197232
326902 197625
326876 197811
328531 199413
326803 198447
325329 196191
329649 199530
328209 198093
327561 198504
328557 198303
329184 199344
326247 196857
327202 198237
331909 200346
328865 198735
329196 198852
320999 193440
330928 200079
331143 200262
325925 196728
330585 200091
330707 199800
331087 199974
334009 202107
330870 200247
331920 200259
333008 202167
332729 201699
331195 200523
332345 201078
334320 202536
332483 201411
327655 197148
334418 202395
336983 203862
334491 201852
333918 202128
330335 199545
334999 203280
335662 203157
335013 202383
336207 203676
335977 203196
335591 202611
333563 201861
334577 201957
335578 202800
336210 203277
334536 202491
337098 203871
336875 204531
336551 203670
336923 204435
334662 202914
337633 204576
336122 203154
337435 203919
337225 204057
339483 205173
338462 204753
336998 204027
332009 200184
341404 206718
331484 199953
338937 204822
338959 205002
339981 204708
333291 201264
338509 204246
340589 205641
339381 205299
337799 204255
339110 204783
340432 206037
341864 206436
343684 208158
333886 200769
341737 206055
339359 205161
342033 206556
342085 206946
339978 205647
343285 208056
341181 206592
333710 200982
343528 207684
344515 208818
333824 201621
343180 208119
309933 187275
342483 207042
341126 206700
343521 207567
346063 208947
345003 208797
345018 208725
345212 208365
345871 208749
343631 208194
346294 209196
346540 209190
344506 208692
336657 202440
344206 207948
347307 210225
347461 210039
340041 205863
347327 210243
342477 206394
344670 208047
345630 208536
345932 208923
336733 203316
347186 209886
346244 209088
349128 210600
347836 209751
346790 209535
349027 210573
349967 211353
349291 210840
349052 211020
351010 211329
338625 204063
350039 211572
349933 211347
348746 211284
347352 210567
351263 212238
350514 211476
349903 211443
349296 211746
350721 212616
350056 211203
353737 213447
349902 211392
347514 209415
351737 212460
352040 213663
352540 212928
350432 212487
335434 202350
348661 209694
351433 212568
350657 211953
348093 210120
353778 213846
352726 213771
353873 213726
355307 214590
353218 213663
351655 212628
355124 214401
355231 214812
353191 213804
354748 213465
354138 213675
354076 214464
354783 214353
354994 214911
356366 215145
355760 214416
356237 215367
351036 212493
355209 214689
357375 215961
355999 215559
355920 214713
355290 215190
357923 215919
354742 213255
357705 216186
356178 214788
357251 215727
357545 216279
360314 217695
354273 213018
354821 213885
359030 216519
357445 215517
360198 217221
357819 215895
354404 213750
355925 214719
360463 217533
359087 217332
360368 218046
359482 216552
358520 217167
355456 215352
361339 218427
360670 217818
359079 217104
351923 212412
362676 218736
360652 218517
359914 217164
359392 217137
359171 217035
356354 214794
361536 218133
362886 219126
362540 219297
359137 216603
363250 219381
362814 219489
361959 218271
361505 218496
361786 218607
360724 216804
352971 212970
358808 216063
362765 218919
365112 220779
364305 220866
365447 220743
364385 220170
364261 220050
364680 220251
367925 222276
364011 219609
365215 220377
367047 221352
366212 221853
366388 220767
363047 220131
364885 219744
363606 219492
365652 220029
367515 221766
367145 222165
366638 222027
368267 222951
367922 222675
365951 220563
365906 221322
366157 220875
364311 219441
367071 221676
369008 222438
367537 221955
367091 221910
367279 222042
371924 223791
367118 221598
369622 222861
370718 224127
371140 224571
349382 209895
366702 222129
371575 223782
368035 222390
361989 218496
370348 223269
370565 223521
362358 217962
371216 223785
367373 222012
372377 224727
364910 220395
367438 222441
371714 223899
368556 222078
366023 221100
370852 224631
373150 224847
373106 225603
372198 224823
372851 226092
362778 218316
371663 223530
371367 223941
374515 226200
372642 225348
338722 203565
373769 225066
376400 227550
367675 221583
373113 225207
374470 226263
377394 228063
373688 225738
372096 224763
376333 226632
371828 223350
354676 213390
375220 226698
376497 227115
374662 226515
377220 227997
374633 225801
375835 227757
374655 226062
377816 228597
376357 227097
375038 226875
377069 228399
376872 227691
376731 226752
378354 228366
379057 228294
379948 230271
379825 229959
378566 228765
380664 229845
339308 203907
372823 224187
376827 227751
379372 228969
382385 230256
376629 227394
382559 230730
380586 229875
380655 230649
382115 230766
346107 208674
378389 229128
379228 228912
383505 231702
378973 229011
383655 231675
382777 230955
380994 229923
383240 231381
381007 230103
382689 230943
384508 230748
384959 231780
382630 231270
381146 229668
383960 231618
373590 224514
381568 230568
382430 230664
382979 230550
384535 232974
383099 231345
382151 230682
385135 233067
386837 233550
387038 233226
366715 220815
379500 228372
385965 233154
385213 232512
386956 234540
384243 232887
385015 232710
387240 233799
387455 234294
387911 233544
380064 229731
383652 231303
386014 232164
388493 234570
384348 231798
389864 235278
389775 234945
388923 235317
390335 235242
385892 233841
382257 229830
388361 233796
389137 235395
389490 235245
387877 233436
388050 234384
389758 235515
370318 223026
390601 236031
388468 234315
391415 235944
391266 236052
383466 231156
391327 235923
390848 236337
391048 236400
382441 230649
389397 234498
387996 234135
388962 234369
391224 236487
390518 235920
390461 235824
393244 237624
388461 234288
392833 237282
390330 235818
393121 236742
389394 234966
391757 236037
390956 236118
389003 234279
393819 237012
397068 239835
394885 238536
393514 237657
397642 239502
395303 238464
396008 240612
396846 240060
395054 238158
388998 235116
394209 238341
395425 238959
396802 240330
397506 240540
396482 239859
396252 238935
387310 232734
395340 237735
398846 239994
395908 238710
392007 235461
396526 239469
398603 240258
399035 241083
397715 240078
391874 236193
398943 240636
398815 240300
396742 239040
393157 236751
396923 239151
399343 242076
383110 230370
399908 241020
392196 237018
396666 239652
400904 242169
402144 243492
398950 239769
391049 235659
401131 241923
363474 218601
400139 241689
397458 239589
403890 244233
400916 243096
394286 237762
401355 242679
396501 239001
401368 242769
402791 243393
403125 242985
403741 244578
401454 242988
403566 243942
402328 242511
403756 243825
405030 244410
395552 238182
404272 243399
402167 242598
403773 244074
403317 243408
404173 243981
402054 243156
404727 244467
406952 245805
402118 243270
407666 246711
405822 245556
404444 244032
403686 243537
404388 244098
407403 246033
406088 244848
409677 247068
403353 244200
406372 245127
405843 245355
406074 244983
407400 245829
403933 244503
402168 241146
406285 244980
407059 244962
404439 244176
407624 246546
401695 242142
406416 245112
406233 244692
407291 245922
404598 244062
407380 245616
403194 243510
410944 248250
411586 248286
410769 248190
410106 247629
410872 247470
369574 222708
410628 248613
413992 249696
412151 248994
410349 247836
410754 247401
409641 248175
406785 245163
413543 249429
409919 247425
413726 250146
412668 249831
