4950 450
1626 2763
2494 4194
2757 4515
1220 2238
19900 900
11025 18030
7866 13350
11609 19002
9478 15831
44850 1347
25120 40857
11434 20238
24317 39600
23639 38622
79800 1797
44506 72657
43155 69840
43242 70647
23022 40236
124750 2244
64598 104466
60757 98280
49586 83373
66405 107676
179700 2697
83562 137043
83930 137898
93596 151824
70456 118923
244650 3147
130587 212094
125752 202860
58635 103104
124664 202608
319600 3600
161645 261942
157990 256782
153220 250905
165058 266508
404550 4050
218336 353169
222113 357516
206874 335661
158326 264468
499500 4500
236593 387744
277177 447420
269671 436527
270044 436416
604450 4950
321350 520107
315873 511296
323974 522381
239863 400080
719400 5400
386345 623490
335916 550176
404972 653814
330581 542085
844350 5847
452196 729201
396202 648546
328478 545676
442689 715839
979300 6297
528275 854019
526213 846786
525544 846762
417114 688326
1124250 6750
591497 958212
607883 979647
595808 964251
513534 844920
1279200 7200
694201 1117161
675636 1095060
629835 1024134
573563 939771
1444150 7650
763162 1233774
795523 1283334
722307 1169637
772675 1248693
1619100 8097
694838 1138302
863541 1393875
814245 1326663
742996 1221201
1804050 8550
856156 1396824
974701 1570494
948603 1535334
897125 1452396
1999000 9000
1082676 1751721
1078238 1738938
900301 1472676
1070109 1726374
2203950 9450
865425 1421853
1134749 1841781
1135326 1835847
948859 1562046
2418900 9900
1182513 1921497
1272581 2053380
1199519 1945389
1125748 1844334
2643850 10350
1251456 2044758
1415846 2287584
1390242 2245092
1307905 2123871
2878800 10797
1439326 2330832
1404526 2285850
1543256 2498781
1388994 2261184
3123750 11250
1626356 2629167
1515346 2476194
1635297 2636217
1645350 2654523
3378700 11700
1519655 2478876
1764439 2853300
1805909 2909895
1766480 2847060
3643650 12147
1935974 3127080
1908528 3082479
1973733 3179262
1797300 2931339
3918600 12597
2135216 3452022
2128242 3427587
2063819 3331947
1485715 2497605
4203550 13047
1905230 3113166
2189554 3524889
2029988 3301611
2227882 3593733
4498500 13500
2373281 3827928
2027213 3327129
2360708 3812334
2159624 3525834
4803450 13950
2241309 3655839
2555470 4119531
2539985 4102971
2140385 3528519
5118400 14400
2626125 4244454
2219595 3656637
2678930 4323174
2786126 4500963
5443350 14847
2877735 4645728
2560547 4178052
2867277 4628853
2946159 4751358
5778300 15300
2976870 4815360
3081319 4969428
3110143 5018364
2956245 4780482
6123250 15750
3123584 5055885
3169386 5112306
3299250 5322639
2743782 4494546
6478200 16197
3428216 5534601
3099002 5053698
3449630 5566749
3033412 4942656
6843150 16650
3727591 6030171
3256122 5319351
3691229 5944632
2920074 4809384
7218100 17097
3923378 6314394
3800865 6146979
3925451 6335982
3729213 6042246
7603050 17547
4067115 6545970
3905578 6330273
4146474 6679650
4078779 6576906
7998000 18000
3584713 5859501
4213405 6798576
3948285 6402924
3970571 6441141
8402950 18450
4410304 7133160
4446406 7165725
3862589 6313848
4527353 7299891
8817900 18900
4793895 7710540
4683829 7557852
4598597 7412457
3840180 6310428
9242850 19350
4522405 7343358
4970456 8014653
4240437 6966360
4999874 8054469
9677800 19800
4559883 7431921
5133286 8286327
4987060 8074905
4139756 6811179
10122750 20244
4812862 7844334
5400599 8707293
5393917 8694786
5068105 8228586
10577700 20700
5087693 8293593
5601034 9031821
5070736 8276490
5515965 8890035
11042650 21150
5788986 9373584
5599223 9079005
5807797 9378360
5078927 8326647
11517600 21600
6128977 9901914
6191536 9982731
5886934 9521409
5186868 8506272
12002550 22050
6274626 10133670
6311272 10179273
6221912 10035633
5495839 8986962
12497500 22500
5625128 9200724
6647509 10726677
6463667 10453452
6560440 10595967
13002450 22950
6487428 10529007
7135947 11490543
7031739 11302356
6929224 11157108
13517400 23397
7095341 11437173
6211056 10144020
7370461 11882298
7253779 11695101
14042350 23847
7096602 11483073
7356221 11852736
6234858 10227774
7605706 12252036
14577300 24300
7911022 12742056
7942853 12785490
7701148 12412929
7746446 12483888
15122250 24747
7241899 11744706
7953020 12832710
8147657 13121682
7942247 12820278
15677200 25197
8121527 13139670
8455608 13632528
7026559 11496954
8367715 13494027
16242150 25647
8617537 13887558
8538990 13802700
8724739 14056905
8298572 13450659
16817100 26100
9061758 14607510
8227601 13408959
8794113 14215635
8126644 13225935
17402050 26547
9601630 15466875
9251849 14939709
9445601 15222972
8989008 14521458
17997000 26997
9763483 15741414
8888761 14430036
8411608 13734684
9490700 15315582
18601950 27447
9349590 15139908
8543359 14000004
9908402 15969177
9932648 16032825
19216900 27900
10411759 16792932
10341143 16672029
9434027 15328347
10448580 16832532
19841850 28350
10548025 17010030
10040267 16247661
10550651 17000493
10729941 17282955
20476800 28800
10965276 17655600
9862545 16060167
10975490 17700756
10873998 17510445
21121750 29250
11408230 18408081
11009628 17780304
11589263 18672501
11283838 18183372
21776700 29700
11918220 19198872
11292742 18280053
11689120 18873750
11577179 18665061
22441650 30147
12137390 19542918
11969708 19308456
11456754 18528879
11035331 17965983
23116600 30600
12621118 20317863
11883840 19239156
11716362 18999546
12419065 20025918
23801550 31050
12511293 20205663
12373351 20013204
12803266 20638608
12641201 20382012
24496500 31500
12995455 20931675
12737852 20539536
12533948 20302392
13045885 21027429
25201450 31941
11508570 18778026
13373736 21549690
12072235 19641237
13303564 21482928
25916400 32394
13701075 22090266
13236825 21420408
13821429 22280715
12813142 20786694
26641350 32847
14461823 23316339
14525694 23390493
14472097 23295717
14153487 22815972
27376300 33300
14720366 23715342
13218647 21502440
14525136 23405157
14319080 23102043
28121250 33750
12689354 20718816
15335775 24681525
14696484 23721348
14899852 23989866
28876200 34200
15506632 25026450
15840402 25511277
14907136 24111327
14980129 24221601
29641150 34650
14291065 23237628
15727329 25357620
15752722 25361451
15844255 25525269
30416100 35100
15474928 25035924
16114973 25953099
14286127 23300460
16358024 26406987
31201050 35550
16595080 26735118
15082557 24513975
16819501 27107259
16842984 27126012
31996000 36000
16883885 27219708
16731672 26999328
15056564 24569538
16969868 27349263
32800950 36450
15696193 25515366
17517166 28225281
16656861 26982546
17659795 28458348
33615900 36897
17114737 27684402
17988994 28998147
17691048 28516683
17160027 27763425
34440850 37350
17982571 29001318
16587717 27010017
18344280 29550129
17433053 28193634
35275800 37800
18661924 30088506
17671019 28702452
19171991 30893619
18796244 30325533
36120750 38244
17936962 29129181
18439935 29862306
19230253 31018560
18781392 30375456
36975700 38700
19181629 30993744
19558374 31553778
18228727 29609424
19875801 32042454
37840650 39150
19840768 32031822
20308446 32692800
18165630 29585379
20057977 32359437
38715600 39600
19872077 32122530
20656926 33303621
20592936 33181299
20341753 32812053
39600550 40047
19461453 31604700
20789082 33549972
21372460 34378056
20704682 33398217
40495500 40500
21685991 34975209
20662232 33491916
20044603 32507106
21588457 34755480
41400450 40947
21668460 34972284
21997870 35449197
19759702 32171337
21122927 34157766
42315400 41397
22130643 35780748
21649890 35084097
22641974 36469458
23048818 37138734
43240350 41850
21873426 35417703
21840348 35409015
23393666 37720944
23435348 37783761
44175300 42300
23559884 38036376
23800590 38335074
22580050 36550104
23811020 38345094
45120250 42750
22927316 37104906
23602090 38127516
24179673 38976210
24120242 38874495
46075200 43197
20990285 34291545
25040507 40374747
24771128 39898134
20626311 33821763
47040150 43647
24021013 38953509
25897366 41725104
25149634 40542726
25079712 40458636
48015100 44100
23011137 37402386
25713449 41431680
25864257 41640900
23043948 37575873
49000050 44547
26064224 42030522
26217784 42263859
26656579 42935730
26195368 42221994
49995000 45000
26410967 42605985
26218153 42267282
22417878 36750855
26193214 42213030
