1700 2898
1631 2751
1523 2532
1671 2802
1665 2838
4105 6771
4158 6861
4101 6678
4207 6801
3852 6117
6519 10167
6890 10977
6790 10845
6767 10602
6895 10863
9634 15270
9970 16044
9329 14850
9654 14994
9748 15441
12640 19389
12623 19734
12461 19182
12597 19665
12533 19566
15285 23256
16221 25035
15409 23178
15815 24183
15798 24240
18752 28818
18918 29049
19421 30234
19043 29421
18813 28758
21451 32286
21844 33117
22354 34221
22139 33915
21666 32823
25567 38673
26015 39705
23816 35841
25214 38244
25001 37650
29185 44409
29219 44460
27046 40827
28646 43392
28665 43152
32554 49260
32726 49485
29925 44349
31919 47715
32058 48201
36211 53907
36283 54072
35691 53511
36019 53586
35965 53394
39520 59400
39527 59244
39229 58686
40053 60324
39633 59310
44064 65931
43571 65412
40707 59868
43477 65109
42879 63681
46186 68553
46919 69666
47017 69435
46941 69861
44943 66003
50454 74673
50474 74772
47631 70107
50759 75387
51147 75801
52903 78933
54410 81495
51300 75765
54447 81189
53876 80568
57990 86055
58068 85947
55846 81891
57045 83826
56813 83352
60250 88179
61762 90621
61512 90456
61868 90582
60245 88266
64402 94707
61956 90621
65305 96081
65620 97305
65534 97245
67339 98787
68151 101178
67829 100236
68014 100347
69202 102402
73783 108102
72862 106350
70325 102888
73781 108189
72390 105834
77815 113982
76757 111978
71538 103584
76180 111483
77413 113349
82387 120459
81572 119079
78398 113304
79486 115737
80470 116973
83063 120723
85572 125172
86972 128286
86118 126093
83269 120708
86274 125787
87291 127725
90993 134592
88887 130710
88100 128916
92536 135738
92134 134487
91547 133503
92741 135741
93379 136764
96218 140319
97544 142263
97290 141654
96541 140586
97352 142104
97229 140478
100971 146838
101294 147234
100005 145287
101052 147273
104108 151224
104246 150921
98034 140682
104112 150411
104987 152352
102769 147246
103763 148755
102624 147222
107666 156054
107612 155046
110420 159225
112766 163050
105908 151893
111807 162018
113716 165030
119947 177369
116847 170832
111143 162099
118554 173277
115296 167790
119868 174735
121820 177984
115035 166803
118790 171873
120941 175785
126266 183615
125291 181845
118372 169941
123614 178575
125096 181188
128785 185985
130987 189972
125403 179832
131406 190560
128150 184569
132127 189627
130103 185871
124399 176832
131251 188700
133183 191013
137412 196431
135669 195063
137064 197013
137552 197766
134705 192498
135242 193635
140964 202308
134221 191979
139794 200052
140967 202950
145209 209898
146335 212283
146524 211032
142009 204003
146571 212178
147891 215436
151587 220596
152265 222033
151934 221697
150752 218664
149950 216387
151953 220080
155031 225243
156513 227676
155579 226719
154732 222690
157223 227436
157368 226452
157698 227685
158640 229473
159152 227667
162092 232323
155431 221997
161215 230985
160545 230004
168167 241839
168203 241527
164915 235890
169525 243675
166109 237849
173749 249534
173157 247761
173264 247887
173527 249147
170799 244284
174568 247911
171207 242514
171419 243885
172476 244593
177699 254097
180005 255975
180469 256449
182221 260289
182777 261222
182699 261471
184037 263313
183595 263103
177105 253188
186520 267909
182893 261747
191434 274626
191670 275334
190643 273375
190874 274206
189485 270771
193241 276762
195328 280119
189903 271503
195653 280857
193389 276540
198370 284928
196396 281874
189392 269739
199460 286377
197779 283677
191830 272802
204751 295002
198129 284670
201705 289623
204631 294936
206174 295377
208732 300057
194269 275655
207185 296916
209653 302508
204312 291162
211368 302034
199516 283242
207371 295083
208383 297165
214928 306156
214782 306384
210083 299316
218304 312300
215109 306594
211121 299250
218987 312162
220306 314577
215807 306108
219051 312537
219065 310875
227455 326664
210402 296055
224266 319749
226646 324240
226533 322218
225812 320868
215950 305301
228707 326832
224372 319491
228092 323724
229865 325455
226020 320406
231745 329577
234251 333012
233758 331287
230037 324264
222008 312036
236289 336453
236633 335358
238885 337236
242346 344586
226651 318723
238749 338862
239926 340377
241535 340611
245484 348180
231547 325986
243164 344169
245020 347331
247542 351552
252966 359493
241060 340788
255050 363513
247019 349062
246008 351327
255375 364731
252872 360540
250210 355452
255031 363783
261215 373863
255323 364425
242638 343686
253309 360795
258812 369381
265354 379857
265314 380412
258489 368016
257239 366039
262343 374247
268323 383058
267459 382488
256111 364005
269934 385773
260476 369123
262447 372183
270966 385497
269569 383124
262316 370491
265166 376011
276296 393258
268975 379284
265511 374100
274257 388446
279844 397404
278673 395589
279937 396828
269345 380112
279477 394368
280873 397914
285776 403830
284213 402489
278604 393693
285006 402468
285005 402573
288059 406596
284739 401979
279003 392784
282794 397206
286407 403518
296269 418917
291335 410601
276280 386343
295855 417735
298311 422034
298510 420225
294712 414825
303603 428784
294789 414267
298804 419607
291581 407574
304489 430335
306964 433008
305330 429666
305479 431265
315232 446598
311309 439446
295465 414282
310732 439170
299375 419898
313134 443226
316624 447603
299655 421464
313575 441576
312081 441213
317986 448875
305735 427350
304670 427182
312351 440985
311995 439815
327958 467403
323956 459501
316069 448053
321641 455598
327116 465075
329464 469134
326025 464352
326232 463128
322749 460488
315119 446247
336500 479247
329116 467943
313596 442335
332072 473262
324391 459795
331705 470235
332913 473970
338401 481503
332078 470028
335067 476550
337984 478653
338064 479892
341857 485724
344033 489075
338505 479445
343995 489090
347460 495690
328789 464382
343392 485934
345551 490512
344770 486954
350412 497004
340579 480807
347505 491133
348930 493272
339862 475812
358988 509094
338814 475815
350044 493533
353857 499830
358822 506841
360218 508848
343607 481521
360067 506763
360561 507699
360053 507633
368496 522216
345316 483972
356679 500889
365834 516273
358703 502884
363940 511869
353935 495462
369962 521490
370954 522882
375554 529752
367479 515349
355415 497202
379379 536940
367276 516831
371726 521028
379878 532746
363448 507453
371470 519282
382302 537561
379353 530877
383094 536895
384318 539313
383448 536433
386854 543468
386714 540789
389935 546555
374105 520560
376852 524613
393056 551586
399226 560151
394137 550044
388748 543090
387317 538902
396599 555666
393163 548919
396533 553947
375832 521085
396966 555885
401968 563679
401126 564108
410465 580536
390873 548331
402429 567129
400006 562476
411757 581367
410136 578589
392754 549585
410829 579912
407387 573336
412112 580524
411709 578937
390316 545343
412855 579972
408828 574506
418247 588468
412445 578526
419161 589797
422579 596970
418813 588882
