2016 4665
1935 4572
1974 4539
1878 4467
1803 4299
4751 10332
4680 10266
4599 10152
4634 10293
4603 9885
7984 17094
7873 16923
7993 16986
8103 16920
8036 16983
11041 23037
10953 22671
10935 22704
11384 23529
10978 22917
15069 30963
15091 30651
15027 30543
14866 30615
14949 30714
18524 37962
18517 38319
18355 37773
18825 38265
18415 38037
22219 45351
22568 45186
22355 45300
22260 44823
22220 45228
26700 53538
26330 53001
26667 53253
25989 52332
26407 52917
30721 61839
30500 61539
30357 61173
30530 61389
30354 60852
34556 68817
34438 68094
34428 67611
34110 67485
33802 66807
37826 74646
38094 74568
38271 74160
37777 73779
37803 73743
42306 82626
42898 83844
42712 83319
42369 82860
42352 82794
46616 90387
47019 91245
47171 90984
47066 91200
47078 91965
51303 100245
51885 100593
51889 100662
51483 100614
51672 100092
56404 110703
56505 110826
56251 110247
56671 110625
56536 110349
59556 116469
60170 117201
61201 119049
59739 116328
59758 116544
64770 127551
65129 127170
64628 126894
64401 126939
65489 127026
69211 136257
70422 136770
69636 136086
69785 136080
69568 135690
73469 143865
73703 142593
73648 143469
73263 142917
73454 143070
77421 150042
77095 149757
77068 149073
77372 150105
77288 150342
81826 158433
82567 159804
82718 159114
82731 158712
82193 158712
87736 168819
87179 167823
87990 168690
87212 166944
87101 166449
92535 179040
92226 177774
92874 178497
93484 178260
92641 178467
97243 187395
97669 187020
98084 187746
97592 186456
97414 185877
102213 196647
102373 196551
100983 193644
102139 194877
101522 194445
107811 207003
106719 204885
106659 204447
106533 204384
106734 205074
112504 217437
112290 215463
112056 215439
112295 215091
112382 215439
116786 225333
117611 224304
116387 223572
116659 223140
116098 222948
120400 230634
121257 230898
121274 229869
120969 230133
120663 229581
125459 240243
126400 238782
125681 237954
125870 238674
125403 237165
129794 246285
129915 245883
129456 244764
129376 244170
128606 242583
134389 252921
133268 249897
134264 251802
133445 250380
135034 252747
139403 262659
139266 260988
138887 259215
139981 262752
140781 263031
142399 267513
142893 266358
142930 266652
142725 266247
142976 267498
148183 278334
149527 279978
149041 278250
149662 279084
149681 279267
156434 294354
155919 292101
155052 290310
154508 290298
154349 289266
160140 300603
159535 300084
159996 299598
159553 299037
160110 299619
165322 309747
164042 306564
165100 307692
164376 307077
164943 307281
170585 320160
170947 318372
172380 320373
171193 318372
170883 317256
176369 329274
176377 328233
176465 327579
176264 326946
176662 327135
181110 338385
179175 332643
182021 336972
181131 335739
180331 334128
186672 350394
186000 346776
186254 348081
187556 348984
186893 348594
191610 360615
191183 355743
190928 355284
192340 358872
190660 354540
198177 372402
196751 366777
196798 368253
196110 367413
197696 369246
204122 384276
204811 383748
203406 381987
203385 380442
203647 381078
208534 392331
209040 389670
208225 390330
207902 388869
209227 390936
211310 396636
211211 395604
213629 397980
211347 396093
212144 397281
217462 408123
218531 409848
218569 408735
217322 406602
219638 409701
224211 421743
223474 417309
224586 421104
224086 419400
224478 420291
229452 432438
229192 429879
229849 431493
230331 432432
229183 431487
234294 441489
235109 439377
234706 440187
235286 441117
233683 439092
237796 449721
237846 446388
236455 444543
236941 444264
237165 444237
244527 462270
245355 459789
244738 458727
244098 457914
245028 459615
251247 473607
250984 470439
250816 470595
250941 470586
250525 469809
254728 481011
255459 478143
256134 479349
254699 477987
255670 476961
259069 485694
258648 483897
258687 483645
258681 483459
258117 482547
265160 498132
264691 495696
264916 494859
264551 494505
266471 496926
270801 505539
271089 506349
270880 506451
270613 505344
269454 504834
274693 514353
276807 516171
275762 514074
276790 516126
276115 515214
279355 522219
280305 521985
280140 522099
279510 520980
279980 522249
278129 518577
281240 522519
281434 523086
281190 521763
283410 525591
289354 539454
288122 534390
288593 535875
289190 536514
289646 535557
296689 551940
298336 553086
298080 552435
297960 552762
298132 552900
300476 558534
298969 555054
302589 560604
301994 559398
300967 558384
306018 568044
307795 567675
307542 568842
307660 569145
309579 570882
312282 580260
314348 581940
313575 579906
311837 575427
314056 580764
319550 592161
319245 589536
319010 589041
319308 590172
319304 587370
323110 601344
324515 599199
324088 599127
324914 601002
325571 601983
332382 617595
331912 614589
332885 615663
332311 614274
333290 616497
334508 620994
332009 614778
336425 620037
335739 620514
335889 619434
343509 636405
342145 630267
341858 631413
341287 629115
342238 630576
349233 646992
350841 647673
348945 643656
347892 642444
348776 643554
354686 658425
354506 654666
354533 654183
354682 652416
354662 652194
355092 657321
355678 652992
356579 657468
359168 662421
356513 657204
365059 676551
364767 673824
364983 673338
364167 670608
364789 673389
368015 683214
367032 677790
369700 681354
367179 677637
367836 677907
374667 695226
377451 697809
374781 693264
376792 694650
376427 695034
383154 712968
382066 706986
380994 705066
380338 703173
383037 708186
385893 717675
384804 710985
387772 716034
384157 708825
381497 703548
394539 734370
392476 724869
393878 726768
391377 723039
393101 725544
400578 743337
399525 737817
399280 737982
400569 738897
399901 738828
403380 748767
406154 751728
403331 744903
401483 742725
404334 745596
407795 757005
407789 751404
409360 756156
408191 752139
410665 755631
416541 775461
415294 767460
414747 767031
414314 765402
414303 765750
421042 782364
420871 775386
422140 778185
420289 774897
419774 775098
426049 790125
424584 783036
423430 780714
424818 781242
424732 782220
430319 796329
429766 790926
430982 790710
431376 790035
431687 790923
431165 794586
432318 790596
429859 785772
431012 788124
430151 786831
440333 808584
438631 800544
435900 796155
438943 801570
440117 803034
448859 824136
447454 819606
446981 819912
445787 813717
448470 822240
451709 831405
451677 827385
452732 827631
450291 821532
447937 817749
453650 833142
454355 829896
454702 829692
455606 831327
454861 829170
463277 850401
461505 842718
461962 842322
461898 841104
461143 840168
466040 850860
466751 846621
467530 850368
464091 843873
466999 847659
473004 864669
472113 855567
472108 857502
471269 853914
472728 856530
479762 876102
480274 872337
481411 872766
476033 862383
479509 868908
479405 873378
482303 872142
481315 872571
482309 871857
482381 873102
490219 893937
492521 893526
488632 885921
488743 884043
489705 888081
496390 903900
497540 902349
496652 898647
496807 899481
496069 898461
500503 910920
500750 905100
500213 903735
499652 903636
500652 905748
