3380 384
2441 390
3853 381
3492 396
3462 396
15162 738
13029 798
11301 777
13711 759
14941 768
33713 1089
17938 1191
30688 1152
30231 1173
30685 1158
59196 1491
54817 1521
57439 1512
53193 1548
32906 1677
87282 1899
86332 1887
91730 1923
89228 1902
51866 2079
130696 2301
103772 2316
122220 2268
95321 2385
122809 2280
183944 2553
177447 2619
102198 2805
179038 2634
130965 2799
233993 2958
233379 2970
211224 3075
224610 3015
171164 3216
303715 3348
286025 3393
272548 3423
260670 3405
284512 3465
348907 3822
268519 3930
309097 3921
347097 3777
372031 3747
428660 4170
429263 4158
430370 4179
407319 4206
431884 4188
524750 4464
517199 4515
408007 4626
500101 4614
405427 4752
581854 4992
597307 4896
582414 4986
516374 4956
575480 5100
692209 5283
697458 5385
704840 5199
507902 5565
696086 5268
802427 5658
697761 5673
786024 5703
798279 5622
665085 5868
912735 6021
899763 6027
923861 6021
919203 6114
673479 6486
1050024 6432
1058406 6429
995292 6471
955746 6552
852866 6717
1155414 6834
1047000 6945
1134649 6846
1001636 6999
1188602 6723
1320977 7101
1067901 7350
1263373 7257
1178353 7197
1247666 7257
1400842 7620
1392424 7596
1374433 7569
1309111 7692
1399085 7602
1564253 7914
1440327 8007
1558076 7926
1553147 7995
1370784 8130
1672259 8406
1698123 8331
1688589 8343
1732289 8325
1672344 8415
1824411 8799
1867518 8724
1602716 9009
1869781 8745
1819918 8886
1982375 9180
2041869 9114
2012126 9129
1931512 9156
2041491 9024
2176528 9534
2030364 9486
2241251 9459
2210714 9540
2000151 9795
2349338 9849
2401165 9867
1808682 10434
2367557 10017
2337205 9897
2517775 10371
2378602 10446
2051536 10530
2531559 10335
2498355 10332
2804443 10659
2627432 10704
2795944 10644
2749284 10710
2305063 11064
3004447 10959
2981339 10995
2383453 11292
2952133 10953
2725426 11322
3206278 11364
3209260 11295
3256349 11343
2574408 11898
3251696 11250
3389406 11775
3199559 11970
3300831 11808
3472459 11589
3415912 11751
3512084 12276
3576940 12339
2953549 12549
3485214 12267
3519886 12195
3840509 12480
3738259 12600
3441392 12648
3769494 12567
3800991 12741
4114058 12825
3974725 13056
3964179 13080
3795494 13077
4053354 12915
4283543 13332
3863098 13482
4276272 13437
4393277 13218
3843333 13566
4651567 13527
4546136 13695
4422084 13659
4313868 13788
4522303 13656
4839224 13929
4765566 13932
4500356 14217
4733362 14160
4823685 14184
5044975 14481
4744049 14652
4923912 14475
4982611 14439
5032890 14493
5381952 14811
5227789 14895
4846033 14973
5096197 14967
5226214 14898
5699716 15165
5621075 15222
5579502 15060
5646376 15189
5637932 15183
6015469 15552
5942162 15564
5601386 15837
5249495 15933
5891650 15660
6313764 15984
5869151 16005
6201580 15975
6331552 15807
6187839 15936
6558123 16356
5474549 16620
6525544 16305
6429925 16368
5468237 16917
6833311 16722
6768292 16788
6358260 16911
6794562 16719
6715066 16755
7264045 17076
6870299 17112
7060063 17220
6749299 17439
6645925 17490
7659897 17223
7433433 17397
7601564 17391
6987008 17637
6738190 17841
7868439 17772
7129055 18297
7685146 18024
7786914 17871
6985172 18282
8055870 18246
6622068 18615
8013177 18390
7897675 18450
8183609 18120
8616206 18507
8133001 18891
8554336 18525
8316292 18777
7522697 19053
8881115 18999
8628530 19149
8294914 19278
8478398 19149
8801965 18924
9161372 19455
8740335 19419
8942782 19323
9166722 19323
8551824 19668
9610461 19602
9442252 19917
8919627 19899
9733561 19728
8723749 20268
9976240 20169
9883840 20061
9631260 20307
9605489 20304
10119700 20031
10295750 20481
9567946 20730
10187068 20313
10283326 20478
10409247 20307
10654345 20952
10567204 20928
10394730 20955
10593661 20985
10039613 21477
11127426 21246
10663350 21210
11224912 21174
10697966 21357
11211843 21153
11527731 21531
11441228 21774
10398976 22050
11639419 21516
11573523 21585
11723733 22065
11867708 21981
11837360 22131
9373043 22884
12033795 21891
12362247 22539
12002569 22572
11509593 22659
12255113 22359
12270239 22497
12623923 22758
12556168 22914
10760232 23475
12572539 22773
12282432 22887
12947962 23325
13126437 23226
12494218 23493
12705360 23421
13176636 23235
13683292 23442
13791276 23559
13324491 23532
13487037 23505
12132518 24063
14082066 23967
12334221 24255
13985524 23760
13873943 23877
14238099 23796
14558287 24186
14356018 24441
12287767 24705
14274493 24462
13366977 24606
14991994 24534
14888491 24624
15108252 24660
14861972 24825
13993957 24996
15320011 25101
15565620 25101
14324695 25329
15309261 25077
14038033 25779
15917865 25245
15323046 25896
14648924 25653
14315000 26034
15874124 25368
16190085 25881
15592693 25884
16324270 25860
16254615 26025
14861136 26286
17105909 26106
15348228 26193
16671446 26364
15467240 26583
16948251 26184
17277865 26559
17370452 26517
17045139 26592
16927760 26679
17094768 26763
17900262 26988
17874309 26733
17640421 27021
17869930 26784
16284775 27543
18181956 27381
18027607 27549
16224467 27798
18346036 27282
18494652 27198
18681304 27708
18776200 27804
17246001 27822
18760182 27786
17288368 28206
18889717 28452
15856457 28638
19222356 28176
19469155 27924
19589427 27945
19864297 28530
19962042 28335
19730036 28536
18586130 28893
19482531 28770
20664018 28743
20111219 28938
18172714 29472
20377753 28896
19512942 29190
20765265 29361
19629040 29688
20759564 29316
20823963 29388
18977164 29895
21730077 29358
21540980 29532
20394773 29952
21182353 29877
21359170 29757
22380409 29961
22064712 29934
19294043 30351
21346529 30177
21980691 29940
22306659 30654
21951385 30354
21335610 30450
20949518 30741
22717524 30366
23483553 30678
22373862 30828
21804744 30951
22812354 30834
23073364 30696
23605472 31386
23260802 31326
23386545 31218
22365494 31719
20500760 32160
24390089 31545
23885963 31587
21627160 32256
24300615 31431
23847882 31764
24958450 31965
24791560 31911
22683465 32541
22613594 32325
24915306 31920
25864623 31965
25261603 32394
24359207 32553
25673788 32229
23933945 32628
25891059 32712
22835487 33030
24827786 32892
26249625 32562
25836532 32808
26340248 33291
23592131 33495
26868236 33054
26887331 33096
24987516 33567
27116791 33600
27614568 33351
25232914 33633
26352102 33714
27548982 33408
27617196 34092
26632856 34038
26857092 34017
27563527 34110
26824712 33969
28759195 34080
29063277 34062
27924968 34149
27543744 34515
27224611 34434
29586017 34431
29340440 34431
29668000 34224
29371821 34482
29379799 34485
30312911 34719
29631338 34950
28109041 35238
29499640 34947
30179263 34857
30200865 35496
29622944 35475
30889034 35232
29066919 35661
28992315 35649
31008216 35640
30313761 35691
31406796 35733
30662203 35805
28534009 36420
31581261 36180
29876975 36357
32171624 36030
31636040 36057
31474520 36378
32529973 36465
29779109 36942
32744301 36312
32820157 36456
32438385 36456
33025568 36837
32871548 36882
32751007 36777
33288415 36825
33319528 36855
34193374 37236
33833751 37317
33358417 37473
30445536 37809
34086807 37155
34346212 37809
34162873 37701
34105905 37779
33205839 37827
33804091 37758
35109245 37863
35235404 37893
35064470 37857
35563132 37968
32621396 38862
