4950 300
4024 6246
3972 6114
3212 4947
3108 4845
19900 600
12121 18300
13057 19857
13640 20820
11536 17070
44850 900
30024 45459
28233 42546
32510 49242
29478 44430
79800 1200
56625 85536
56721 85668
46826 69699
55578 83970
124750 1500
89927 135684
91463 137952
80634 121623
81080 122223
179700 1800
125679 189132
126023 189876
124781 188049
131577 198300
244650 2100
170104 256002
171729 258579
157591 237048
171351 258090
319600 2400
220802 332286
193452 289143
197169 294096
220934 332484
404550 2700
291715 438930
280215 421620
278952 419727
226636 334989
499500 3000
345665 519942
331264 497454
319322 477984
346319 520938
604450 3300
425035 638865
384526 574602
423910 637527
427287 642699
719400 3600
497606 748032
470696 706641
518600 779817
449277 672210
844350 3900
588816 884970
556989 836013
598258 899157
589280 885657
979300 4200
710662 1068234
691959 1039953
702957 1056666
676746 1017261
1124250 4500
764734 1149105
774777 1163457
741830 1111722
758547 1139805
1279200 4800
915400 1375572
860864 1293528
740586 1094928
894496 1344051
1444150 5100
1020564 1533237
939486 1407249
1032147 1550652
1013007 1521915
1619100 5400
1136058 1706754
1086088 1631355
1032888 1547346
1034639 1546722
1804050 5700
1287615 1934223
1289868 1937496
1074419 1586004
1288048 1935057
1999000 6000
1435946 2156841
1178763 1747503
1391284 2089929
1331310 1998681
2203950 6300
1566911 2353461
1556094 2337216
1526914 2293377
1520670 2283753
2418900 6600
1579867 2365902
1754931 2635539
1677450 2519151
1646860 2473389
2643850 6900
1858146 2790639
1792510 2690709
1870082 2808495
1818715 2731083
2878800 7200
1906504 2858577
2045160 3071514
2087826 3135492
1935405 2905416
3123750 7500
2202379 3307161
2233351 3353889
2211345 3320733
2151341 3229842
3378700 7800
2186775 3275001
2327473 3494667
2330197 3497997
2264988 3396549
3643650 8100
2569201 3857544
2205446 3266493
2572651 3862881
2514400 3775434
3918600 8400
2774274 4165563
2604835 3902898
2760482 4144848
2419637 3599283
4203550 8700
2821218 4234707
2969614 4458456
2970349 4459926
2632051 3930561
4498500 9000
3154927 4736778
2978330 4458642
3192560 4793358
3157039 4740057
4803450 9300
3202486 4804086
3384414 5081070
3398931 5102949
3260216 4893792
5118400 9600
3298773 4935966
3592878 5393838
3636507 5459511
3392418 5085141
5443350 9900
3834045 5756085
3868332 5807490
3821107 5736327
3671035 5509179
5778300 10200
4121192 6186798
3788174 5673321
4066783 6105324
4023055 6039369
6123250 10500
4244867 6372015
4018914 6007395
4423258 6640230
4173191 6260202
6478200 10800
4441389 6667047
4508521 6767604
4637212 6961056
4527146 6795864
6843150 11100
4884101 7331802
4862607 7299516
4701322 7053192
4837943 7262571
7218100 11400
4826706 7232964
5126594 7695684
5075870 7619229
4906516 7359255
7603050 11700
5014669 7508814
5481996 8228847
5126088 7687338
5373276 8065734
7998000 12000
5607727 8417175
5031625 7499703
5443416 8165199
5697473 8552508
8402950 12300
5986849 8986425
5931951 8903919
5492610 8220672
5996494 9000918
8817900 12600
6140244 9216510
6267649 9407661
5444702 8102655
6198082 9303444
9242850 12900
6667224 10007547
6432565 9655020
6503076 9760665
6109447 9151278
9677800 13200
6934165 10408113
6752656 10135179
6761421 10147971
6605929 9901560
10122750 13500
6786645 10179996
6982885 10477683
6810834 10211790
7163382 10751766
10577700 13800
7073910 10598634
7438906 11164908
7197654 10790535
7317574 10982925
11042650 14100
7558658 11336817
7841722 11769660
7672357 11514198
7746893 11627454
11517600 14400
7964929 11943504
8089783 12141498
8107416 12168129
7999715 12006399
12002550 14700
8568677 12860457
8367339 12557736
8118871 12175134
8362777 12550338
12497500 15000
8727367 13098006
8416836 12617811
8540929 12815004
8700798 13058172
13002450 15300
9013826 13527924
8954400 13436577
8925694 13394910
8718842 13067295
13517400 15600
9014258 13506825
9511110 14274198
9617594 14434248
9461390 14199825
14042350 15900
10043834 15073953
9624907 14432376
9587173 14385915
9937182 14913840
14577300 16200
10336722 15513228
10169723 15261717
10340144 15518226
10393594 15598425
15122250 16500
10700652 16059030
9465837 14087547
10702895 16062258
10396599 15598746
15677200 16800
11147932 16730676
11095554 16651494
10989781 16492623
10653764 15969072
16242150 17100
11459226 17197272
10904131 16331517
11525507 17296494
11576823 17373849
16817100 17400
11945190 17926524
11748889 17631732
10382733 15476445
11935516 17911866
17402050 17700
12292849 18447822
11660782 17466825
12289272 18437133
12335657 18512412
17997000 18000
12383611 18581796
12773681 19169271
12637952 18966120
11955059 17908974
18601950 18300
12831533 19252593
13196052 19803303
13169369 19763310
12732841 19104702
19216900 18600
12835386 19236726
13912244 20877777
13734709 20611530
12522377 18713283
19841850 18900
14185960 21287850
13251731 19849758
14006935 21019707
13867856 20810955
20476800 19200
14411295 21626169
14616178 21933702
14445715 21677220
14385365 21587382
21121750 19500
14876533 22324395
14781587 22181703
14744176 22122933
14483335 21731304
21776700 19800
14296902 21399345
15361356 23051379
15123233 22686903
15072832 22618548
22441650 20100
15646621 23479512
15953842 23940117
15914800 23882148
15745897 23628432
23116600 20400
16247862 24381474
16114411 24181254
15013333 22461600
16027428 24050733
23801550 20700
16787436 25191390
16770783 25166367
16356094 24530739
16677860 25020693
24496500 21000
17075772 25615107
17264832 25907484
16971555 25466763
17058750 25598463
25201450 21300
17323693 25993647
17703403 26565435
17609364 26424264
17888506 26843277
25916400 21600
18210056 27325848
18145416 27228351
18232398 27359031
18246386 27379923
26641350 21900
18597869 27907353
18767136 28161012
17849222 26742249
18798217 28208307
27376300 22200
19532884 29310636
18991970 28498149
19221226 28842420
18642082 27946449
28121250 22500
19578235 29374620
19821028 29742642
20137739 30217572
19975519 29974497
28876200 22800
20346153 30530838
19463844 29189256
20552317 30839859
19897591 29849670
29641150 23100
20774670 31173255
20410034 30605013
20512058 30772236
21174537 31773846
30416100 23400
21639737 32471148
21224874 31845921
21374623 32073171
21325197 31999167
31201050 23700
21807337 32720088
22455071 33694713
21887525 32842839
21619012 32417628
31996000 24000
22487356 33742644
21396499 32035707
22694913 34054047
22460764 33702903
32800950 24300
23113570 34682106
22390435 33583539
21806725 32655264
22883858 34337664
33615900 24600
23763884 35657691
23730354 35606991
23758725 35650317
23618063 35439000
34440850 24900
22685984 33904749
24117536 36188244
24420229 36642858
24447769 36683937
35275800 25200
24814512 37233900
24444085 36668649
24958993 37451019
25095750 37656060
36120750 25500
25247705 37883652
24718672 37051095
25650914 38489316
25478780 38230755
36975700 25800
25934851 38909505
25172457 37739466
26127975 39204426
26352460 39541338
37840650 26100
26435244 39665787
24940537 37341762
26611620 39930300
25798566 38690724
38715600 26400
27046303 40572996
26792537 40193655
27532563 41311989
25634651 38383650
39600550 26700
28091543 42150534
26891500 40306740
27854203 41794341
27004980 40507155
40495500 27000
28942341 43427250
28363144 42551871
28389939 42598026
28781647 43186032
41400450 27300
27789052 41659002
29015787 43537125
28650188 42980508
29185851 43792311
42315400 27600
30458423 45701880
30111071 45180135
28510102 42750267
29782952 44688102
43240350 27900
30990782 46500456
31091327 46650939
31012473 46532988
29831437 44740809
44175300 28200
31022903 46546260
31179493 46782840
29392816 44008914
31567077 47364693
45120250 28500
31788409 47689320
32044009 48079962
31144761 46718454
32153333 48244368
46075200 28800
32524004 48799890
32406592 48623802
30547065 45768567
32716078 49078566
47040150 29100
33187941 49796229
33447908 50185932
32666706 49005093
32958510 49451652
48015100 29400
34184439 51291036
33714127 50585103
33778819 50682423
32513654 48738699
49000050 29700
34273802 51424986
34605091 51922341
34486755 51744522
34517330 51789363
49995000 30000
35172156 52772952
34920858 52395285
34784453 52179387
35116328 52688955
