1713 2949
1675 2961
1638 2862
1614 2811
1790 3135
3978 6612
4086 6816
3878 6288
4133 6960
4105 6798
6528 10377
6816 10983
6538 10404
6248 9966
6727 10842
9741 15741
10048 16329
9706 15450
9014 14337
9788 15663
12318 19305
12429 19488
12391 19620
11775 18435
12356 19629
16099 25152
15882 24735
16022 25068
14491 22185
15939 24732
18792 28983
19468 30204
18689 28668
17606 26997
18657 28896
22838 35523
22682 35553
22224 34545
22686 35685
22466 35160
24390 36891
25179 38526
25361 38814
23502 35424
25392 38949
29112 44964
28483 43548
28975 44472
27868 42831
28663 43848
32310 49098
32663 49833
31566 47874
30882 46791
32485 49524
36495 55647
36352 55194
36602 55455
36708 55518
36359 54888
40168 61749
40844 62676
39390 60519
38478 58623
40013 61512
42977 65091
42305 63867
42865 64809
40043 60102
42824 64311
45779 68430
45423 68055
45356 67566
46488 69837
46132 69180
51919 79623
51394 78387
51910 79188
49155 73968
52311 80508
52638 78852
53962 81210
52440 78078
52728 79032
52853 79191
56934 84492
56531 83655
57250 85065
57330 85245
57329 85257
61437 91428
60766 90174
61489 91539
57802 85512
60483 89793
65844 98955
66103 99510
66025 99090
60962 91122
66345 99549
69175 103914
67793 101280
67611 100950
67806 101316
68284 102159
72821 107811
72573 108069
69919 102915
72869 107841
73381 108789
75497 110868
75567 110409
74742 109041
69864 101370
75191 109773
83095 123534
82260 121734
81999 120864
76376 111816
82345 122121
84096 124524
84459 125529
83352 122781
85654 127239
84005 124131
90434 135075
89697 134628
90243 135045
91317 137577
91031 136212
92845 138555
92231 137373
92669 138321
93261 139080
92482 137865
96358 141837
97115 143013
96841 142206
91318 133788
97020 142668
99374 146274
101133 149406
96701 141228
97308 142731
101211 148899
103988 152493
102470 149892
104935 154281
97095 141237
103979 152328
107345 157047
105760 155052
104858 152799
104409 152223
106623 156456
117123 174774
116285 173226
116726 173604
108760 160713
116407 173760
114172 168264
113285 166302
113574 166650
108659 159723
116311 172191
119084 174204
118396 173010
117254 170784
111864 162231
117409 170907
122011 177885
122429 178014
121790 177009
122433 178029
124161 181587
125037 181137
127925 185850
128463 186876
119860 172683
128636 187206
132801 192786
130474 188718
127977 184257
132533 193374
131475 190626
137575 200859
138329 202320
135537 196614
129440 187668
138705 202836
138913 201633
141517 206454
141987 207564
137759 200301
139979 203718
144821 212310
148608 217644
146764 215421
142416 208326
145606 213462
145042 210756
149374 218868
146568 213774
140715 204663
147868 216117
153611 225528
153100 223857
152877 223353
143066 207546
154829 226965
154077 223677
159321 232488
151926 219684
158129 231288
153432 222915
163951 238446
160385 232230
164423 239040
157381 227409
161340 233556
164030 236202
167707 241908
167130 241458
161055 232236
165704 239688
170368 245460
169144 242868
166401 238647
169004 243609
167980 240504
168081 238653
173132 247965
167979 238998
170733 243531
170494 243501
184752 268599
184006 266811
184046 267174
171687 246735
182660 264525
177992 255657
180903 260727
181475 261633
174950 251355
180807 260640
189565 275778
191312 278748
187871 272451
183747 264612
190537 277518
194179 283407
197287 289803
198348 291705
200185 294795
196558 287739
204658 300510
199704 293190
201416 295371
195643 286038
201983 296943
201823 294927
203938 298719
200796 293991
191309 278364
201694 295620
207957 303525
205488 299922
205277 299496
205296 299490
206655 301698
202848 291930
205841 296100
208602 302259
196731 281784
206109 297198
216671 313053
217404 314511
211862 305406
209234 301500
217553 314604
212369 304026
215188 308832
213146 305121
206897 295392
215976 310473
224106 324192
222525 320421
220043 315948
223028 321198
226585 328092
221605 318663
226972 327303
225409 324681
214920 308676
225742 325002
231232 332754
232350 334416
230095 330429
231854 333528
232352 334185
230515 331317
229822 329547
228068 326793
218447 312291
236844 341844
236294 338352
238917 343446
240045 345591
238328 342462
236951 340341
235732 337722
241155 346563
244873 353673
231069 330411
241461 346857
255986 373029
259732 379896
260136 380862
244342 355314
259648 380286
249583 359946
253387 366606
254664 369333
251106 362811
243862 350139
257316 372576
257018 372510
255997 369411
251374 362169
257930 373272
261687 378477
259487 374766
263859 381702
251525 362763
261960 378819
266666 383511
266984 382521
266717 382923
256032 365769
266991 384285
269818 386877
270408 387180
265953 380343
255335 363261
264704 376899
274303 391278
275444 393498
276538 396087
260278 369507
274459 392556
276901 394836
272007 386676
272028 386874
271912 385179
274714 389571
287266 409890
285100 406152
282623 402930
286790 409581
286513 408693
277721 392850
286109 405894
282786 400455
283298 401028
285243 404985
290075 411840
288364 408585
293339 417318
293512 417543
292268 415842
295169 419694
297859 424566
293551 417045
296300 423492
295157 418674
303908 433866
307107 439488
310338 445719
294120 419463
308624 442950
312232 448623
312512 449700
311852 448146
295117 421896
308433 441618
308032 438954
311714 446469
313521 449535
300245 427695
312951 448392
312904 446460
317202 454224
305351 434508
298481 423921
312622 446151
329505 475728
330294 477717
330340 476223
303535 433203
326981 471564
318065 454581
309877 441186
318453 455496
306243 437277
318421 454740
328314 470916
320514 458058
329442 472476
313242 447558
327756 470052
335649 482124
332609 477921
333834 480279
319039 455799
333183 479208
339857 486975
341108 489714
340948 488238
329619 471873
341660 491112
334454 476706
343294 492372
342010 489690
331001 471273
335316 479085
344256 490902
349668 500925
350818 502716
328412 465987
346293 495213
350520 499119
350360 498966
352946 503424
344924 489546
347676 494073
363810 518454
362185 515622
356394 506361
338637 478296
362821 517329
360515 511404
357041 505770
360340 509949
357902 506568
358163 506361
372514 529734
370627 525243
362719 513459
367807 521796
370149 526017
359660 507882
370362 524019
364095 515487
374421 531708
364329 514413
373134 525234
370179 520875
376649 531534
364062 511626
380347 538260
377864 532476
377171 530961
374238 526473
384425 544251
370473 521304
382146 537312
377000 528345
383988 540417
356679 496122
376533 527604
383288 538545
387014 543981
373445 523101
373866 524847
391616 552306
410914 588138
409941 585390
394761 559674
376515 530874
402918 574362
394912 559230
383404 538959
399134 565149
382807 541125
395852 559416
397370 561411
405472 575793
401433 568218
377266 529773
401905 569259
415736 593139
418618 597666
397276 562620
393041 556575
411992 587202
419858 598872
420465 600717
420188 598773
398455 564894
417798 595914
