1987 4686
2347 5061
1903 4482
1940 4443
1882 4443
4677 10338
4536 10233
5039 10653
4800 10533
4763 10323
8182 17172
7750 16911
7903 16854
8014 16917
8134 17334
11318 23685
11715 24138
11582 23628
11265 23133
11343 23232
15174 31353
14914 30804
15162 30855
15156 30909
14922 30558
18716 38856
18808 38823
18825 38436
18510 37992
18716 38724
22348 45348
22150 45015
22265 44646
23239 45147
22763 45495
26800 53646
26470 53457
27859 54300
26136 52350
26614 53424
31310 63213
30785 61695
30822 61737
30991 61875
30617 62049
35117 69393
34873 69486
34847 69504
34879 69051
34596 69288
38262 75321
39032 76458
38218 74826
38095 74538
38910 76431
43781 85377
42419 83784
42954 84477
42908 84498
43127 84825
47588 92778
47123 91293
47057 91140
47094 91377
46955 91635
52238 101520
51786 101193
51954 100974
52197 101940
51538 100314
57276 111408
56563 111156
56277 110346
56731 110121
57064 110703
61596 119625
60594 118236
60945 118143
60722 117462
60935 118461
66075 128868
65927 128343
65512 128025
65035 126042
65773 127311
70924 137856
70034 136980
70777 137580
70764 136974
70956 136788
74871 144972
73992 144225
73828 143355
75474 144366
73669 142980
78598 151908
79676 153192
77735 150708
77606 150252
78022 150294
84303 161352
82982 159867
84033 160458
82404 158292
83164 159207
88730 169758
88650 169386
88797 169500
87655 168879
87612 168456
93199 178791
93547 179049
93678 179346
92809 177654
92627 178260
99490 189870
98199 188172
98894 189288
97941 187533
99552 189771
103274 197289
101807 194859
103340 197382
102262 195480
102366 196341
108056 207639
109330 209013
108848 209352
108382 208065
108135 207099
113035 216123
113485 217515
113590 218667
113316 218040
113874 217809
118518 226887
118990 228735
118058 227871
117940 226149
117936 226680
121874 231744
121891 232221
121898 232161
121117 231012
120737 230589
128171 242025
126907 242577
128296 243939
128103 243498
127322 241569
131558 247749
130956 248376
131576 248823
130308 249195
132854 250980
137990 258768
136712 259011
137010 258873
136288 256728
135256 254988
141847 266190
141621 266613
140562 264057
140735 264804
139962 262878
145018 270423
144752 271083
143411 268683
144440 270711
144433 270126
150437 281688
150926 283344
150822 282591
150512 281787
148776 279405
158110 296559
158434 298005
157729 298545
157891 297882
157630 296937
162679 304731
161056 303756
162234 303879
161291 302733
160929 303450
166698 309852
167398 312198
167040 311376
165480 309351
166047 309123
172305 321036
172587 322692
172876 322284
173012 321777
172958 322110
177893 331386
178464 333072
179174 333417
177466 330555
177449 330342
184039 342378
182510 341460
181831 339429
183263 340737
181606 338295
189426 352494
189004 354894
189774 355305
188612 352914
188890 352794
194600 361692
192118 360150
192675 360291
191020 358392
193324 361941
199420 373167
199754 373845
198988 372900
199373 373722
199574 372753
206046 384549
205454 386625
205022 384483
203699 382419
204491 383442
211798 395829
210771 394863
209639 394362
209498 393000
208496 391314
213150 398457
212337 396621
211906 396246
210546 392973
212377 396735
222049 415011
221188 413217
219950 411696
220729 411372
219613 410220
225036 421104
225124 422133
225251 421479
225190 420912
223751 418218
233039 437397
233653 437601
230199 433566
231121 433242
230548 431430
237894 444621
236489 442872
236716 443556
236555 442971
238540 443571
242425 452628
240331 450360
239650 450735
239345 448731
240892 451596
248337 464232
248352 465114
246697 462981
245154 459414
246086 461070
255397 475761
252546 474399
252962 474774
252353 472587
252126 473013
259434 483159
259553 484902
256229 480009
256881 480825
258068 482004
263913 491820
262253 490080
260592 486375
259472 484302
259000 484332
267872 497985
267152 498531
267189 498048
266301 497418
266033 495666
273598 509286
272682 508284
272594 508269
271508 505560
272640 507222
278103 517380
278793 516795
276492 514881
276391 513018
275401 512169
285341 530097
282817 526140
283097 525219
282970 524871
283407 526713
282692 521868
284576 525939
283962 526404
282964 524184
284901 526221
293406 542190
293695 541716
292018 540066
290962 537336
289343 534267
300639 554940
298568 552645
299429 553992
298851 552375
298479 551799
306173 564309
305505 563844
303345 561705
304299 562167
303788 562374
311872 574047
310565 572007
308673 570579
306989 567990
308352 568815
317772 584301
318432 588021
317401 587289
316343 585483
316762 585732
321199 591693
319197 589353
320666 592719
320760 593013
320551 591879
328947 604248
327737 606492
327037 603684
328538 604836
326464 603720
333002 613965
333877 618828
332987 615675
333249 616155
332310 614643
340204 624957
338474 624657
337303 623967
338118 623238
338159 623841
346560 636324
344884 635889
343481 634644
346508 638694
344976 636882
353546 648639
353481 652296
352141 651024
353622 653088
354427 653691
358166 657228
359068 662157
358710 662304
357975 659964
355089 656442
359636 659853
359027 660546
357637 658581
357299 658122
358224 660516
369130 675018
367204 677145
366753 678057
366299 676626
368219 678759
375057 689355
373512 690201
375673 695385
373835 694275
374980 693036
378525 696747
380454 702609
379108 701997
378906 700986
379821 701259
386919 712740
388280 718578
388339 718761
386595 716127
386835 715557
389239 717135
387113 716958
386875 716277
388848 720954
388665 720438
401034 739896
402390 745569
400195 742821
401511 742923
399543 741678
404651 744318
403691 749151
406678 753291
403556 748800
405467 751011
411710 758691
409679 759846
410009 762027
409785 760761
408929 758502
412909 760680
411705 763251
410928 762354
409947 760722
409096 759816
420579 773880
422493 782403
419817 780090
420906 781626
423131 782535
424022 781770
426750 789735
424989 788262
424835 787008
425390 787419
432029 792051
430253 795543
430488 795519
429123 793830
427357 791175
434707 797907
435957 802389
434461 799761
433953 798417
431747 796332
440009 803070
435624 800085
435172 801660
437829 803130
437770 802824
445831 811608
444283 814392
442741 814056
442049 811362
442019 811950
456315 831039
454167 834795
454605 836997
453946 835581
454038 835392
461190 839760
460217 845007
457877 842811
459639 844713
455549 837846
461660 842715
462878 847404
460165 844788
461463 847449
460671 844011
466605 849663
467267 856662
468649 859686
465877 854136
467740 857346
471974 856944
471271 860595
471040 862218
470967 861099
471942 862806
479749 869553
476189 869958
475384 868854
477275 870759
475592 868527
486794 884271
485618 886191
486385 887418
484600 885252
487625 889191
487750 883362
487470 885144
487167 887583
486007 886428
486085 885345
496861 898851
496475 904563
496250 903897
493328 899823
492866 897864
501293 908772
499087 909315
499605 910458
498935 907377
498308 907383
507077 918348
506873 922290
508367 923292
502475 913569
503759 918663
