4400 306
4150 336
3226 414
2014 438
2153 501
18217 624
17149 621
12118 825
9202 924
6946 972
40818 936
36451 993
22113 1218
18951 1365
16695 1509
69431 1272
68573 1266
48639 1662
32484 1794
29880 2037
105864 1614
81704 1593
73375 2091
56591 2289
46067 2556
156191 1920
158018 1881
100881 2481
81730 2784
63745 2958
211495 2208
211298 2226
146871 2922
97918 3198
91848 3552
262503 2625
251358 2556
185183 3357
142458 3705
112909 4026
348017 2856
342795 2907
238822 3762
172199 4152
144690 4566
424939 3213
414928 3264
293233 4158
184272 4479
183070 5088
520470 3480
509120 3537
346146 4626
243563 4977
216805 5568
597064 3879
574528 3828
392271 4977
328489 5553
257216 6099
706605 4191
711701 4137
501320 5433
357477 5991
304821 6576
821674 4530
753136 4494
570355 5817
413386 6426
356626 7131
952516 4803
938694 4809
636062 6270
500877 6978
343449 7365
1083542 5190
1038560 5199
727558 6669
570123 7434
445564 8112
1242565 5409
1242022 5409
809247 7029
649518 7908
514832 8616
1365635 5814
1366514 5793
888752 7461
728348 8376
600482 9087
1544247 6087
1529755 6078
988847 7869
814472 8808
660879 9663
1720437 6339
1657223 6342
1170311 8388
897158 9294
693879 10074
1919619 6702
1862455 6768
1283772 8793
988508 9759
772657 10551
2065187 6984
2054569 7068
1318629 9126
1079903 10236
818788 11028
2205440 7476
2287246 7332
1541517 9591
1181371 10650
951347 11727
2459407 7644
2427415 7713
1688447 10092
1156798 10962
1058450 12198
2637147 8016
2438653 8013
1830912 10434
1319289 11481
1130448 12684
2848883 8340
2761652 8397
1949021 10926
1510029 12096
1092608 12801
3087026 8652
3086652 8634
1917035 11112
1638014 12537
1214133 13515
3390615 8877
3340376 9021
2197889 11727
1767090 12957
1421618 14286
3645199 9219
3552450 9231
2484384 12108
1882559 13440
1532522 14802
3844559 9621
3770036 9630
2397952 12384
2010993 13920
1505252 14943
4085609 9939
3851559 9897
2782425 12945
2177805 14349
1729596 15804
4350790 10248
4393491 10218
3000030 13374
2132149 14661
1855089 16344
4642380 10641
4632256 10575
3175704 13821
2307611 15258
1883263 16542
4885862 10836
4684474 10812
3407522 14250
2436217 15618
1918646 16887
5224749 11211
5007829 11271
3397975 14484
2767412 16212
2238964 17793
5533002 11520
5512543 11511
3776425 14979
2942167 16716
2338492 18381
5748728 11880
4919543 11838
4008770 15480
3062639 17205
2477265 18855
6157036 12165
6142464 12210
4073704 15831
3208150 17628
2638136 19359
6626290 12333
6382556 12552
4450244 16326
3429211 18123
2667474 19746
6807928 12894
6672151 12810
4517571 16599
3595394 18582
2933016 20295
7105005 13131
7089153 13152
4639960 17028
3781566 19029
2807200 20571
7532460 13431
7550503 13371
5164113 17625
3566272 19089
3221786 21357
7835492 13725
7852698 13839
5296683 17922
4177038 19923
3368285 21822
8195853 14049
8014665 14082
5656239 18417
4343759 20436
3202521 21966
8704002 14307
8615970 14370
5932612 18855
4502506 20820
3674761 22932
8909055 14745
8319187 14757
6197065 19269
4734675 21393
3607289 23271
9438562 15057
9423660 14997
6455542 19659
4746669 21720
4013401 23913
9748214 15345
9311458 15237
6770697 20106
5153237 22302
4147236 24348
10244475 15666
9253708 15681
6963892 20571
5194401 22629
4349270 24945
10601201 16095
10554832 16035
7331501 20925
5525717 23271
4483372 25470
11042859 16326
10938952 16323
7701518 21324
5858886 23721
4711911 25917
11494568 16632
10778463 16668
7978515 21729
6019939 24210
4648556 26262
11829222 16998
11074545 17004
8251288 22209
5762250 24318
4978200 26898
12365766 17289
12313980 17367
7923400 22314
6515581 25137
5112233 27186
12765571 17673
11710335 17595
8856383 23043
6233293 25245
5458167 28095
13214006 17988
12965447 17928
8589145 23184
7008674 26064
5593443 28593
13758948 18324
13052002 18261
9588290 23790
7274879 26493
5605969 28752
14389826 18552
14333772 18609
9841729 24303
6900701 26583
6094668 29559
14897718 18768
14387639 18804
10227109 24639
7786070 27426
5964336 29724
15216837 19263
15299264 19113
10522105 25137
7818963 27774
6518383 30537
15854727 19491
15039196 19584
10980406 25491
8338558 28341
6708997 31095
16607058 19719
16506141 19752
11364033 25911
8516850 28728
6992748 31578
16727258 20151
16786879 20202
11638050 26403
8648076 29121
7162107 32079
17262723 20670
17365434 20463
11354379 26586
9020358 29670
7389434 32604
18031933 20883
16895207 20829
12404234 27264
9248319 30102
7313257 32745
18622813 21075
17450549 20997
12862630 27555
9695442 30696
7266171 33015
19115757 21360
18995602 21369
12980958 27954
9751788 31086
7610829 33558
19508018 21801
19117045 21756
13503745 28497
10385847 31608
8078507 34302
20225458 22113
20273348 22095
13163576 28617
10651348 32070
8569145 34941
20708987 22488
20471854 22644
13075821 28923
10996987 32553
8907420 35649
21152797 22797
20984724 22743
14723012 29787
11307238 33009
8621614 35877
22190431 23067
21974497 23115
15316683 30057
11291712 33234
9394331 36714
22603319 23412
22722021 23400
15595290 30543
11435088 33675
9394947 36951
23225288 23652
23100415 23733
15334414 30732
11618554 34032
9941867 37659
24080694 23979
23411116 23856
16624692 31311
12443170 34788
10231150 38067
24559687 24396
24046902 24210
16902088 31827
12237353 34986
10437574 38694
24915903 24801
23374614 24591
17395831 32199
13313536 35739
10679925 39228
25654309 25152
23994055 24894
17923720 32616
13145140 36045
10958792 39768
26513650 25380
24862653 25221
18210672 33111
13888241 36666
11257590 40329
27048960 25719
26668892 25680
18035911 33243
14351231 37185
11599635 40707
27938101 25968
27610127 25905
18777662 33804
14609330 37671
11156375 40794
28573185 26385
26778220 26253
19583216 34167
15043002 38154
11702289 41397
29268338 26649
28947561 26577
20106047 34749
15365424 38628
12000711 41841
30166030 26838
30030422 26790
20812702 35106
14894764 38637
12799429 42825
30602794 27231
30685527 27216
20124605 35346
16216452 39468
13116468 43293
31270760 27591
30067230 27576
21132040 35799
15958981 39678
13343046 43803
32286973 27777
32244124 27867
21646164 36198
16916205 40371
13565440 44070
33014370 28155
33194442 28041
22445202 36702
17233174 40890
13899003 44754
33546719 28578
32879874 28431
23272785 37236
17710693 41256
14378529 45321
34303120 28830
34600933 28689
23635651 37728
17674298 41766
14453751 45714
35091614 29109
35339815 29019
22164162 37674
18502766 42324
14921168 46236
35642582 29586
33684715 29439
24840145 38478
18444973 42549
15231315 46920
36585373 29820
35185558 29658
25319761 38997
19345623 43158
15713491 47289
37595970 30171
37230826 30060
25851707 39306
19645649 43731
15871528 47805
38590628 30363
38467948 30318
26475788 39723
19819740 44067
16275126 48204
39006469 30747
38484607 30666
26985319 40140
20501950 44685
16613519 48936
40114485 30990
40074443 31035
27648239 40551
19949952 44682
17029096 49482
41005127 31251
39539264 31350
28150366 41061
20975826 45327
17412604 49896
41593712 31683
41887625 31692
28853275 41370
21899821 45975
17788901 50409
42727415 31950
42258093 32019
29061914 41886
22371988 46473
18025049 51078
