694 864
762 1263
809 1101
690 789
610 888
1449 2019
1704 2460
1678 2241
1604 2013
1689 2136
2605 3372
2712 3858
2713 4092
2737 3909
3221 4884
4493 6312
4156 5631
3777 6120
3918 5274
3697 4926
4596 6486
4621 7170
5316 6330
4563 6471
5061 5406
5938 8835
6103 9069
5717 8415
6016 9636
5524 8136
8407 11508
7610 10212
7861 11307
7404 9069
7266 9867
9322 13179
8108 11151
9973 13269
10300 15816
9457 11637
10265 14469
9978 12603
10511 12180
11990 15843
9427 13278
11766 14469
10298 14394
11790 18033
12356 17643
11045 15570
14387 22065
13608 16545
13612 15408
12605 18906
12447 17325
14398 17553
13222 18492
15327 23559
14199 20124
13750 19869
15046 21003
15780 19113
15291 20796
16055 20109
15936 20481
16402 23505
15660 20931
16380 20670
15288 22701
18702 22734
16521 22833
18942 24528
17354 24435
17849 23157
17543 24543
19006 25941
18584 24588
19698 27483
20848 28587
19025 26769
21944 30801
20600 27042
20551 24891
20498 27423
23820 23898
23663 30651
22210 31017
22875 34530
21581 32178
21621 31080
23698 32841
21401 31140
23370 31629
23480 32367
22594 29775
24459 34773
24767 32922
25417 34590
26074 36159
23556 31749
26518 39117
28305 37515
25398 36063
28977 44226
27721 32961
31346 44961
27148 37593
27869 36789
27402 36123
27692 35100
32161 45627
30366 37602
30435 34506
30943 37542
27503 38115
29894 40713
31929 37887
35837 47802
31750 44556
30294 41106
34320 42741
33257 41202
32251 41148
30767 40407
30691 42726
33384 48363
32540 43920
31572 44358
33057 45159
37795 51030
34840 46401
34727 47724
38936 56580
38742 54849
35395 48255
38919 52299
38735 46410
37108 52566
38699 47817
39550 52197
37443 48885
39114 51000
40674 51663
37603 47088
37840 54459
38066 50676
38819 51549
42427 59253
41328 50577
38776 48873
42717 57684
37968 54006
41603 55485
40815 60855
43112 56460
49158 58239
45595 53316
48856 64830
40278 55125
45120 57537
49495 57777
44449 59046
47972 63180
42103 57960
42605 62661
43909 60060
47506 69282
44407 62442
43324 61479
47827 61416
45642 60474
48305 63846
55984 71586
50455 70527
48883 65619
53783 67890
57556 82488
48871 67392
48517 66087
47889 67836
52758 65502
49648 57249
50818 60696
51391 62148
49439 65169
50411 65682
55925 80760
53147 66396
52318 73578
51030 69381
59900 73572
55087 66672
54565 66180
57193 73878
54281 81918
54858 63864
56107 77994
54350 69798
54117 75513
61109 87327
57381 73803
56494 74742
59387 74628
55979 78633
56572 70704
62961 77505
64559 76005
57853 75762
59436 77529
65505 76422
65332 86823
58784 73269
59174 78885
66916 83067
62256 82083
65047 89706
61892 83073
58112 76431
67271 81087
61043 87390
60241 84942
60886 82233
63366 78570
64324 78603
62118 91140
68179 87255
66399 91605
71458 98574
74973 101727
64742 82377
71133 96249
67934 85866
64046 79821
69363 86448
66140 84042
69700 86082
69796 89757
70133 105510
71641 90288
65499 90216
72793 93645
71436 101709
69016 89979
67585 94341
72443 96372
76012 93747
71367 104082
80792 103470
71975 100281
68857 97599
81227 96090
81649 120270
86792 100161
76068 111279
79771 92256
81051 108690
80121 104631
80588 97179
73992 104397
86995 103149
85058 111342
74166 96687
76049 96108
74950 94362
83333 102363
77818 99957
76543 114624
75388 95142
83950 117753
77655 101742
76818 111966
80671 100242
75992 102711
79689 98400
81132 101907
83985 106983
85251 101613
85300 115968
78647 99870
81755 113736
82760 116055
76854 107400
86748 113823
84561 111660
80203 107802
83778 112092
92161 107775
102621 135705
85194 116271
92260 115761
88039 105624
84809 116268
85312 118977
95264 127767
91361 129843
91083 123393
85593 122679
87434 109887
92970 132855
88005 117867
86798 114933
87798 116877
90902 121062
91622 115683
88611 124710
93583 109770
95569 135666
92965 110019
89425 118722
98241 127092
89706 115413
92139 114729
86949 121173
89887 123381
98482 133965
99006 127791
102544 127935
96273 126963
94801 126957
96451 135099
97293 128997
98098 127836
93726 122721
97473 130962
96515 137271
99750 134514
97421 130413
98072 120870
99621 128364
93761 123807
103285 134418
95486 135294
109586 130458
101512 132816
94837 129795
101868 144606
101130 134724
108420 132771
104334 130713
107720 124044
108170 131991
104311 130221
113302 133416
104290 134004
112866 153702
99463 144528
102446 148332
116954 148479
105590 140991
102421 129810
117620 125877
104500 132006
109438 148206
107076 140064
105379 134478
106351 137373
112371 138000
119129 153819
102030 142338
117374 140571
113118 145770
110033 144258
115556 141924
111760 157356
116373 141003
118293 170895
115511 153891
119154 149859
115025 132738
114337 149280
115148 143592
122334 156873
116145 143274
112955 142494
121727 168183
111235 141870
116383 147198
120387 151815
117849 153660
114816 173877
121287 158001
121745 164982
130321 161337
116472 149130
124232 158265
120972 159309
117623 158364
118811 170937
120903 154008
122353 164388
121244 175707
118763 172974
113231 154389
117562 161256
121839 154533
121897 162255
123938 158775
133840 148965
125499 173391
127359 154974
124156 154314
117248 157584
124547 162207
125387 154734
126688 170946
125016 177294
123611 169269
119202 163521
125909 169431
136303 152409
132380 196383
127268 173511
137834 161265
125766 167607
128963 161682
130207 172329
138654 165516
130408 168483
131935 172605
134712 176217
128069 175734
125439 171147
134528 179526
125796 154089
134887 156771
132421 181440
130793 164295
129750 168849
136021 183162
129303 180975
138128 195564
128997 176592
146189 164955
136129 166935
128819 175131
136000 166671
129726 167649
127941 173439
133042 173682
140526 190344
137086 179244
132499 179526
136465 179865
131948 163884
129696 169935
132344 183336
133987 180642
134070 160206
149896 185109
138777 174603
138293 190044
146721 200484
136319 179520
143372 194673
139008 189768
148161 192708
139231 192969
145404 196200
135479 178599
148986 188460
144330 200376
146194 193884
140885 186510
138960 187791
139898 188271
153744 206106
144591 202926
144835 192894
150815 187536
146102 198042
171636 217809
147058 194280
151654 191670
139385 193227
144649 192402
152530 209505
142573 186804
156764 197679
152788 198441
145144 198006
148504 204798
147542 192237
149358 204987
163886 226242
150550 198006
155335 221388
164906 204387
160925 213423
151825 194229
155515 210366
161777 201111
157125 196728
150719 204720
159922 215832
157966 200058
159958 194478
163428 206340
158140 222075
156978 200604
173335 211611
