1725 4266
1764 4347
1800 4302
1809 4398
1803 4434
4391 10128
4388 10272
4193 9747
4421 10242
4203 9615
7510 16704
7405 16230
7472 16536
7233 16017
7315 16272
10367 22143
10277 21792
10348 21972
10393 22134
10440 22266
13924 29250
14189 29733
13703 29091
13959 29643
14195 29844
17482 37623
17163 36321
17307 37302
17484 37248
17663 37695
20953 44379
21096 44499
21124 44985
21431 44736
21122 44544
24858 52320
25108 52761
25404 53208
25270 52797
24947 52218
28706 59409
28870 59733
28972 59877
29065 60366
28778 59592
32522 65886
32491 66363
32290 65895
32026 65514
32095 65562
36510 73650
36476 73485
35957 72663
36871 73776
36274 72528
40398 80460
40452 80994
40506 81063
40970 81531
40536 80958
45069 88728
44480 87735
44461 87285
44835 88527
44369 87864
48831 97107
49087 96852
49161 97692
49797 98772
48708 96861
54291 108060
52922 105159
53678 106341
53668 106590
53271 105717
57981 116238
57963 116223
58019 116346
57986 115995
58274 116241
62083 124974
62231 125226
62109 125007
61582 124266
61812 124449
66026 132741
66782 134118
66408 133689
66358 133680
66559 133668
70282 142323
70803 142374
70985 142650
70412 141915
70047 141435
73696 148293
73748 147708
74461 150171
74291 149295
74976 150438
79058 159042
78875 158463
79494 158568
79479 158934
79640 159126
83308 166404
83488 167727
84433 168630
84129 168894
84386 168153
89417 178764
89270 178530
89189 177240
88727 177939
89798 178758
94214 185967
94335 186171
94175 186888
93734 185676
93894 185988
97998 194202
97343 193353
98167 193359
97836 193461
98313 194673
103312 203754
102958 204153
102134 202848
101994 201879
102623 203088
107873 211704
107590 212745
106914 210624
107404 211278
107464 211248
111957 219126
111003 218349
112272 220401
110554 217278
111078 218256
116288 226884
115964 226086
115712 225798
116065 226098
116665 227091
119678 232032
120986 233748
120138 233364
119643 232275
120209 233154
124963 242136
125853 244005
124235 240912
125704 243381
124367 241272
129921 250752
131545 252642
129567 250713
130834 252246
129709 250566
134922 258231
134224 258090
133547 256173
134723 257946
133965 257388
138508 264441
137868 265095
138490 265305
137458 261651
138928 265008
142006 271623
143440 274851
144184 275409
144406 275631
142864 272607
148534 284571
148250 282246
148475 283374
150391 286653
148973 284787
154166 293439
152996 291555
154765 293541
154458 294372
154854 295707
160527 302907
158503 300459
159205 302244
159538 301908
159844 302067
164290 310629
161734 306813
163998 310524
165026 311718
164402 310185
168851 318897
169415 319485
169758 319431
169742 318375
169008 318993
173788 329151
174647 331473
174859 331935
172434 325914
174633 330801
178605 341121
179133 339726
179795 342297
178156 338742
181053 343086
184573 351645
185275 352893
185089 351162
185168 351672
185236 351150
187944 358071
190458 361185
190432 361494
188586 360267
190237 362811
194049 369930
194636 370767
194978 370899
194862 370398
197248 374412
201863 384573
200381 381978
201586 385005
200724 382476
202073 384981
206880 395595
206011 393033
205566 394572
206373 395058
204927 392655
210593 403455
212108 404706
209809 401511
212511 404397
212652 405981
217380 416874
216986 416406
217006 417213
216386 414858
216535 415410
221817 427623
223156 429069
222406 428370
221274 426468
221432 426576
226862 435600
227261 435951
227522 438540
226422 436395
226487 435825
227416 440067
230153 442623
229063 441774
231317 444630
229341 443676
233629 452583
234616 452433
234316 451623
234934 453138
237394 455991
240697 465363
240986 463491
242665 465042
239804 463086
240232 463059
245950 474429
246321 475896
245846 475020
246307 476565
244846 475197
250301 483591
251701 485766
251475 484275
252174 485118
251598 485277
255786 492441
255555 494226
257154 495432
256932 494571
256506 493413
260066 500655
260836 502761
258987 501036
258306 499650
260123 502218
267332 514683
265673 511194
266117 512898
265668 511194
264966 511446
271323 521298
271438 521337
269861 518124
270378 519318
271189 520746
274826 527274
275148 528441
272512 523524
274350 526569
275974 529842
280598 537936
281485 538659
281104 536721
282040 539415
281742 539853
286370 548754
288056 551946
287647 550998
287894 551262
287470 550482
293035 561090
293064 561510
294869 563103
291836 558471
292745 561129
298341 571329
297458 570159
299855 571899
299831 572802
297878 568878
304782 581772
302561 579366
303767 581049
302836 580407
303471 580845
312674 597396
310683 594576
310658 594552
310016 595521
308984 593280
314040 605103
317209 607017
314405 605028
316868 608796
315759 606510
324056 619419
323729 618345
321503 616155
322630 617475
320721 613353
326504 623601
327648 626298
329416 627291
326790 624975
328341 626877
332665 632196
334438 637602
333070 634554
333377 636078
332007 634887
339360 645318
338943 643875
336630 641559
335980 640800
337682 644007
345264 654996
343877 654288
343287 652809
343487 652680
344002 653793
347077 659034
346750 659958
349979 663606
350324 663735
347102 661368
352869 669483
356144 673167
354078 669801
351527 668691
352405 669135
359798 682836
358929 682560
358034 682464
358896 681678
360247 683598
366950 696231
365361 692769
364502 693465
365572 695088
364498 694011
369530 702207
368866 700296
371235 703869
372509 705093
371199 704424
377104 714939
373977 710820
374640 711069
375650 712953
375014 711351
383332 724563
379250 719289
381636 723195
378615 717381
379028 717642
387238 732075
386139 728892
385181 727881
389036 732615
384199 726960
392356 743145
389576 736095
388387 734202
391163 739950
391926 739317
396582 748248
396340 748110
394592 745719
397713 751080
394232 745725
400711 755607
399667 755733
402375 757404
402667 758088
400430 756393
405054 762138
406628 765165
406156 764202
404782 764031
405385 762672
410728 772494
413085 776076
412946 775152
410203 771825
413041 775920
417842 782043
417718 781707
418446 783912
417610 782976
414448 776931
422895 791460
421726 788190
423100 790518
422792 790419
423472 789993
427742 798525
427607 799671
428868 800985
428902 796800
427211 797007
431511 807480
428986 801114
433246 807975
433182 808470
434341 809274
436895 817407
437095 817821
437410 817968
437770 818310
438738 816891
443516 828819
442177 824577
445747 831105
444255 829701
444048 826833
448606 836502
451585 840033
451252 838947
450569 839562
449355 836220
456598 849231
454512 846174
453204 841857
453084 842862
453075 844044
457732 851502
461892 858585
462294 858195
461671 858531
461596 858369
465164 865485
468848 867699
466021 867696
466056 865530
466008 865659
473155 877992
474410 878328
472873 875523
473103 874362
472279 874338
474686 881208
474844 881700
479025 885078
476178 880995
475813 882903
483530 892269
482865 892413
481995 889227
484647 894756
483834 894234
486362 896163
486935 899307
485339 895713
487940 899871
488243 900879
