1649 2829
1607 2763
1642 2784
1498 2553
1636 2727
3985 6660
3763 6177
4107 6840
3981 6585
3964 6348
6658 10779
6453 10335
6673 10917
6730 11085
6544 10446
9563 15096
9286 14610
9484 15153
9787 15690
9602 15501
12193 19032
12475 19860
12371 19479
11619 18057
12250 19359
15459 23943
15526 24444
15574 24225
15641 24681
15499 24087
18852 29256
18993 29391
18809 28977
18684 28629
19259 29781
22025 33846
21441 32421
21352 32418
22140 33612
22198 33870
25094 38217
25551 39498
24139 36339
25004 38079
25027 38052
28501 43143
27463 41760
28340 43044
28720 44166
28678 43851
32238 49509
31380 47835
32557 49494
32572 50109
31725 48279
36269 54702
36295 55203
36275 55062
35803 54270
36103 54648
39836 60636
40486 62061
39718 60228
40484 62352
39593 60132
43044 64662
43702 65691
44046 66729
43032 64902
43232 64920
47416 71592
46677 70179
46202 68847
47218 71067
46441 68961
48301 71538
50535 75495
50770 75786
50154 75048
50665 75693
53652 80106
54174 81795
54410 82758
54670 82143
54493 81753
57551 84756
57633 85596
54541 80733
57895 86499
57876 87453
61914 91932
61415 91374
61804 91035
62187 92388
61884 92388
65792 97338
65219 97338
65416 96978
65501 97284
62641 92769
69986 105834
69751 104529
69700 104994
69876 105687
70598 107277
73685 109863
73879 110832
72094 106833
73858 110439
73378 108438
78358 116070
76873 113172
77209 113958
77074 113703
78144 115764
81351 121119
80640 119247
82389 121599
80629 118863
82468 122607
86564 127584
85785 128100
86000 127959
85871 126990
86757 129711
90473 135666
90831 133761
91659 136671
90486 134613
90481 133368
94292 141054
94823 140295
94801 140733
95772 141579
94759 139419
98275 144561
97799 143910
97642 143532
98195 145596
98337 144111
101253 146952
101483 147378
103040 152814
102004 151005
100390 145740
105341 155385
105208 154575
105034 152433
104417 152244
104964 153114
110149 161850
109259 160797
110555 163716
110729 161232
107864 158484
115119 168492
113842 166203
114025 167622
115144 170535
115790 170112
116030 170421
117767 173841
117764 174675
118553 175500
117986 174510
123153 182913
123599 183498
123243 181320
122236 179445
121568 177102
126598 185721
126485 184767
123324 180732
125636 183942
125874 182655
130162 189153
130890 192204
130239 190170
130836 190710
131028 191769
134681 196941
134429 195372
132770 192237
133206 192954
134584 194832
138841 202458
137875 198102
138348 202005
138937 200913
139460 203607
144128 209454
144097 209796
143320 209757
143795 211095
143675 210408
147572 215502
148919 219543
147080 215301
148521 216774
147383 214509
151629 221226
151300 220461
151837 223518
152522 226059
151090 223125
155765 226794
154375 226791
155707 229326
156775 228645
156850 231024
159684 234243
160838 236574
161313 236742
161596 238437
161115 237882
164415 240213
165915 244110
165467 241050
166026 243588
167139 245133
167822 245256
168190 244578
169917 248988
168037 244326
170448 248535
173109 251553
174750 255654
173664 252837
174920 254949
174339 252318
177004 256821
177178 257235
179736 260277
180010 261744
179004 261399
184298 267591
182523 264972
183201 264624
182285 262800
182449 265527
188083 275538
188453 275145
189006 274977
187821 275043
178591 258576
191544 279387
193512 283170
192827 280461
192370 279624
194553 283860
199555 289995
197742 286425
199787 293304
198855 289845
198071 287535
201668 293214
203423 297489
204439 299442
203613 296034
202315 294837
207750 303933
208262 304560
207936 301266
209265 306846
208968 305901
213118 311271
210216 303228
213434 310341
211614 307266
211470 305121
215725 311001
215978 313206
217164 314028
214991 310038
215311 312789
220817 317721
219163 317115
219319 316176
220624 319179
220107 315810
223203 320004
217205 311658
222959 320922
224009 320223
219759 317973
227387 328206
226998 326676
229647 329046
229599 330417
227134 328527
232962 337611
233302 337974
230594 329955
230499 333621
232257 334947
234360 334143
236588 342069
238003 341604
236671 339423
236808 338940
239715 343722
241186 349035
240281 345708
241046 348345
239198 342210
246279 355050
246276 352434
247021 354915
246355 354645
245670 354567
250776 362775
251738 360591
250789 358608
250145 360312
251294 363441
256548 367365
255339 368901
255151 367929
255052 365745
255758 369588
259335 374565
261060 379419
260831 377451
259977 372033
258890 371178
264921 381738
263310 378120
262563 376359
265211 382674
265563 384354
267850 388638
267057 384258
268861 386652
268230 385014
266718 383703
272527 389286
274978 399351
272664 390843
272139 393405
271004 391755
277439 396453
278618 402465
276873 400638
274228 392352
277812 399603
281388 405336
283165 405519
282304 408123
282182 404910
280428 399876
286887 412263
284120 406794
282461 405702
287573 411993
286203 410814
292421 420609
290932 414399
289923 417351
290058 418074
290778 416934
295030 422919
295665 424416
296273 428568
294236 420600
296133 427338
296705 423933
301363 434547
302816 432153
300280 426483
300105 429105
306854 437274
299329 428427
306429 437835
305240 435675
304801 436698
312271 447345
312486 443730
306691 438816
308854 441273
309536 443562
310133 441180
315647 449883
314411 446532
316516 453870
316336 455148
320103 454830
320773 459669
319668 454482
320302 457335
315723 451734
323621 459036
324170 463404
325269 466308
322917 462873
320587 454392
330593 476730
329609 474963
327468 469266
326945 470688
328802 469011
334746 479634
334890 485880
333026 480147
338156 489372
334171 479115
339206 491394
338659 486933
341136 492600
341047 494007
340051 492807
344413 496692
345435 497085
344257 499716
345148 500985
341436 489966
347603 500409
348927 504975
346971 497622
344167 497502
346014 495735
351945 507900
353778 512034
354038 509163
354530 512421
354428 515229
359659 515370
359317 517875
358827 513099
359117 520692
359045 514140
362368 523569
355670 514083
364148 525195
365299 525720
362590 518820
366121 525741
368227 525609
365492 520935
368194 526380
368297 527361
372973 535566
372112 537528
371324 531084
373281 533526
373325 532431
376187 538173
376505 540675
378047 545793
377682 541701
378599 541179
382569 548697
381068 544797
382096 550155
381236 544179
384556 553284
386048 549075
387267 556128
387186 555588
389083 557574
386092 549147
394880 565056
389921 554871
393206 560490
388421 552750
391034 558708
397644 565191
395440 559995
397767 569031
393933 559065
394171 564147
402250 572484
387193 551931
403532 577194
402780 571452
401045 567873
407977 581355
407901 584415
405486 576675
409787 583311
393453 561249
412712 592236
413288 588177
410304 581805
412201 585462
409825 586140
418998 600552
419004 600429
418867 601215
420596 607308
416184 599862
423191 603993
424590 611700
420422 604230
425247 607818
423690 604665
427207 614094
431011 619608
429424 618447
424749 606354
428940 610560
