925 585
949 564
909 573
946 573
919 570
2194 1281
2196 1284
2151 1314
2269 1266
2027 1326
3570 2043
3914 1995
3726 1983
3474 2043
3696 2040
5306 2853
5126 2799
4745 2868
5035 2802
5136 2814
6729 3678
6854 3603
7618 3588
6514 3636
6684 3681
7529 4608
7487 4554
7839 4503
8265 4416
9420 4431
9742 5427
11120 5229
9954 5394
9871 5427
9319 5394
11625 6138
11640 6156
11519 6234
11175 6276
11921 6285
12845 7122
13245 7077
13830 7008
12529 7188
13175 7113
15224 8175
14289 8127
14666 8127
14769 7881
14224 8103
17070 8811
15915 9033
16312 8919
16568 8883
16144 8946
18981 9597
18714 9783
18988 9945
19093 9639
18426 9786
19971 10731
18746 10947
18771 10815
19801 10833
20066 10899
20851 11772
22254 11685
21956 11820
21430 11763
21086 11703
22982 12702
24187 12549
23093 12696
23419 12630
23019 12630
25108 13542
24893 13680
26390 13539
27338 13380
24757 13545
25906 14652
28673 14526
30817 14199
27104 14538
27169 14562
28000 15579
26858 15732
30155 15177
28662 15555
27019 15909
30810 16191
31293 16317
30168 16362
30316 16698
30424 16335
34149 17247
31666 17661
30143 17730
33158 17145
31925 17601
32258 18744
34129 18666
33296 18687
35997 18507
35282 18390
35828 19344
36451 19491
36326 19389
35655 19452
36584 19353
40495 20106
45837 19824
37023 20448
39156 20205
37430 20472
42508 21294
41503 21474
39348 21414
41233 21327
42620 21030
41860 22500
40094 22608
39637 22668
41595 22368
41415 22416
45693 23256
41909 23397
40494 23766
45654 23313
43403 23580
44786 24585
47545 24642
45154 24150
51481 23703
46306 24456
47055 25587
48223 25086
50065 25173
49603 25173
49215 25464
52280 26139
49984 26181
52382 26334
50737 26088
47584 26829
49970 27291
49493 27624
54359 27084
51086 27312
51416 27312
51802 28596
51966 28749
60844 27726
53749 28311
52609 28383
54796 29223
56211 29400
55251 29343
55319 29307
57975 29142
57775 30306
57582 30432
54000 30843
59115 30396
58056 30249
66024 31020
63193 30909
62422 31221
60695 31362
57799 31575
59609 32823
65172 31902
63598 32553
59552 32700
57160 32808
64902 33510
65673 33651
65653 33321
61411 33861
62289 33357
63719 34971
64604 34872
68452 34398
69028 34047
69168 33927
68433 35067
64381 35910
68356 35511
71295 35244
67822 35355
72996 36090
74959 36603
69404 36825
68247 36879
64926 37215
70603 37545
72838 37545
74134 37476
68775 37509
74043 37383
71237 38667
74592 38643
71046 38985
77403 38028
74476 38985
77987 39945
76511 39792
74134 39951
81674 38907
73828 40134
75908 40872
77196 40782
79429 40428
79283 40836
77483 40383
78709 41787
83538 41511
77245 41910
80874 41589
75012 42249
83256 42486
80166 43224
83409 42744
80102 43365
79055 42906
88832 43830
82987 44277
86868 43905
80558 44472
86191 43530
86734 45006
85214 45084
89854 45030
85616 44862
87292 45150
87598 45858
89553 46239
89544 45786
90830 46011
91088 45969
93759 47049
91580 46872
87403 47352
89951 46785
90667 47391
92001 47865
91915 48183
89500 48498
91969 48213
92018 48258
90067 49677
90963 49581
102644 48564
99174 48906
94906 48846
92121 50532
93234 50700
93180 50451
96009 50370
107985 49512
100753 50649
95700 51549
101946 51018
93761 51990
95534 51597
99874 52662
98478 52689
99888 52518
102616 52248
107721 52212
98664 54012
100862 53514
99086 53814
103148 53307
98128 54237
104595 54675
113857 53844
99216 55104
102422 54558
111569 53763
102200 56082
101178 56301
104913 55635
104848 56106
112571 55611
117752 55464
110122 56676
107957 56511
111934 56628
102914 57306
107295 58260
108807 57564
119215 57483
110764 57726
119996 57633
112518 58521
123704 58326
109557 59187
110298 58884
116243 58221
113498 60252
116678 59835
116791 60384
121999 59271
116915 59916
120972 60981
117333 60927
116013 60948
112958 61218
120669 61182
118545 62187
118800 62313
117642 62616
124176 62097
115802 62691
123892 62952
120802 63042
122051 62880
117712 63606
117351 63297
122350 64545
119306 64752
122417 64581
122076 64269
124043 64374
121022 65388
118591 66108
118471 65967
124689 65322
126446 65304
127678 66288
129118 65958
128613 65907
125321 66735
136649 65475
123527 67551
133931 66933
129250 67704
133485 67611
126211 68061
132556 68589
131525 68943
133354 68832
131971 68847
129275 68808
130410 69894
131622 69744
137881 69846
142248 68637
136951 69522
138160 70854
138203 70911
135849 71313
139073 70872
134524 71424
139860 71985
142309 72309
135354 71928
132174 72498
131449 73338
144632 73002
144422 73284
134324 73239
142335 72891
140453 72834
157788 72759
138314 74811
141254 74154
142304 73953
144586 73719
147729 75840
140652 75978
140879 75879
140907 75564
142837 75405
151326 75813
144846 77100
147760 77037
149162 75489
152156 75372
158015 77448
150738 78144
142665 78300
143573 78015
146273 77415
148917 78660
145672 79344
155602 78369
161432 77775
146270 79191
153489 79662
149742 79596
154038 78948
150835 79878
148457 80523
167645 79689
153702 81018
157541 80490
156113 81021
167054 79485
163836 81096
163392 82491
158202 82251
157421 81432
164018 80718
157006 83793
171962 82338
156611 83835
156165 83880
163640 82323
166198 84222
168149 84018
158753 84159
167135 83859
162344 84615
172438 85044
166189 84879
166085 84555
157887 85656
164012 85869
168359 86022
166367 86370
175002 85776
165349 86748
164238 86673
173945 87615
165985 87732
164387 87855
168018 87858
169227 87855
179207 88707
176146 88290
174622 87933
171426 88695
174371 88464
186537 88992
163467 91125
170586 90201
179294 89334
175797 89751
172790 90885
173494 91335
185162 90159
173140 90915
180141 90438
177361 92037
190906 91005
179650 91713
188641 91212
190691 92070
175250 93681
177151 93255
178627 93960
179413 92787
192163 92355
177615 95244
183419 94803
197574 92265
176755 94896
188975 93633
187176 95283
181319 96120
182026 95868
188725 95475
183611 95502
198416 95175
189383 96807
192338 95817
189389 96072
200763 95811
194463 97746
203403 96930
183044 98181
183711 97470
190656 97743
199424 97674
185405 99561
199646 97860
192445 98307
182247 99843
222224 97509
191866 99924
193615 99465
197310 99552
199835 99867
192866 101658
205210 99234
194893 100242
204393 100764
194724 100860
192033 102828
194482 102051
197962 101649
194986 102534
203824 101562
201832 102240
195493 103287
193136 103590
205288 101712
199502 103263
