1 181822 102150
2 168464 103200
3 174130 102798
4 172880 102189
5 179806 101859
6 170512 103005
7 183593 102312
8 184806 100806
9 170276 102744
10 171550 102936
11 176887 101955
12 177161 103008
13 179292 102093
14 184078 100926
15 171463 103032
16 180715 101370
17 177100 102669
18 184961 102219
19 180829 102072
20 175401 102642
21 186175 101118
22 186859 101436
23 175503 103227
24 193498 100734
25 182343 102267
26 182915 101457
27 174958 102804
28 191895 101367
29 174628 102258
30 175829 102291
31 182552 101382
32 177058 102198
33 178857 102033
34 174660 102621
35 170972 102729
36 168638 102753
37 175364 102729
38 171031 102687
39 177821 102198
40 172506 102393
41 172467 102747
42 167846 103317
43 186986 100794
44 175989 101718
45 186864 100983
46 175948 101967
47 179678 101250
48 171887 103128
49 178386 101313
50 170342 103236
