parts=3
7980 23324
8667 25580
8746 25800
8696 25713
8726 25764
parts=3
17119 49453
17661 51068
15357 44470
17200 49673
14529 41829
parts=3
26940 77976
26782 77380
25235 72720
26910 77672
27263 78968
parts=3
30641 87586
28979 83143
36088 103289
34669 99287
32573 92840
parts=3
46809 134545
45638 131010
45610 131135
42049 120273
45994 132394
parts=3
46571 133160
46002 131550
54613 156514
54641 156647
56688 162751
parts=3
64723 185537
60033 171605
54654 156146
54683 156194
53918 154049
parts=3
61877 175524
59490 168740
72762 207475
71381 203195
67525 191677
parts=3
78400 224044
79007 225708
70062 200085
72987 208457
65058 185215
parts=3
93303 267173
88544 252755
81169 230650
89037 253879
92774 265214
parts=3
102359 291408
103360 294159
102544 291977
88625 252450
84012 238741
parts=3 895,3
8204 24026
8262 24158
8423 24874
8737 25791
8797 25930
parts=3 1911,3
16924 48956
16026 46309
14879 42969
14220 40923
15100 43816
parts=3 2510,3
26756 77316
25703 74148
26953 77815
26533 76456
27088 78378
parts=3 3526,3
31133 89081
28501 81471
32377 92327
32342 92145
34566 98895
