parts=3
8390 24542
8436 24793
8508 24947
8797 25980
8640 25386
parts=3
15831 45657
17602 51138
14899 43126
14997 43354
14928 42936
parts=3
26711 77341
25167 72669
25686 74207
25212 72670
26900 77725
parts=3
31146 89415
28718 82241
35456 101674
36128 104048
35210 100970
parts=3
45124 129105
41954 119968
45167 129440
44840 128568
46003 132286
parts=3
45872 131042
45726 130560
55707 160213
56430 161964
56101 161147
parts=3
58063 165525
61444 175318
52883 150699
56253 160764
56146 160691
parts=3
63083 179708
55682 157972
65016 184987
66913 190249
69790 198243
parts=3
84413 241193
77557 221393
72052 205768
65729 187410
73365 209628
parts=3
90512 258014
90485 258097
90845 259050
90704 258611
89288 254716
parts=3
95378 271089
102308 291327
89151 253992
88261 251326
87616 249328
parts=3 172,3
8565 25141
8482 24909
8508 25010
8547 25082
8433 24794
parts=3 155,3
15903 45870
17609 51244
13610 39196
15032 43467
14806 42626
parts=3 211,3
26974 78096
27058 78214
25555 73703
26921 77690
26956 77954
parts=3 645,3
31240 89689
28699 82035
33238 95294
35162 100676
35494 101900
parts=3 90,3
45066 128976
40390 115498
45096 129500
44785 128360
46386 133394
