parts=3
8775 25848
8687 25624
8213 24158
8703 25610
8761 25890
parts=3
17398 50431
15916 45926
14759 42518
14972 43261
14885 43153
parts=3
26712 77305
25080 72537
25124 72256
26718 77052
26824 77491
parts=3
30975 88971
28942 82770
31748 90629
34080 97493
35371 101490
parts=3
43770 125270
41658 119080
44671 128113
45145 129641
46112 132553
parts=3
47367 135674
46100 131772
53978 154349
56266 161356
57748 166378
parts=3
63407 181393
63364 180657
53223 151589
53503 152515
56028 160388
parts=3
60112 170588
61591 175169
71406 203101
69769 198488
71676 203898
parts=3
86667 248111
78753 224833
72300 206490
72930 208201
72092 205844
parts=3
92183 263613
90817 259273
92638 264564
92818 265479
91852 262418
parts=3
98014 279099
102307 291282
99741 283739
87695 249663
81882 232320
parts=3 574,3
8800 25931
8826 26084
8780 25990
8743 25828
8829 26057
parts=3 1127,3
17483 50712
15876 45821
15200 44004
15028 43504
13514 38748
parts=3 1687,3
26483 76387
26828 77544
26629 76991
26861 77488
26855 77490
parts=3 2220,3
27146 77480
28920 82751
35055 100329
31557 90192
30937 88094
parts=3 2422,3
44053 126153
45964 132241
45242 129635
45318 130006
46757 134432
