parts=5
8448 23542
8445 23665
8558 23995
8671 24381
8085 22559
parts=5
16597 45942
17036 47402
16272 44900
16700 46126
16422 45448
parts=5
26560 73689
26536 73540
26807 74106
25603 70881
26791 74269
parts=5
34797 96373
35944 99163
36230 99924
33564 92497
34364 94823
parts=5
45111 123896
44513 122305
45172 124521
43316 119147
42512 116863
parts=5
53405 146421
54920 151081
51362 141073
54623 149712
54303 149325
parts=5
62846 172162
62701 172414
64183 176318
59777 164199
59814 164053
parts=5
72089 197524
71945 197428
70474 193126
68103 186995
68107 187002
parts=5
80608 220884
77078 210615
82136 225467
76905 210773
82717 226649
parts=5
89758 246351
89206 243681
91360 250736
85788 235073
91395 250906
parts=5
98935 271333
99230 271514
99229 271510
94562 258395
94588 258695
parts=5 938,5
8484 23796
8505 23590
8515 23926
8102 22608
8312 23075
parts=5 1875,5
16535 45694
17338 48110
17416 48062
16555 45732
17545 48771
parts=5 2829,5
26381 73001
26265 72700
26713 74190
25226 69292
25142 69414
parts=5 3783,5
35572 97984
35753 98651
35628 98405
34440 95383
34417 95124
