parts=5
8403 23459
8550 24063
8433 23698
8452 23747
8319 23444
parts=5
17533 48514
17480 48372
17291 48206
17321 48179
17359 48142
parts=5
26851 74369
26735 73985
26722 73863
26185 72795
26568 73414
parts=5
36146 99808
35947 99293
35858 99051
36186 99881
35763 98678
parts=5
45010 123241
44848 124041
44975 123699
44850 123497
44942 123987
parts=5
54264 148685
54431 149685
54382 149401
54355 149261
54228 149119
parts=5
63355 173627
64049 176097
63563 174799
64007 175486
63843 175656
parts=5
72985 199999
72757 199845
72604 199528
72992 200257
72857 200173
parts=5
82537 226327
81719 223559
82116 225559
82330 225311
82568 226279
parts=5
91406 250739
91637 251331
91755 251298
91505 250975
91389 251060
parts=5
101147 276423
101015 276376
100947 276323
100877 276707
101010 276557
parts=5 169,5
8566 23926
8506 23862
8432 23515
8367 23517
8448 23415
parts=5 53,5
17120 47389
17452 48349
17435 48390
17308 48089
17395 48360
parts=5 365,5
26775 74300
26687 74031
26752 74101
26603 73571
26534 73542
parts=5 718,5
35935 98980
35993 99252
35898 98910
36121 99991
35799 98931
parts=5 122,5
44954 123646
44985 123646
44647 122680
45074 123974
45009 124047
