parts=5
8583 23979
8490 23740
8519 24018
8058 22605
8124 22656
parts=5
17566 48527
17475 48636
17324 48352
17537 48719
16448 45572
parts=5
26697 73934
26865 74234
26783 74192
26624 73692
26685 73885
parts=5
35470 97834
35699 98604
36005 99730
35522 98177
35847 98594
parts=5
44290 121734
44774 123711
45232 124364
44309 121819
45151 124353
parts=5
54258 149783
53886 148313
54334 149408
54539 149979
54540 149781
parts=5
64000 176007
64128 176230
62513 171850
64083 176003
62630 171901
parts=5
72215 198748
72615 198930
72923 200709
72513 198896
72762 200032
parts=5
81877 223802
81872 224777
81688 224258
82652 225969
76811 210915
parts=5
92017 251744
91458 250940
91542 250604
91545 250298
91535 250464
parts=5
100707 276046
101383 277327
98901 270331
100906 277050
101061 276695
parts=5 545,5
8437 23482
8429 23650
8545 24011
8091 22560
8066 22565
parts=5 1086,5
17431 48540
17635 48951
17430 48389
16602 45897
16433 45503
parts=5 1349,5
26734 73924
26972 74563
26269 72785
26781 74131
26727 74101
parts=5 1796,5
35307 97691
35574 98269
36106 99508
35373 97395
35746 99040
parts=5 2111,5
45214 124377
45029 124372
45099 124152
45181 124330
