parts=7
9822 26389
9882 26249
9964 26752
9936 26498
9753 25981
parts=7
18148 47777
18197 48005
18588 48808
18717 50074
20540 54645
parts=7
29577 77930
30505 80545
30475 80406
30510 80418
30406 80331
parts=7
41561 109550
41435 109020
41357 109168
41342 109248
41734 109652
parts=7
52172 137249
51911 136531
52272 137025
50212 132218
52186 137131
parts=7
61904 162835
61920 162760
61875 162533
60735 159782
58402 153433
parts=7
67679 177964
67689 178115
67497 177649
68018 178539
73111 191696
parts=7
83429 219003
83255 218494
83447 219112
83552 219472
84017 220234
parts=7
92363 242754
92673 242795
92049 240892
94061 246434
90973 238657
parts=7
104336 273345
104459 273268
104781 274401
104956 274383
104542 274254
parts=7
parts=7 847,7
9856 26383
9844 26216
9918 26373
9684 26173
9649 25900
parts=7 1816,7
18117 47807
18690 49334
18670 48918
18698 49086
20464 54263
parts=7 2600,7
30464 80570
30393 80157
30662 80374
30350 80095
30648 80930
parts=7 3943,7
41433 108863
41550 109382
41492 109336
41713 109471
41383 109194
