parts=7
9501 25199
9601 25559
9729 25988
9725 25806
9696 25957
parts=7
18643 48991
18844 49625
18746 49376
18903 49815
20016 53066
parts=7
30188 79931
30204 79708
30245 79952
29293 77372
29336 76785
parts=7
40987 107578
40763 107561
40755 107394
40756 107214
39570 103656
parts=7
50365 132225
50322 132006
49861 130581
51440 134936
51285 135078
parts=7
59985 157267
61675 162002
61020 160275
61427 161600
57495 151245
parts=7
68267 178387
67834 177972
67506 177368
67320 176765
72674 191446
parts=7
83047 217881
83164 218337
81411 213333
81657 214489
81465 213741
parts=7
93097 244462
93405 244157
93963 246508
94094 246462
93850 246331
parts=7
102359 268758
102730 268664
104401 273165
104227 272844
104131 272364
parts=7
115304 301364
114838 300777
115233 300750
113494 298331
106839 280331
parts=7 144,7
9557 25393
9746 26027
9641 25812
9657 25761
9673 25869
parts=7 308,7
18904 49832
18732 49478
18622 49341
18677 49608
20167 53085
parts=7 36,7
29718 78710
29929 78465
30132 79998
29227 77028
29119 76793
parts=7 131,7
40978 107983
40736 107608
41005 107444
40819 107366
39443 103444
parts=7 215,7
50319 132071
49936 131381
50032 131115
51513 135495
51572 135321
