parts=7
9838 26383
9797 26158
9809 26229
9909 26303
9818 26217
parts=7
18279 48152
18081 47994
18321 48003
18071 47412
20424 54093
parts=7
30320 79912
29516 77738
29471 77675
30392 79948
30496 80047
parts=7
41133 108487
41185 108400
41197 108311
40931 108290
41370 108853
parts=7
50293 132238
50636 132434
50069 132201
52028 136953
52223 137261
parts=7
60914 160128
61156 160180
61029 160669
62188 163613
58317 153213
parts=7
67822 177897
67923 177755
66080 172622
68132 178335
72748 191181
parts=7
83915 220258
83446 219239
83381 218876
83883 219700
83482 219306
parts=7
94516 247027
93296 244570
93607 244694
94078 246722
94391 246880
parts=7
104111 272373
103919 273408
102962 269018
103796 272554
104877 273998
parts=7
113646 296672
114854 301699
115387 301857
114987 301291
104941 274971
parts=7 423,7
9899 26239
9779 26144
9778 26093
9751 26308
9856 26195
parts=7 1024,7
18233 48116
18693 49347
18645 49196
18749 49670
20022 52902
parts=7 1711,7
30588 80376
30225 79825
30489 80321
29460 77692
30438 80367
parts=7 2326,7
41138 107899
41360 108286
40334 105962
41063 108015
41475 109377
