parts=9
11615 29784
11553 29686
11237 28806
11365 29372
11507 29762
parts=9
23556 60159
23447 60036
23616 60444
23596 60332
23483 59987
parts=9
35803 90929
35747 91386
34820 88444
35809 90840
34748 88581
parts=9
47709 121095
47787 121245
47825 121488
47735 121058
46187 116944
parts=9
60063 152059
58385 148321
58801 148438
58633 148714
60028 152133
parts=9
71694 181348
71865 181865
71620 181238
70218 177835
69890 176888
parts=9
84085 212712
83744 212463
83716 211565
83575 211550
83479 211214
parts=9
94230 238690
96131 244335
95117 240348
96128 243566
95814 242699
parts=9
109278 276166
109346 276051
109392 275728
109301 275881
109134 276056
parts=9
121110 305775
120960 305953
120942 306238
121620 306766
121277 306512
parts=9
133569 336190
133685 336682
132930 335374
133640 337264
133521 336552
parts=9 451,9
11550 29591
11469 29496
11253 28829
11366 29219
11412 29536
parts=9 858,9
23439 60231
23489 60114
23360 59868
23609 60283
23954 61293
parts=9 1640,9
35359 90570
34565 87703
35960 91404
34514 87791
35617 90576
parts=9 1938,9
47948 121736
47838 121346
47469 121073
47938 122014
46475 117316
