parts=9
11660 30254
11442 29610
11785 30318
11600 29698
11531 29732
parts=9
23563 60517
23496 59716
23545 59924
23388 60409
23026 58767
parts=9
35604 91226
34884 88781
34736 88760
35237 89396
36231 92164
parts=9
47733 121590
47879 121925
47488 120869
47532 121014
47943 121661
parts=9
60217 152532
60235 152582
60469 152606
60155 152666
60045 152219
parts=9
70720 179224
72104 182855
71882 182312
70101 177551
70290 177876
parts=9
83843 212360
83967 212910
84090 212494
83997 212398
83811 212540
parts=9
96222 242732
94540 238742
96038 242935
96542 243359
96336 243756
parts=9
109609 276559
108955 275648
108918 275706
109369 276799
108989 275290
parts=9
121097 306179
121313 306386
121095 306386
121635 307323
121095 306199
parts=9 949,9
11588 30141
11622 30114
11631 30043
11661 30217
11568 30241
parts=9 1625,9
23863 61014
23538 60122
23577 60436
23370 59772
23371 59579
parts=9 2600,9
36185 92506
34892 89275
35665 91257
34893 88533
35567 90788
parts=9 3848,9
47909 121895
48189 122218
47787 121905
47695 121157
47866 121298
