parts=9
11434 29087
11395 29062
11625 29926
11525 29660
11155 28854
parts=9
23133 59097
23247 59190
23312 59360
22969 58891
23194 59303
parts=9
35322 89673
35472 89806
35321 89600
35487 90203
35385 89921
parts=9
47569 120309
47899 121036
47679 121378
47568 121327
46370 117750
parts=9
59477 150676
58062 146554
58332 147526
58331 147985
59661 151132
parts=9
71694 181568
71722 181739
71860 181924
71445 181224
71170 181001
parts=9
83915 212454
84124 212513
83488 212600
83994 212700
83806 212427
parts=9
95953 242735
95760 242041
96394 243118
94599 239550
94392 239146
parts=9
108686 275148
109000 275966
109221 276166
108592 276334
108943 276438
parts=9
121179 305935
119787 302629
119960 302507
121805 306584
119567 302605
parts=9
133110 335204
132677 334963
133221 335896
133054 335692
133222 336149
parts=9 77,9
11179 28693
11294 29041
11438 29705
11478 29488
11302 29309
parts=9 64,9
23206 59021
23415 59399
23204 59427
22988 59025
23147 59232
parts=9 115,9
35429 89735
35465 90340
35290 89898
35260 89934
35236 89399
parts=9 288,9
47371 120251
47451 121151
47642 121320
47501 121170
46362 118045
parts=9 662,9
59923 151698
59369 150967
58498 147529
58682 148228
59919 151626
