parts=3
6028 20779
7140 24804
7021 24370
6972 24160
7155 24740
parts=3
13601 46611
13560 46369
12710 43484
12725 43546
12653 43191
parts=3
20478 69719
17061 57694
20444 69561
21809 74435
22040 75221
parts=3
29693 101259
30632 104635
26433 89975
23783 80344
24361 82523
parts=3
36527 124077
34984 118351
36829 125052
36573 124067
36293 123085
parts=3
38935 131611
43199 146060
37497 126538
37428 126294
38997 131839
parts=3
47946 161904
45654 153574
49875 168365
49994 168825
49859 168243
parts=3
52668 177984
52481 177223
58479 198107
56603 191356
56894 192533
parts=3
60035 201742
64999 219086
65677 221331
59746 200661
57595 192919
parts=3
66270 223299
65766 221470
75475 254592
76497 258130
76541 258294
parts=3
81634 275720
67807 227767
75546 254945
74275 250341
86643 293140
parts=3 931,3
5921 20336
5965 20501
7007 24333
7138 24708
6990 24151
parts=3 1979,3
14688 50563
14723 50686
12572 42986
12659 43264
12769 43661
parts=3 2527,3
16019 53863
17172 58121
22107 75607
21978 75015
21912 74762
parts=3 3862,3
30642 104653
30918 105703
24397 82756
26263 89264
24384 82595
