parts=3
6077 20978
5516 18930
6899 23949
6905 23953
6369 21970
parts=3
13548 46417
13085 44716
12171 41525
11613 39546
11672 39819
parts=3
18265 61900
16421 55366
21277 72489
21293 72502
19817 67283
parts=3
30786 105313
29378 100176
25326 85990
25298 85893
26046 88637
parts=3
37089 126038
36053 122294
35382 119851
35156 119054
36679 124513
parts=3
41386 139774
41396 139881
35527 119605
35448 119259
35420 119201
parts=3
47901 161702
47908 161740
48368 163401
48364 163337
53197 180406
parts=3
52801 178491
52722 178216
57986 196343
61839 209765
61772 209466
parts=3
64539 217247
63947 215137
64658 217672
64486 217067
65045 219020
parts=3
72350 244133
64155 215877
76072 256778
77432 261683
70123 236003
parts=3
80369 271365
81403 274716
66908 224976
81411 274792
73187 246773
parts=3 18,3
5934 20462
5496 18786
6913 24014
6415 22147
6265 21560
parts=3 319,3
13160 44951
13485 46130
11608 39550
11540 39238
11607 39558
parts=3 328,3
17998 61005
17949 60835
21301 72587
20881 71037
20848 70930
parts=3 271,3
30373 103794
29347 100100
25320 85982
25083 85143
30268 103410
parts=3 779,3
35089 118870
36645 124383
36089 122329
36903 125374
34147 115617
