parts=3
6013 20687
5958 20523
7071 24568
6912 23944
6974 24232
parts=3
13110 44836
12809 43598
12635 43275
12600 43117
11962 40715
parts=3
17109 57864
16129 54233
19659 66768
21935 74908
21017 71521
parts=3
28266 96247
30228 103203
27291 92672
23053 77875
23442 79325
parts=3
35752 121206
35686 120974
35484 120246
33656 113821
35884 121759
parts=3
45238 153441
44897 152214
38919 131603
38542 130194
38619 130458
parts=3
51906 175665
51438 174042
48357 163334
48404 163476
51907 175652
parts=3
53308 180285
52451 177250
62250 211240
58528 198266
57564 194795
parts=3
65415 220301
64917 218630
64732 217880
63793 214481
64184 215895
parts=3
72177 243525
60010 201484
76074 256777
72416 244354
71048 239404
parts=3
83038 280750
80023 270049
75681 255455
75976 256585
76302 257807
parts=3 573,3
6981 24187
5664 19374
6968 24159
6977 24212
7003 24310
parts=3 1029,3
13544 46381
14134 48509
12636 43289
12620 43203
11846 40255
parts=3 1612,3
18269 61963
19859 67462
19749 67097
21232 72300
21200 72218
parts=3 2294,3
29718 101416
29591 100907
23467 79416
24945 84610
28291 96292
parts=3 2411,3
35705 121019
37473 127429
35777 121357
35594 120666
36791 124925
