parts=5
5372 23991
5391 24062
5402 24111
5444 24262
5386 24010
parts=5
11124 49507
11118 49487
11104 49424
11167 49658
11102 49370
parts=5
16626 73785
16607 73702
16636 73816
16789 74467
16629 73761
parts=5
22675 100677
22721 100863
22701 100776
22446 99585
22728 100857
parts=5
28018 124114
28066 124321
28062 124301
28060 124263
28098 124419
parts=5
33919 150146
33968 150381
33893 150003
33917 150074
33905 150047
parts=5
39575 175014
39553 174855
39568 174936
39196 173236
39572 174960
parts=5
46015 203800
45995 203693
46012 203758
46039 203855
46065 203953
parts=5
50800 224471
50811 224520
50803 224485
50814 224493
50647 223695
parts=5
57238 253146
57466 254186
57204 252978
57190 252876
57198 252930
parts=5
62074 274113
62083 274112
62070 274063
62007 273713
62016 273768
parts=5 72,5
5377 24015
5468 24448
5393 24056
5389 24011
5381 23990
parts=5 363,5
11163 49696
11190 49799
11130 49526
11190 49797
11108 49400
parts=5 337,5
16646 73875
16638 73784
16603 73668
16616 73692
16630 73768
parts=5 558,5
22713 100848
22700 100775
22701 100779
22751 100962
22722 100838
parts=5 752,5
28084 124392
28065 124313
27971 123867
28050 124208
28263 125180
