parts=5
5459 24397
5426 24218
5468 24351
5455 24237
5424 24106
parts=5
11118 49510
11101 49433
11144 49541
11149 49474
11122 49376
parts=5
16738 74356
16588 73590
16767 74387
16678 73869
16669 73885
parts=5
22631 100469
22681 100660
22758 100823
22820 101007
22813 101085
parts=5
28324 125521
27989 124030
27996 123950
28355 125531
28352 125545
parts=5
34119 151065
34138 151064
34075 150770
34029 150390
33854 149726
parts=5
39234 173484
39237 173364
39598 174827
39597 174819
39558 174685
parts=5
46029 203833
45965 203519
46058 203875
46089 203864
46051 203680
parts=5
50796 224507
50834 224688
50833 224670
50806 224346
50742 224118
parts=5
57185 252886
57161 252748
57165 252698
57255 253000
57119 252507
parts=5
62013 273878
62030 273870
61999 273724
62000 273697
61997 273680
parts=5 854,5
5471 24471
5467 24413
5466 24399
5433 24107
5479 24391
parts=5 1670,5
11159 49705
11107 49451
11128 49467
11214 49771
11113 49344
parts=5 2575,5
16811 74636
16788 74522
16743 74254
16677 73907
16695 73998
parts=5 3826,5
22737 100985
22700 100663
22776 101065
22705 100512
22720 100649
