parts=5
5490 24513
5456 24361
5397 24088
5466 24416
5482 24466
parts=5
11129 49604
11135 49549
11094 49334
11163 49577
11137 49560
parts=5
16685 74058
16683 74018
16632 73746
16655 73800
16723 74222
parts=5
22702 100805
22711 100847
22732 100934
22727 100879
22710 100774
parts=5
27997 124103
27982 123927
28248 125160
28088 124292
28060 124311
parts=5
34029 150720
34038 150654
33977 150333
34055 150738
34030 150658
parts=5
39245 173521
39202 173321
39195 173233
39210 173228
39243 173444
parts=5
46060 203998
46043 203945
46041 203926
46059 204000
46031 203856
parts=5
50833 224712
50851 224753
50824 224609
50716 223938
50877 224847
parts=5
57109 252587
57134 252697
57224 252996
57136 252618
57150 252733
parts=5
62047 274002
62017 273869
61975 273625
61983 273674
62041 273938
parts=5 442,5
5375 24013
5433 24254
5403 24100
5481 24386
5472 24393
parts=5 1059,5
11152 49661
11173 49749
11176 49723
11152 49532
11135 49516
parts=5 1531,5
16754 74413
16630 73771
16676 73982
16824 74651
16737 74282
parts=5 1923,5
22774 101137
22740 100973
22697 100736
22741 100935
22720 100811
parts=5 2620,5
28039 124284
28015 124119
28009 124043
28070 124189
28041 124223
