parts=7
4792 26080
4795 26072
4746 25799
4754 25803
4795 26018
parts=7
9777 53147
9735 52875
9772 53077
9723 52782
9148 49604
parts=7
14972 81335
14990 81397
14645 79479
14965 81231
14991 81311
parts=7
19952 108342
19982 108499
19956 108324
19939 108233
20025 108625
parts=7
24459 132799
24451 132730
24432 132596
24469 132799
24478 132809
parts=7
30313 164633
30296 164535
30300 164524
29363 159373
28274 153416
parts=7
35144 190828
35166 190928
35252 191345
35251 191372
32951 178786
parts=7
40338 218949
40347 218984
40302 218704
40327 218857
40350 218880
parts=7
45194 245188
45205 245202
45150 244906
45150 244896
45200 245117
parts=7
49948 271215
49987 271353
49949 271129
49932 270976
50028 271532
parts=7
55890 303632
55890 303462
55921 303734
55949 303858
55928 303813
parts=7 10,7
4748 25844
4730 25709
4779 25980
4732 25724
4758 25822
parts=7 34,7
9736 52904
9710 52725
9737 52863
9723 52770
9130 49514
parts=7 285,7
14974 81351
14998 81436
14949 81154
14947 81147
15031 81519
parts=7 393,7
19946 108327
19952 108301
19939 108236
19941 108238
19971 108335
parts=7 389,7
24448 132749
24400 132430
24459 132764
24400 132402
24467 132766
