parts=7
4730 25734
4750 25791
4763 25817
4787 25901
4755 25728
parts=7
9738 52956
9784 53168
9817 53276
9845 53420
9239 50127
parts=7
15028 81580
15005 81426
15006 81391
14994 81267
14969 81113
parts=7
19941 108317
19960 108362
19950 108307
19944 108256
20108 109073
parts=7
24391 132439
24412 132521
24429 132528
24407 132393
25222 136782
parts=7
30243 164223
30290 164471
30260 164303
29274 158914
30354 164704
parts=7
34675 188293
35242 191303
35124 190636
35084 190370
32894 178301
parts=7
40326 218902
40334 218897
40323 218757
40346 218863
40410 219058
parts=7
45184 245150
45471 246651
45159 244995
45148 244889
45181 245019
parts=7
49915 270987
49921 270995
49950 271107
50021 271416
49931 270843
parts=7
55896 303659
56014 304255
55874 303437
55992 304067
55917 303697
parts=7 553,7
4772 25980
4760 25844
4786 25939
4764 25785
4772 25821
parts=7 928,7
9806 53307
9749 52973
9745 52947
9597 52063
9187 49836
parts=7 1559,7
15005 81492
14958 81190
15007 81402
15007 81362
14915 80779
parts=7 1726,7
19955 108359
19966 108401
19954 108314
19949 108274
20095 109007
parts=7 2545,7
24424 132614
24406 132478
24410 132388
24436 132493
25251 136943
