parts=7
4784 26027
4787 25958
4921 26603
4948 26703
4832 25993
parts=7
9795 53241
9912 53727
9955 53842
9940 53697
9239 49856
parts=7
14963 81274
15024 81457
15062 81469
15042 81375
15047 81086
parts=7
19375 105209
20086 108963
19498 105664
19440 105241
19386 104871
parts=7
24397 132489
24446 132489
24299 131661
24521 132721
25046 135512
parts=7
30302 164570
30311 164493
30316 164384
30350 164469
29880 161850
parts=7
35097 190603
35173 190873
35199 190940
35325 191542
32864 177962
parts=7
40387 219207
40398 219145
39777 215654
39849 215993
39776 215398
parts=7
45233 245465
45250 245344
45301 245612
45235 245145
45599 246933
parts=7
49960 271197
49980 271161
50065 271373
49943 270615
50716 274678
parts=7
55933 303899
56009 304065
56090 304356
56281 305067
56048 303550
parts=7 861,7
4797 26101
4825 26137
4873 26359
4924 26570
4884 26310
parts=7 1797,7
9794 53231
9832 53315
9950 53831
9923 53608
9247 49869
parts=7 2817,7
14949 81171
15009 81374
14995 81152
15054 81405
15073 81209
parts=7 3567,7
19953 108357
20095 109034
19358 104880
19429 105195
19405 104957
