parts=9
4587 29426
4554 29179
4629 29614
4578 29288
4562 29152
parts=9
9503 61000
9497 60919
9490 60823
9481 60745
9470 60687
parts=9
13375 86031
13424 86243
13446 86280
13426 86128
13444 86217
parts=9
18973 121864
18986 121865
19018 121967
19119 122519
19068 122173
parts=9
23170 148832
23188 148857
23188 148783
23207 148819
23181 148647
parts=9
27821 179054
28532 183443
27839 178954
27835 178854
27832 178847
parts=9
33438 214862
33428 214706
33449 214739
33415 214388
33400 214249
parts=9
37999 244323
37933 243798
38104 244734
38033 244330
37964 243834
parts=9
40573 260990
40593 261039
40600 260933
40609 260976
40696 261415
parts=9
47730 306734
47720 306572
47740 306642
47751 306669
47784 306765
parts=9
52177 335637
52191 335684
52302 336291
52153 335413
52118 335198
parts=9 414,9
4652 29822
4671 29915
4581 29328
4591 29361
4652 29713
parts=9 873,9
9494 60924
9469 60672
9503 60918
9495 60826
9418 60333
parts=9 1575,9
13404 86202
13395 86058
13405 86036
13514 86635
13457 86263
parts=9 2196,9
18953 121753
18959 121709
18991 121836
18996 121789
19044 122063
parts=9 2925,9
23755 152555
23167 148713
23171 148692
23184 148686
23198 148752
