parts=9
4701 30159
4646 29676
4702 29898
4761 30153
4635 29308
parts=9
9347 60017
9365 59937
9368 59898
9498 60594
9556 60878
parts=9
13403 86201
13412 86093
13521 86606
13484 86369
13507 86418
parts=9
19030 122223
19030 121943
19090 122175
19135 122073
19198 122328
parts=9
23760 152553
23165 148644
23199 148764
23182 148589
23203 148639
parts=9
27825 179091
27907 179221
27909 179089
27994 179496
27979 179184
parts=9
33439 214883
33482 214996
33464 214718
33484 214753
33489 214757
parts=9
38000 244337
38195 245234
38220 245082
38188 244650
38278 245244
parts=9
40667 261528
40567 260699
40714 261404
40690 261120
40733 261293
parts=9
47723 306717
47223 303373
47171 302908
47840 306997
47201 303008
parts=9
51951 334258
52226 335660
52218 335449
52256 335529
52217 335244
parts=9 864,9
4687 30060
4644 29627
4755 30227
4204 26599
4787 30265
parts=9 1667,9
9300 59736
9405 60164
9382 59963
9587 61074
9407 59989
parts=9 2496,9
13411 86227
13409 86106
13453 86244
13457 86119
13447 86070
parts=9 3946,9
19034 122237
19060 122110
19083 121911
19195 122352
19156 122000
