parts=9
4347 27895
4555 29186
4578 29281
4610 29434
4560 29143
parts=9
9388 60253
9362 60019
9404 60297
9430 60408
9405 60211
parts=9
13426 86334
13437 86359
13380 85971
13457 86422
13399 86024
parts=9
18938 121643
18905 121428
18973 121766
19116 122657
18883 121197
parts=9
23701 152220
23707 152190
23754 152461
23708 152144
23723 152227
parts=9
27763 178677
27785 178767
27763 178612
27829 178970
27725 178330
parts=9
32503 208910
33383 214464
33435 214689
32488 208707
32510 208870
parts=9
38027 244500
38016 244367
38047 244530
38057 244572
37858 243311
parts=9
40402 259870
40395 259783
40407 259809
40407 259786
40390 259655
parts=9
47578 305801
47578 305748
47570 305661
47582 305714
47686 306354
parts=9
52125 335341
52131 335240
52129 335281
52112 335139
52129 335255
parts=9 57,9
4562 29276
4591 29361
4563 29213
4612 29465
4583 29291
parts=9 22,9
9378 60189
9387 60194
9479 60680
9394 60188
9388 60127
parts=9 409,9
13412 86247
13465 86507
13440 86314
13430 86252
13416 86156
parts=9 293,9
18934 121629
19110 122683
18969 121748
18941 121535
19047 122187
parts=9 732,9
23741 152441
23712 152200
23716 152228
23722 152215
23710 152149
