parts=3
8534 26229
7393 22328
8407 25801
7943 24488
8196 25142
parts=3
15948 48175
16832 51179
16829 50796
17524 53520
16466 50234
parts=3
24769 74995
26269 79466
25400 76675
25976 78381
26957 81403
parts=3
36355 109848
35828 107873
32601 97617
35125 105622
33757 101081
parts=3
44189 132905
44556 133690
46136 139227
45607 137109
43632 131111
parts=3
55024 165245
55691 167659
54607 164359
55386 166759
54210 162808
parts=3
54838 163683
65537 197009
64517 193693
65070 195439
62515 187486
parts=3
74906 225269
74296 223429
70853 212177
71269 213268
73773 221271
parts=3
79772 238561
77847 232195
84265 252087
84097 251914
69662 207679
parts=3
94302 282563
94699 284130
93403 279578
94183 282594
86215 256615
parts=3
104020 311944
102814 306403
103256 308911
97575 291161
103441 310045
parts=3 449,3
7821 23864
7962 24338
7648 23453
8366 25835
8269 25468
parts=3 848,3
17376 52846
17567 53363
15801 47907
16794 50793
17609 53861
parts=3 1394,3
23184 69978
26274 79348
26083 79034
26437 79696
26503 80069
parts=3 1964,3
30066 90081
34764 104756
35357 106476
36029 109243
35905 108210
parts=3 2706,3
45250 136048
45481 137142
45370 136834
45088 135468
45462 136949
