parts=3
8258 25452
8293 25427
8230 25323
7831 23967
7220 22045
parts=3
17686 53706
16201 49142
17351 52874
16823 51133
17219 52429
parts=3
27267 83022
25651 77812
26813 81365
26205 79171
25923 78160
parts=3
36110 109253
36785 111187
35870 108431
30839 92744
36151 109145
parts=3
45118 135806
45379 136673
44980 135711
44956 135052
45188 135975
parts=3
53881 161993
54231 162888
55430 166519
55537 167220
55228 166414
parts=3
61374 184033
64463 193031
63723 191551
63885 191369
61069 183083
parts=3
73483 220002
67071 200196
75037 225196
72924 218284
73418 219961
parts=3
81743 244377
83934 251409
84489 253356
84271 252546
83026 248857
parts=3
92602 276786
93101 278971
84021 250780
92522 276611
93756 280342
parts=3
102162 305354
102578 306898
102844 307017
94756 283075
102978 307716
parts=3 12,3
8322 25522
8217 25263
8158 25049
8260 25436
8287 25469
parts=3 349,3
17464 53391
17227 52380
16905 51221
16179 48980
16986 51515
parts=3 285,3
26472 80118
25810 78087
26933 81463
26255 79298
26539 80458
parts=3 227,3
35359 106509
36027 108625
34802 105230
36028 108943
35464 107053
parts=3 455,3
44058 132380
44048 132623
44688 134404
42699 128556
44170 132724
