parts=3
7585 22895
7978 24116
6775 20498
8170 24981
7861 23910
parts=3
17029 51773
13745 41520
16720 51001
14734 44540
17677 53785
parts=3
26796 81275
25644 77423
25967 78611
24961 75419
25934 77993
parts=3
36208 109068
36185 109170
33998 102446
35610 107554
34510 104194
parts=3
45447 136518
45173 136108
44897 135279
46517 139970
45305 136322
parts=3
55133 165821
55392 166717
54870 164827
53851 162021
53933 162195
parts=3
65352 197147
64771 194336
64984 195214
63864 191760
65489 197102
parts=3
74101 222254
72485 217215
73033 218988
74271 223058
74341 222640
parts=3
84580 252856
83477 250067
81454 243672
82206 246093
83978 251965
parts=3
92199 275028
93565 279769
91585 273499
93178 278401
91160 272513
parts=3
102148 305813
103132 308611
103806 309962
102378 306101
102701 306533
parts=3 866,3
7156 22094
8162 24909
7312 22426
8165 25093
7797 23881
parts=3 1629,3
17375 52583
17035 51721
14243 42813
17146 52114
16896 51394
parts=3 2477,3
26448 80366
26350 79519
24505 73877
25865 78206
25748 77603
parts=3 3650,3
31855 95666
35482 107058
35520 107235
36076 108706
34958 105067
