parts=5
7377 23323
7741 24485
7608 24060
7180 22837
7372 23464
parts=5
15633 49422
15479 48955
15491 49105
14027 44062
15067 47301
parts=5
23518 73929
23250 73434
23154 73304
23195 73192
23235 73199
parts=5
31849 100427
32022 100276
31401 98582
31152 97633
31263 98418
parts=5
39553 124184
38715 121858
40248 126589
39518 123804
38809 122264
parts=5
48248 151650
43311 136584
47590 149930
47060 147535
46928 147175
parts=5
55507 174253
55647 174049
55843 175379
55097 172925
56543 177738
parts=5
61320 192936
63611 199348
62667 196785
64805 203141
64040 200937
parts=5
71794 225370
71736 224383
72087 225164
71566 223726
69489 217747
parts=5
80406 251153
80630 252291
81612 256123
81214 254375
79519 248954
parts=5
86226 270394
87427 273391
87922 275017
84442 264254
89482 279613
parts=5 543,5
7722 24441
7273 23129
7441 23864
7562 23871
6723 21288
parts=5 1148,5
15618 49494
15581 48971
15612 49725
15687 49507
15307 48375
parts=5 1542,5
23286 73451
23357 73885
23511 74231
24126 76174
22996 72325
parts=5 2242,5
31674 99607
32261 101599
31505 99389
31671 99512
31552 99487
parts=5 2318,5
38893 121810
38850 121735
39655 124464
38401 120353
40130 125836
