parts=5
7452 23722
7501 23726
7846 24818
6755 21460
7692 24384
parts=5
15243 48363
15281 48379
15498 49136
15122 47546
15548 49076
parts=5
23844 75331
23102 73090
23711 74746
23344 73656
23196 73149
parts=5
31574 98884
31789 100363
31679 99907
31547 99151
31822 100259
parts=5
39395 123576
40195 126253
40005 125876
38386 120817
40259 126756
parts=5
47280 148807
43458 136354
48241 151646
47093 147668
47951 150499
parts=5
55722 175076
55901 174613
54937 172797
54898 171893
55953 175990
parts=5
65096 203692
57679 180539
63357 199196
64446 202705
64154 201299
parts=5
73276 229889
73148 229789
71205 224180
69422 218031
65294 204352
parts=5
79801 250334
81023 253745
80782 253453
79188 248675
81236 254600
parts=5
88066 275931
89889 281243
87762 275097
87907 275948
89254 279732
parts=5 856,5
7325 23473
7815 24552
7512 24031
7247 23351
7790 24933
parts=5 1913,5
15310 48651
15403 48734
15738 49793
15497 48948
14737 46400
parts=5 2734,5
23240 73302
22714 71766
23505 73923
22731 71607
23139 73519
parts=5 3374,5
31979 100930
32021 100540
32215 101672
31245 98491
31419 99265
