parts=5
7717 24650
7297 23213
7224 22892
7466 23573
7263 23057
parts=5
15130 47714
15566 49258
15564 49200
15642 49506
15522 49459
parts=5
23394 73990
22502 71081
22829 71413
23607 74520
23154 72778
parts=5
30464 95854
30630 96404
32329 102324
31559 99531
32030 100973
parts=5
39033 122773
35929 112898
39545 123942
38878 122013
39408 123805
parts=5
47256 148797
47008 147945
47375 149226
46862 146598
41545 130745
parts=5
55724 174738
56049 176165
55847 175743
56566 177507
55749 175591
parts=5
64712 202477
64993 204112
64015 200891
64882 203459
64287 201611
parts=5
73155 229206
70918 222296
71010 222422
71090 223099
68651 215769
parts=5
80527 252405
81454 254251
79355 249490
80811 253036
80573 252230
parts=5
89061 279731
88656 277305
89246 280805
84444 265335
89029 279298
parts=5 35,5
7174 22816
7631 24158
7358 23163
7660 24194
7302 23030
parts=5 202,5
15746 49843
15274 48401
15162 47914
14865 46941
15344 48427
parts=5 70,5
23085 72978
23460 73571
22136 69577
23674 74558
23148 72843
parts=5 313,5
30861 97220
30706 96558
31572 99607
32446 102018
31325 98369
parts=5 775,5
39162 123014
39336 123499
40477 127283
39437 123773
39648 124470
