parts=7
7865 25527
8096 26375
8024 25940
7469 24446
7990 26015
parts=7
16806 54806
15929 51281
16290 53399
16095 52495
16558 53465
parts=7
22550 72792
23559 77155
25149 81550
25352 82359
25400 81989
parts=7
33452 108816
30691 99903
33169 107313
33442 108571
33551 108864
parts=7
39412 128002
41922 136707
41663 135099
42319 137406
42416 137571
parts=7
51148 165086
50871 164912
50133 161379
50252 163298
50373 163225
parts=7
59428 192203
59821 192983
58614 189861
59323 191863
59332 191751
parts=7
67981 219890
66595 215527
65018 210416
67411 218517
68841 222021
parts=7
77026 249610
77421 249487
75010 243135
76233 247119
73874 238405
parts=7
84365 273610
84548 274587
84788 273570
83703 270922
77979 252403
parts=7
93232 301111
94811 306636
94132 304230
94426 304576
92855 300393
parts=7 836,7
8247 26437
7787 25551
8097 26524
7351 23966
8021 26240
parts=7 1684,7
15319 49939
15470 50130
16827 54770
16661 53990
15953 51861
parts=7 2790,7
25344 81993
24597 80304
25201 81634
24749 79797
24977 81202
parts=7 3512,7
33868 109508
33081 107433
33325 107992
33798 109517
31489 101539
