parts=7
8145 26822
7723 25355
7836 25228
8245 26534
7473 24522
parts=7
16120 52584
16199 52508
16346 52976
16694 54008
16612 54280
parts=7
24835 80915
25004 81535
24763 80660
24820 80681
25228 82011
parts=7
33330 107995
33328 108771
34050 110325
33241 107835
33583 107897
parts=7
41977 136349
42573 137354
41902 135544
42628 138584
42102 136505
parts=7
50343 163582
51040 165413
50911 164953
49852 161148
50570 162719
parts=7
58557 188852
58642 189695
58325 188091
59664 193893
59068 191149
parts=7
68035 219892
67478 218161
67592 218887
67570 219961
68552 222047
parts=7
76901 248188
77320 250049
74044 239766
75855 245745
76038 247684
parts=7
85127 275795
85614 276333
84651 274005
79823 257213
85003 274181
parts=7
93576 302372
91673 295055
93826 302654
90626 292999
91476 295863
parts=7 18,7
7716 25039
7365 24229
8057 26258
8104 26815
7901 25802
parts=7 323,7
16713 54736
16484 53654
16558 53449
16286 53295
16892 54982
parts=7 310,7
24844 80602
24745 79750
24741 80533
24888 80836
23833 77116
parts=7 191,7
33886 110751
33633 109097
32833 106016
33896 109805
33273 108153
parts=7 381,7
41260 134209
42962 139086
42341 137158
41336 133675
42306 137327
