parts=7
8263 26905
8097 26417
8270 26968
8139 26559
7574 24749
parts=7
16253 53053
16634 53909
16107 52266
16236 52493
16104 52010
parts=7
24745 80240
25146 81062
24935 80774
25027 81367
25168 81842
parts=7
33020 106595
31188 100937
33749 109354
33401 108299
33468 107993
parts=7
42718 138436
40458 131537
42690 137480
41978 135745
42503 137352
parts=7
50217 162522
50725 164271
47963 155912
50532 163800
51233 166026
parts=7
59025 191117
58293 188307
59425 192319
58639 189613
59055 191124
parts=7
67439 217537
67848 220216
68555 222087
67290 217270
68028 220145
parts=7
76028 245207
74776 242051
76185 246977
76239 246208
76081 245802
parts=7
85554 276665
82184 265546
84336 271858
85716 277929
85063 274673
parts=7
93899 303272
93928 303417
91362 295910
93605 302611
93296 302234
parts=7 488,7
8300 27039
8176 26594
8029 26040
7498 24448
8265 26787
parts=7 1161,7
16337 53200
16652 54035
16175 52202
16391 53555
16477 53506
parts=7 1657,7
24222 78854
24665 80239
25420 82466
24243 78275
24579 79611
parts=7 1965,7
33338 107460
32012 103198
33733 109609
33626 109681
33767 110119
parts=7 2691,7
42182 136675
42237 137212
42419 137424
42461 137229
41929 136487
