parts=9
8649 29141
8948 29788
8762 29267
9363 31010
8314 27972
parts=9
18378 60621
18262 60581
17605 58145
17908 60010
17615 58478
parts=9
27321 90678
27772 91719
27579 91395
27288 90377
26835 88887
parts=9
37030 122615
36346 120733
36420 121365
37031 122743
36654 122194
parts=9
42924 142446
44930 147760
45185 148818
45363 150408
46283 152330
parts=9
55748 184605
55145 182414
54597 180105
55420 183498
55595 184403
parts=9
64937 214675
63670 210929
64271 213909
64746 214884
63528 210593
parts=9
73623 243667
72415 241354
73688 243444
73961 245734
74919 248731
parts=9
83312 275044
82969 274917
83424 275218
83011 275500
82158 272276
parts=9
87280 289562
92223 305887
93179 308787
92348 305296
93033 308385
parts=9
101555 336439
101395 336349
101340 336161
102411 338803
102935 340111
parts=9 127,9
8810 29676
8919 29879
9002 30210
8385 27705
8989 30112
parts=9 65,9
17959 59445
17958 59527
17816 59168
18052 60021
18061 60282
parts=9 534,9
27254 90202
27091 90176
27109 89286
27512 92275
27440 91750
parts=9 181,9
36793 122295
35699 117853
36300 120183
36377 120450
36620 121585
parts=9 201,9
43306 144403
46100 151969
45883 151442
45696 151299
46099 152453
