parts=9
9023 29835
8799 29465
8565 28807
8650 28261
8760 29242
parts=9
18151 60674
17918 59357
17873 59499
9087 30163
18030 59724
parts=9
27400 91083
26805 89785
26935 89908
26452 87561
27596 91461
parts=9
36286 120403
36582 121023
36242 119453
36047 118847
36073 118172
parts=9
46049 152834
45678 151667
46307 152974
45068 150168
46738 154352
parts=9
54938 182264
55618 184206
55512 184112
52626 174508
56060 184800
parts=9
64916 214956
64433 213502
64269 213068
60840 203009
64380 212532
parts=9
73268 242749
72368 238827
73591 243778
73323 244437
73775 244762
parts=9
80199 265909
82709 274571
82563 273323
81105 268085
84142 278350
parts=9
92802 307900
90941 300851
90532 299075
92947 308239
93594 310084
parts=9
102004 338469
102311 337738
101975 337798
103830 343742
101141 333700
parts=9 440,9
9022 29547
8698 29213
9100 30890
8150 27055
8819 29359
parts=9 984,9
18067 60373
17706 59230
18354 61120
18448 60680
18232 60665
parts=9 1615,9
27276 90905
27225 91002
27221 89627
27009 89665
27689 91866
parts=9 1663,9
36234 120892
36703 120616
35980 118846
36796 121219
36144 120111
parts=9 2398,9
45909 151575
45353 150805
45852 151868
46024 152081
45847 151560
