parts=9
8796 29505
8904 29669
8461 28231
8416 28070
8967 29914
parts=9
17572 58491
18150 59736
18356 60666
18228 60908
17716 58302
parts=9
27027 89790
26818 88987
26490 87506
26368 87644
26368 87406
parts=9
36329 120840
36310 120751
36514 120440
37146 123197
36684 121762
parts=9
45884 151246
46365 153342
46041 152107
46064 153003
45560 151504
parts=9
54619 180809
55340 184048
54022 178279
55903 185112
53390 177212
parts=9
62815 208186
64808 213982
65333 215538
63235 209456
65077 214392
parts=9
73883 244729
70220 231916
73432 242710
73711 244218
73711 243371
parts=9
83845 277359
83159 274820
83033 274938
82669 273763
83342 274753
parts=9
92327 307395
87863 290169
93067 308609
92629 306395
92033 305190
parts=9
102658 339676
103274 341334
101115 335136
101731 336920
101690 336560
parts=9 835,9
9076 30311
8533 28413
8723 29091
8700 29002
8986 29860
parts=9 1760,9
17944 59330
17802 59341
17688 58983
15980 52915
17671 59025
parts=9 2438,9
27518 91725
27296 90277
27558 91012
27951 91741
27123 90988
parts=9 3680,9
36403 120203
36107 120465
36425 120729
36583 120777
35098 117390
