295851 449403
296933 449343
296726 449991
296652 449481
296539 450546
296624 449982
296668 450240
296375 449871
296662 449646
296933 449610
296253 450414
296792 450477
296581 449778
296977 449979
296345 450513
296606 450576
296581 450075
296650 449433
296943 450036
297002 449961
296813 449724
296691 450099
296909 449565
296955 449967
296677 449850
297304 449823
296811 450048
297254 449874
296919 449676
296939 449568
296500 450339
296754 450543
296667 450309
297085 450174
297143 450000
297175 449082
297334 450165
296992 449850
297891 448998
297226 450045
297420 449877
297317 450159
296757 450042
297118 450225
297211 449673
297359 449247
297232 449532
297098 449808
296744 449514
297203 449634
296918 449670
297276 449478
297314 449574
296949 450198
297160 449841
296754 449673
297181 449502
297130 449634
297476 449937
297214 448935
297301 449877
297219 449589
297010 450264
297378 450126
297162 450090
297238 450081
297412 449799
297118 450426
297317 449784
297171 449760
297512 450078
297170 449457
297544 450306
297102 449829
297408 449571
297649 450006
297638 449916
297233 450237
297499 450096
296911 450492
297279 449649
297499 450012
297187 449181
296708 450513
297391 449082
297075 449637
297407 450606
297214 450351
297154 450234
296919 450597
297122 449988
297020 450222
297835 449493
297600 449370
298030 450060
297630 450054
297744 449040
297574 450027
297916 449799
297497 449502
