95576 148152
95281 149376
95503 148608
95465 148518
95521 148845
95692 148899
95627 148785
95850 148659
95602 148728
95898 148701
95516 148479
95682 148854
95644 148548
95771 148332
95699 148605
95715 148935
95605 148881
95799 148428
95653 148848
95791 148785
95332 149217
95772 149244
95610 148716
95580 149001
95777 148863
95950 149148
95759 148671
95913 148524
95688 148878
95735 149004
95454 149055
95721 148500
96107 148677
95985 148785
95845 149133
95881 148617
95866 148815
95908 148908
95828 148941
96070 148296
96130 148521
96266 148338
95815 148560
95832 148683
95810 148395
96225 148665
95843 148686
96224 148716
95902 148557
95586 149181
95881 148449
96295 148761
95884 148725
96050 148131
96145 148497
95840 148614
96144 148461
95806 149043
95976 148212
96183 148461
96024 148026
96111 148002
95801 148725
96109 148389
96300 148575
95632 149325
95886 148899
96404 148605
96143 148419
95914 148956
96157 148596
96204 149079
95871 148839
96339 149106
96369 148725
96246 148323
96126 148398
96292 148773
95948 148338
96208 148590
96274 148584
96268 148926
95991 148779
96657 148926
95986 148575
96157 149133
96706 148608
96187 148461
96575 148998
96141 148716
96043 149043
96531 148599
95879 149190
96571 149748
95879 148956
96255 149106
95886 149460
96473 149487
96453 149142
96590 148989
