136742 209607
136412 210663
136448 211065
136621 210768
136545 210888
136821 210540
136615 211029
136630 210831
136615 210906
136433 210546
136355 210714
136522 210861
136632 211092
136625 210666
136459 211122
136598 211314
136712 211086
136894 210495
136767 210213
136830 211443
136379 210846
136438 210828
136637 210705
136875 210420
136489 210654
136692 210576
136833 210687
137084 211182
136615 211128
136814 210966
136792 210339
136828 210759
137005 210837
136709 210978
137062 210348
136425 211332
136735 210972
136627 211383
136660 210690
136711 210960
137057 210618
136720 211728
136916 211056
137235 211152
136864 210855
137068 210753
137512 210906
137068 210984
137013 210867
137459 210444
137269 211188
137452 210300
137336 210324
137052 210900
136896 210822
137012 210285
137084 211176
137450 209997
137145 210423
137141 210126
136922 210918
137264 210345
137871 210714
137362 210168
137225 210642
137587 210393
137054 210609
136748 210924
137294 210648
137144 210633
137185 210987
137331 210729
137029 211293
137084 210426
137042 210522
136911 211014
137091 210471
137536 210753
137028 210156
137238 210336
137230 210636
137282 210555
136961 210600
136929 210726
137402 210615
137427 210888
136903 210834
137190 210591
137048 210288
137581 210855
136999 210339
137046 210891
137408 211209
137373 210954
137051 211377
137166 210831
137156 210732
137441 211071
137474 210714
137309 210951
