719031 1069320
720029 1075197
719754 1076697
720569 1074855
720718 1075716
719752 1075080
720748 1074675
720517 1074981
720345 1074684
719983 1076316
720381 1074432
720694 1074555
720245 1075152
721022 1075293
720565 1075206
720493 1075458
720495 1075146
720765 1075677
720339 1075605
720456 1075899
720121 1075830
720908 1075437
720184 1075359
720606 1075437
720772 1075125
720689 1074897
720346 1075914
720478 1075389
720562 1074987
720950 1075089
720372 1075257
720843 1074561
720429 1074525
720511 1076079
720499 1074987
720523 1074072
720423 1075245
720525 1074891
720840 1074945
720317 1075671
721078 1074624
720868 1074555
720738 1075920
721007 1075491
720513 1075497
720941 1074669
720208 1076148
720433 1075053
720829 1075557
720704 1074759
720898 1075143
720831 1075203
720605 1075329
720689 1076040
721034 1074462
721982 1074123
720823 1074114
720961 1074957
720706 1074006
720990 1075131
721204 1075818
720462 1074261
720982 1074963
721374 1076166
720514 1075587
721428 1074909
721368 1074942
721540 1075503
721696 1075956
721637 1075221
721391 1075092
721852 1074618
721676 1075317
720868 1074720
721557 1073991
722490 1074645
721980 1073736
721454 1075092
721144 1075128
721583 1074360
722190 1072944
722189 1074093
721928 1073493
721597 1073883
721693 1074111
721537 1074360
721092 1074153
722058 1075236
721606 1075590
721424 1074981
721462 1075806
721089 1075410
721581 1074222
721896 1075107
722779 1073517
721428 1074756
721379 1075125
721759 1075068
721634 1074759
721960 1074462
