480071 719496
480489 722706
480586 724746
480381 724140
480897 722757
481118 721944
480281 723813
480887 722634
480480 723651
480674 722790
480545 722682
480449 722772
480738 723525
480692 723465
480950 722061
480904 722694
480681 722520
481316 722832
480824 723669
480563 722994
480970 722742
481162 721995
480643 722655
481307 721743
480421 722121
480908 722964
480769 723018
481034 722634
480937 723570
481041 723570
480712 722658
480882 722454
481008 722448
481137 722826
480900 722991
481245 723336
480740 722934
480751 722415
480439 722520
481012 722109
480524 723093
481110 723150
480950 723240
481354 723003
481362 722256
481541 722328
481122 722448
481596 723318
481275 723765
481556 721557
481362 722580
481599 722643
482194 721818
481657 722187
481323 722787
481444 722445
481700 721845
481185 723183
480996 723417
481311 722157
481616 721884
482366 721743
481391 722697
481378 722580
481325 722421
481855 722934
481604 721629
481541 722850
481131 722673
481359 723465
481628 722262
481266 722847
480354 722892
481204 722310
480794 723480
481177 722718
481348 722373
481297 722808
480995 722385
481817 723099
481120 723171
481119 722403
481420 721980
482460 722118
481705 722655
481729 722124
481892 722277
481457 723102
481068 722847
481079 723018
481840 722619
481351 722958
481908 722880
482031 722922
481730 722403
482390 722916
481626 722262
482038 722670
481457 722976
481975 723189
