590386 884997
590863 889122
591806 888534
592041 886092
591238 888381
591320 887376
591047 886917
591251 887781
591121 887454
591489 887193
591682 886812
590981 886878
591512 887940
591413 888339
591608 887538
591317 887244
591581 887118
591946 886683
591723 886974
592321 887187
591635 887130
591001 887178
591530 887481
591750 887040
591365 887805
591556 887877
591927 886176
591760 886179
591580 887412
591618 887712
591916 887346
591567 887460
591085 887520
591757 887583
591688 886230
591896 887025
592159 886074
591803 887826
591852 886908
591292 887001
591781 887040
591634 886569
591477 887655
591359 887823
591373 887535
591710 885726
592316 886998
591623 888204
592289 887658
592452 886497
592502 886620
592154 886752
592303 886458
592212 886641
591735 887865
592028 886416
591958 887754
592609 887475
592081 886137
592488 886428
592723 887094
592353 886632
592111 886665
592479 886476
592478 886731
592595 885765
592600 885747
591860 886797
592625 886227
592992 887013
592125 887553
592343 885873
592655 886056
592104 886836
592368 886398
592755 886476
592521 885930
592522 886947
591912 886587
592433 886512
593838 886098
592177 886815
592908 886941
592170 886686
592535 886791
592485 886740
592060 887280
592048 886347
592200 886005
592602 886059
592145 887355
592311 886998
592256 887211
592574 886581
592428 886791
592024 886632
592076 885708
592524 887436
592324 886440
592331 886335
