511813 767229
511837 769569
512254 768951
512074 769827
511764 768579
512391 768804
512595 769032
512265 769734
512660 769692
512016 769290
512259 769512
512369 769704
511822 769776
512255 770043
512192 769629
512194 769383
512194 769422
512369 769122
512166 769359
512297 768924
512521 769809
512685 769317
511953 770979
512390 769446
512467 769746
511848 770265
512246 769686
512489 769611
512327 770163
512755 769296
512427 768942
512067 770880
512734 768780
512323 768738
512551 769026
512384 769848
511737 770031
512398 769065
512591 769494
512766 769425
512430 769620
512178 769563
512166 769308
512329 769755
513117 768903
512419 769755
512456 769626
512304 770136
512736 769227
512882 770046
512607 769446
512854 770127
513054 769797
512160 769578
513140 769152
512710 769221
513421 768822
513188 769053
513047 769593
512714 769506
513103 768585
513487 768681
512902 769305
512814 769716
513421 768828
512830 768732
512911 769488
512724 769749
513079 768126
513145 768510
513717 768333
512963 769803
512972 769071
512771 769620
512752 770193
512609 769122
512533 769710
512764 769839
512580 768876
513135 769332
513328 769788
512107 769860
512735 768978
512501 769338
512859 769536
512830 769164
513360 768690
512525 769398
512646 767949
512228 769758
513358 769299
513154 769311
512464 769656
513738 768789
512516 769353
513047 769221
513066 769512
513305 770415
512985 769677
512285 770406
