135 231
116 246
109 252
110 276
106 276
126 249
128 282
126 258
127 282
124 282
151 246
143 228
151 249
137 249
127 231
130 276
129 282
154 234
161 264
149 234
142 297
129 258
140 255
129 252
129 240
130 237
124 252
133 240
122 285
123 261
116 240
113 261
111 216
107 255
112 246
126 246
136 294
127 306
135 276
129 255
127 276
155 258
185 237
148 246
109 264
129 240
134 225
133 234
143 264
138 222
151 255
138 273
139 270
132 321
125 249
131 237
144 255
126 261
124 258
122 261
119 252
118 252
102 285
105 273
112 282
107 255
119 222
120 267
132 297
117 291
148 237
137 291
156 225
159 249
147 243
123 264
133 231
135 234
123 264
149 243
140 264
148 219
137 273
139 279
126 315
135 264
128 279
118 243
146 237
115 285
119 264
107 282
110 258
106 258
109 255
121 243
128 270
116 258
132 264
141 228
