526491 791412
527941 795267
528237 793167
527794 794019
527808 792951
528119 793500
527507 794121
528111 792648
527820 793488
527858 792927
528158 793410
528076 792870
527599 793800
527898 793659
527997 792732
527777 793062
528820 792504
528511 792084
527887 792957
527393 793836
527838 793626
527995 793419
528319 794295
528040 793008
527941 793848
528074 792522
527833 794073
527814 793986
528008 793098
528235 792879
528120 793167
528061 793713
528001 793647
527812 793404
528077 792939
528133 793452
527936 792789
528520 793323
528155 793677
528133 793059
528012 794256
528569 794016
527807 793725
527644 793347
527796 794862
527716 793761
528623 792924
528262 793836
528301 793443
528541 792537
528439 792492
528519 793035
528600 793032
528345 792603
528465 793593
529181 791802
528133 793590
529431 792366
528143 793218
528733 793122
528997 792645
528705 792672
528783 792828
528672 792378
529582 791919
528629 793881
529126 793308
528686 792846
528606 792045
529029 792732
529293 791985
528558 793986
528817 792747
528214 792921
528449 793269
528201 793203
529109 793608
528821 793701
528936 792081
528903 791790
528818 793896
528154 792648
528858 793068
528931 792825
528403 793089
528869 792957
528133 793311
529026 793206
528874 792900
528631 792900
528227 793443
529255 792390
528679 793095
528272 793779
530368 793026
528123 793899
528591 792582
528947 793158
528310 793416
528917 794163
