68785 107241
68978 108360
68885 108048
69088 108084
69268 107550
69083 108057
69003 107997
69046 108576
69130 108051
69003 108270
69079 108210
69221 107961
69437 107790
69140 108159
69207 108264
69218 108132
69333 107982
69244 108381
69144 108330
69217 108234
69207 108066
69200 108249
69339 108486
69110 108264
69146 108105
69293 107793
69551 108381
69280 108114
69491 108219
69133 108033
69333 108090
69141 108582
69508 108105
69441 107943
69377 108270
69114 107961
69272 108240
69421 108177
69167 107820
69258 107787
69455 108252
69336 108201
69347 107895
69414 107778
69382 107640
69629 107991
69261 108285
69440 108132
69445 108093
69626 108156
69271 107958
69573 108423
69426 108312
69463 108339
69429 108375
69490 108309
69585 108231
69410 108408
69780 108474
69606 108420
69405 107847
69406 108348
69702 108420
69297 108471
69257 108258
69415 108501
69693 108222
69190 108486
69478 108327
69836 108360
69476 108231
69569 108228
69773 108402
69813 108021
69591 108204
70388 107673
70075 107610
70145 108027
70040 108135
70154 108123
69978 107580
70483 107880
70231 107670
70387 107952
70375 107154
70723 108042
70233 108066
70182 107613
70360 107733
70129 107856
70269 107187
70095 107397
70245 107760
70154 107628
69884 107232
70151 107937
70053 107328
70239 107547
70183 107685
69823 107817
