122578 188901
122872 189480
122631 189753
122836 189870
122552 189708
122554 189714
122728 189189
122470 189852
122634 190017
123122 189612
122733 189855
122702 189975
122933 189465
122743 189390
122725 189603
122914 189585
123031 189657
122890 189699
123016 189537
122976 189564
122854 189747
122738 189744
122990 189411
122784 189900
123142 189819
122825 189669
122929 190137
123018 189717
122711 190221
122963 189858
123140 189696
123123 189870
123009 189960
122799 189807
123042 189150
122974 189789
123267 189582
123288 189561
122926 189447
123056 190446
123110 189750
123086 189717
123403 188955
123647 190152
123144 189420
123239 189462
123626 190212
123369 189066
123015 189846
123195 189645
123231 189543
123154 189804
123446 189519
123514 189456
123347 189456
123400 189714
123139 189135
123263 189678
123331 189471
123637 189006
123046 189798
123095 189456
123220 189969
123591 190134
123253 189234
123044 189753
123394 189639
123354 189597
123380 189162
123165 189345
123126 189954
123371 188991
123572 189459
123050 190008
123600 189585
123148 189387
123140 189456
123158 189510
122981 189972
123447 189939
123181 189504
123342 189870
123774 189684
123029 190029
124041 189843
123118 189702
123289 189540
123229 189483
123687 189738
123606 189507
123941 189336
123433 189627
123575 189432
123511 189366
123839 190125
123274 189849
123652 190017
123070 190113
123901 189696
123352 189810
