81872 127866
82296 127617
82068 128484
82064 128457
82175 128181
82367 128106
82175 128352
82158 128274
82139 128316
82152 128229
82244 128064
82335 128262
82203 128445
82443 127962
82095 128508
82470 128160
82522 128448
82407 128361
82421 128226
82380 128415
82329 128277
82330 128721
82411 128763
82285 128445
82496 128061
82411 128067
82526 128484
82514 128064
82599 128667
82522 128091
82340 128118
82484 128502
82472 128433
82695 128166
82480 128295
82512 128304
82462 127980
82832 128436
82453 128208
82577 127965
82369 128499
82525 128211
82699 128112
82598 128166
82422 127950
82517 128325
82431 127905
82287 127770
82744 128100
82590 127869
82604 127836
82544 128295
82542 128223
82521 128247
82875 128211
82458 128355
82430 128439
82779 128754
82539 128163
82525 128688
82566 128268
82789 128022
82430 128481
82561 128781
82901 128277
82707 128181
82836 128160
83033 128013
82439 128484
82515 128280
82776 128049
82514 128346
83042 128568
82693 127971
82757 128682
82698 128292
82712 128235
82691 128223
83083 128139
82590 128268
82881 128541
83220 128181
83039 128436
82532 128508
82582 128064
82877 128463
82978 128451
82486 128583
82435 129150
83125 128865
83331 127611
83075 128061
83293 128193
83256 128403
83455 127374
83688 127434
83579 127986
83410 128472
83716 127908
83546 127500
