386947 584088
387770 585093
387854 584181
387613 584820
387555 584109
387179 585510
387082 584826
387294 584796
387680 584373
387589 584610
387686 584757
387908 584613
387941 584205
387401 584745
388104 583974
387410 583578
387752 584523
387507 583926
387555 584949
387443 584496
388025 584355
387869 584037
387735 585042
388033 583860
388058 583740
387921 584358
387569 584832
388018 583971
387967 584610
388156 584484
387339 585363
388047 584082
387899 584277
388218 584343
387896 584508
388299 583929
387567 584559
388541 584844
388532 583920
388575 584388
388192 584625
387993 583842
388547 584529
388317 584067
387954 584841
388762 584070
388278 584730
388646 583347
388932 584601
388099 583968
388420 583668
388577 584139
388007 584268
388459 584817
388019 584928
388558 584094
388013 583875
387990 584340
388580 583653
387954 584484
387800 584310
388453 583758
388052 584385
388416 583950
388391 584181
388540 584313
387811 584253
388149 585261
387933 584718
388131 584040
388108 584139
388458 584100
387663 585027
387890 584529
388274 584223
388320 584322
388511 584529
388618 584151
388570 584406
388520 584940
387908 584739
388829 584112
388083 584253
388647 584328
388415 585126
388114 584769
389119 584106
388563 584958
388080 585066
387928 584166
388402 584706
389094 584163
388629 584781
388331 584184
388813 585147
388610 584061
388373 583494
388411 584322
388689 584220
389200 584028
