558379 837570
559311 840081
559160 839226
559397 840264
559820 840318
559606 840906
559451 839757
559296 840858
559884 841083
559691 840588
559460 840333
559527 840828
559778 840138
560250 840477
559605 840669
559925 839727
559673 840072
559196 840510
559450 840306
559531 840294
559957 839871
559859 839850
559641 840663
560021 841218
559807 840576
559857 840489
559156 839745
559740 839766
559874 840153
559733 840876
559704 840939
559547 839952
559887 840918
559933 840063
559693 840102
559646 839958
559563 840066
560423 840768
559517 840582
559998 840099
559783 840759
559613 841395
559712 841533
559546 840702
560147 840771
559398 840939
560276 840453
559842 841008
560081 840663
560628 840525
560249 839790
560556 839316
559810 840369
559742 840291
560626 839940
560178 839739
560647 839853
560389 839712
560376 840396
560559 840117
560097 840198
560413 840438
561021 839412
560451 839610
560309 839310
560531 839265
560147 839190
560811 840009
560980 839211
560792 840063
560568 839430
560784 839511
560860 839118
561143 839709
560044 839778
559756 840033
561133 839415
561220 839538
560382 840900
560033 840327
560920 838884
561199 840234
560713 840372
559968 840309
560183 840954
560351 840192
560004 840156
560705 840108
560266 839982
560219 839934
560233 839949
560037 839184
560694 839541
560791 840018
559911 840453
560207 839670
560683 839472
560357 839421
560827 839400
560325 840822
