164369 252111
164498 253692
164758 253038
164415 253890
164833 253527
164436 253659
164470 253905
164781 253770
164936 253149
164742 253758
165165 253779
164822 253608
164908 253518
165015 253719
164883 253803
164691 253860
164913 253824
164604 253527
164867 253989
165141 253107
164970 254133
164847 253857
165148 253392
164911 253737
165302 252984
164956 253530
164706 253593
164945 253668
165096 253419
165051 254019
164830 253572
164763 253413
165185 253389
165274 253413
165512 253125
164712 254352
164769 253710
165264 253746
164711 254169
165090 253614
164928 254253
165232 253623
164977 254139
165281 253905
165078 254289
164945 253464
165035 253086
165348 253356
165198 254031
165003 253593
165099 253425
165233 253722
165142 254109
165509 253311
165195 253434
165663 253458
165412 253833
165277 253554
165654 253347
165567 253023
165641 253488
165559 252933
165261 253203
165249 253380
165411 252774
165471 253344
165800 252741
165513 252993
165415 253236
165608 252765
165286 253518
165717 253218
165854 253146
165336 252771
165885 253332
165145 253722
165445 253299
165364 253119
165526 252888
165920 253410
165694 252690
166109 253932
165246 253629
165916 253293
165513 253182
165519 253410
165984 253062
165067 253437
165928 252933
165339 253269
165547 253677
165305 253887
165831 253668
165261 253251
165521 253623
165519 253272
165210 253629
165810 253884
165242 253053
165042 253353
