158 342
161 324
173 369
172 366
161 408
169 363
175 360
216 357
179 420
173 375
191 369
204 369
216 354
209 387
209 345
212 366
222 354
230 342
211 363
186 351
200 369
231 342
207 330
189 327
200 327
218 315
210 327
204 417
185 423
200 372
192 375
173 390
182 399
208 342
187 354
181 354
169 369
173 357
181 348
158 357
159 384
163 366
159 363
161 381
166 396
186 384
184 360
175 369
195 333
192 360
231 372
220 390
213 369
185 381
244 378
210 351
215 348
231 309
219 339
189 360
196 363
180 354
188 315
200 336
238 333
207 333
218 318
209 342
198 423
207 393
189 396
184 372
188 366
197 375
192 336
193 339
178 354
166 330
173 384
171 378
186 375
158 342
175 342
160 381
163 375
159 354
178 366
175 354
192 339
203 354
224 402
200 360
172 396
202 384
189 387
193 405
202 360
207 342
202 360
216 348
