43353 69180
43475 68985
43498 69234
43472 69513
43580 68937
43527 69270
43538 69444
43543 69312
43611 69525
43559 69042
43704 69147
43465 69462
43471 69510
43541 69606
43645 69339
43754 69246
43591 69234
43625 69195
43707 69141
43877 69012
43921 69555
43665 69321
43792 69177
43842 69366
43729 69180
43776 69270
43508 69378
43652 69264
43626 69183
43740 68934
43894 69465
43844 69303
43731 69186
43641 69540
43772 69138
43703 69345
43921 69234
43755 69195
43870 69474
43671 69249
43805 69114
43888 68937
43843 69081
44287 69093
44145 69159
43641 69411
43704 69558
43827 69363
43918 69543
44190 68922
43588 69237
43707 69339
43868 69477
43940 69144
44208 69120
44191 69258
44210 68811
44357 68697
44447 68946
44127 69021
44218 68532
44147 68733
44320 68943
44305 68931
44084 69117
44235 68937
44158 68937
44067 68778
44092 68700
44009 68976
44107 69138
44007 68769
44146 69042
44488 69465
44261 69015
44436 69147
44548 69279
44253 69330
44086 68940
44535 68934
44006 69399
44078 69057
44204 69177
44076 69042
44470 69108
44250 68511
44446 68973
44311 69147
44063 68889
44362 68841
44063 68898
44104 69102
44229 69018
43998 69093
44290 69159
44249 68841
44059 69039
44147 69201
43984 69381
44268 69489
