326202 493707
326942 494706
326938 494118
326832 494718
326830 494505
327269 494679
326914 495096
326754 494760
327054 493854
326680 494973
326595 495123
326653 495123
326758 494652
326805 495093
327069 494790
326515 494835
326860 495348
327093 494208
327067 494094
327204 494208
327049 494769
327085 495357
326629 495291
326654 494400
326880 495150
327035 494946
327260 494820
327065 495138
327120 494910
326744 495825
327187 494310
327025 494661
327343 495033
327024 494781
327565 494442
327240 494463
327632 494388
327508 493803
327273 494862
327303 494172
327577 494523
327552 494082
327331 493962
327941 494547
326950 495495
326928 495081
327437 493914
327169 495876
326711 495312
327152 494646
327260 495525
327325 495477
327284 495279
327142 494937
327095 494793
327486 495159
327485 494637
326900 494253
327108 494841
327209 493755
327614 494304
327305 494370
327839 494112
327017 494691
327279 495105
327101 495156
327542 494448
327371 494949
327395 494445
327720 494766
327774 494001
327353 494244
327970 494169
327129 495720
327536 495357
327893 494445
327450 494289
327372 494745
328484 494610
327444 494844
327347 494439
326805 495264
327154 495216
327195 494301
327586 494844
327294 494715
326878 494487
327014 494781
327607 495015
327128 494928
327219 494703
327616 494895
327326 494793
328103 495240
327436 495504
327208 494499
328178 494820
327466 494487
327693 494232
327767 493755
