417726 628488
418461 630297
418776 629499
418073 630366
418417 630339
418430 629478
418564 630270
418714 630210
418573 630669
418608 629970
418463 630189
418269 630378
418695 630246
418944 629028
418765 630075
418721 629760
418807 629703
418595 629625
418685 629643
418569 630747
418485 630147
418527 630333
418634 629682
418485 630816
418488 630165
418398 629586
418519 629553
418384 630195
418577 629328
418723 630024
418830 629595
418139 630765
418429 630150
418299 630468
418284 630495
418874 630510
419306 630825
418880 629613
419646 629361
418460 630336
418547 630150
419009 629985
419268 630216
419319 629547
419110 629649
419402 629925
419465 629232
419389 629127
419530 629397
418829 630465
419303 628914
419449 629928
419073 630804
419222 629370
419246 629184
418730 630789
418824 629439
419035 629823
419062 629376
419483 630255
419381 628818
420083 629037
418620 629019
418734 630390
419086 629793
419113 630000
418734 630117
418204 631353
419093 630963
419236 629232
419492 628620
420094 630252
418699 630447
418803 629946
419179 629616
418830 629391
418959 630840
419011 630057
419641 629526
419017 629859
419448 630627
419262 629862
419053 630339
419340 629742
419108 629910
418923 629793
418987 630171
419207 630117
419330 630993
419120 630894
419292 630573
419316 629295
419393 630633
419598 630321
419140 630147
419332 629952
419525 630213
419460 629607
419657 630054
419864 631398
