495190 743274
496192 746619
496392 745482
496613 745695
496403 746646
496869 745296
496562 746514
496856 745545
496668 745494
496406 745818
496541 747051
496695 745998
496543 745863
496359 746856
496622 746217
496685 745410
496563 746295
496629 745899
496563 746913
496374 746595
496053 745761
496355 745938
496714 746106
496668 745869
496907 745443
496541 746058
497368 746124
496553 745932
496724 746622
496246 746145
496821 746679
496919 746604
497079 745959
496520 745797
496555 746154
496777 747060
496795 746454
496742 745923
496488 747048
496546 746142
496315 746352
496145 745455
497110 746220
497359 747366
496233 747045
496560 746925
497113 745692
497350 747099
496992 746184
498001 746163
496615 747048
497398 745590
496968 746439
497225 745305
497655 746703
497223 745464
496859 744903
497261 745803
497952 745986
497236 746244
497015 746859
497119 745725
497230 745041
497270 746238
496500 745791
497347 746208
497104 746145
497566 745470
496822 746445
497205 746925
496955 745068
496966 745788
496892 746358
497194 746544
497192 746364
496957 746304
497154 746073
496808 744984
496903 746364
497080 746706
497159 746334
497672 745887
497384 745674
497109 747609
496847 746016
496739 746205
496894 745074
496878 745752
496425 746823
497557 745323
496996 745935
497039 746316
497008 746292
497279 746553
496837 747681
497017 746463
496694 746343
497526 746511
496957 746355
496478 746472
