669960 1000383
671707 1003827
672045 1004163
671591 1004904
671688 1004097
671920 1005189
672196 1003533
671642 1004685
671556 1005312
671314 1004400
671648 1004703
672111 1003092
671926 1004124
671890 1003947
671915 1005522
671548 1004004
671169 1004871
672532 1003854
671961 1004697
672279 1004814
672014 1005294
671771 1003971
672056 1004772
671996 1005195
672489 1004631
671841 1004607
671697 1003827
671761 1004064
671469 1004073
671663 1004661
671432 1004304
672132 1004184
671744 1004223
672059 1004172
671955 1004343
671705 1004442
671752 1004484
671917 1005153
671907 1004757
671519 1004805
671675 1004622
671739 1004058
671857 1005747
672194 1004223
671766 1004649
671959 1004760
672462 1004271
672637 1004688
672693 1003446
671862 1004541
671350 1006134
671781 1005018
671881 1005672
672120 1003998
672162 1004886
672000 1004352
671879 1004493
672047 1004172
672749 1005303
671610 1004748
672220 1004217
672318 1004874
673359 1004322
673112 1003680
672747 1004304
673240 1004601
672869 1003407
672442 1003776
672663 1004802
673656 1004307
672620 1004514
673154 1003950
672938 1002981
672755 1004430
672428 1004841
672630 1003041
672675 1004235
672443 1004364
672817 1003131
672370 1004556
672540 1004304
672905 1004232
672973 1003899
672674 1003851
672763 1004289
672849 1004214
672903 1003470
672116 1004631
671961 1004706
673021 1003572
672953 1003095
672512 1004343
672748 1004580
672725 1005075
673452 1004913
672521 1004655
672233 1005279
672578 1003533
672810 1004511
673468 1004688
