21 72
19 87
21 69
23 78
33 54
24 54
35 66
26 81
29 72
24 60
22 66
21 72
19 72
25 87
22 72
30 51
28 51
31 63
27 87
28 72
28 75
28 69
21 69
22 66
34 57
23 75
30 60
25 60
35 63
27 63
25 75
25 63
21 75
33 66
27 63
22 72
24 81
29 63
33 63
31 72
27 66
25 69
29 66
28 69
25 66
21 57
22 75
23 81
30 57
33 60
28 63
27 87
25 60
22 75
22 72
22 69
25 66
21 60
32 81
32 57
28 66
27 75
27 81
26 78
23 72
21 72
22 72
27 63
24 72
21 78
35 72
21 60
27 75
27 81
27 75
23 93
25 78
21 75
21 60
25 69
24 78
30 57
29 60
34 69
27 93
26 78
22 75
32 60
22 72
21 60
21 84
24 84
21 69
30 45
21 84
27 81
26 75
23 90
22 69
29 84
