280627 426369
281671 427338
281380 427608
281668 427632
282019 427452
281930 427116
281812 426900
281403 428127
282209 427137
281710 427254
281565 427737
281992 427587
281771 427959
281901 427638
281822 426816
281996 427059
281574 427368
281656 427635
281590 427734
281708 427524
281475 427581
281739 427908
281779 427440
281758 427164
281828 427137
281890 427425
282188 426801
282215 427164
281465 428253
282064 427446
282421 427014
282085 427503
281874 427782
282268 427233
282148 426738
282183 427182
282065 427512
282390 426282
282318 427647
282094 427692
282191 427137
282330 426570
282104 427434
282440 427212
282121 427314
281900 426648
282031 427293
282603 426942
281759 427428
282335 427545
281978 427533
281956 427497
282302 426591
281954 427815
282492 427455
282137 427782
282101 427413
281852 427419
282037 427581
282339 428160
282369 427287
282273 427716
282038 428241
282026 427512
283130 427146
282174 427872
282175 427830
282270 427341
283313 427671
281916 427344
282468 426705
282209 427512
282158 427668
282102 427602
282310 427416
282957 427671
282693 428181
282216 427992
282388 427251
282191 426921
282231 427083
282705 427122
282432 427590
282642 427125
282416 427845
282198 427338
281982 427509
282987 427425
282968 427515
282884 427653
282827 427377
282801 427725
282695 427959
282835 427305
282211 427524
283252 426393
282828 426774
283616 427287
283123 426783
283125 426645
