543025 812946
543542 817065
544241 816270
543624 817386
543777 816726
544085 817044
543646 817569
543644 816999
544443 816042
543606 816861
543310 817884
543667 816894
544207 816462
544048 816021
543594 817158
543684 817278
544117 816471
543517 816768
544104 816996
543178 817812
544069 817086
543777 816606
543935 816669
543577 816759
543658 816807
543949 816747
544079 816165
544141 817302
544175 816648
543666 817485
543983 816912
544211 816297
544235 816705
543722 816369
543642 817860
544229 816372
543912 816321
544052 816801
543726 816684
544034 815946
543720 817617
543864 817344
544154 816162
544623 816393
544309 816483
544718 817509
544361 816357
544137 817020
544445 817467
544354 816009
544646 817188
544301 816516
545128 816111
544892 815553
544093 816762
545084 816522
545226 817536
544623 816621
544859 816042
544465 816258
544463 815856
544936 815940
544274 816630
544282 816039
544679 815562
544511 815868
545278 816135
544761 816462
544132 815778
544432 816432
545375 815577
544834 816159
544388 816876
545062 815700
545287 816909
544165 817512
544430 816531
544633 818328
544553 816036
544460 817008
545263 816861
544221 817071
544227 816774
544401 816195
544543 816000
544165 816330
544347 816024
544512 816360
545050 817779
544890 816564
544745 817332
544400 817134
545208 815865
544630 816270
544503 816612
544701 816594
544505 816522
543938 816399
544439 816708
544616 816357
