686467 1022763
687904 1027491
688349 1027587
687556 1028481
688413 1026744
687530 1029105
687241 1028910
688596 1027983
687866 1028349
687544 1027797
688049 1027074
687769 1028505
687900 1028082
688352 1027515
688378 1027722
688501 1026990
687507 1028337
688100 1029648
687863 1028784
687631 1029336
688076 1027791
688303 1027512
688323 1027632
688175 1027185
688415 1027602
687881 1027719
688607 1028121
687878 1028439
688893 1026570
687770 1027587
687410 1027611
687875 1028349
688198 1028004
688387 1028067
688244 1027656
688229 1027368
687704 1026618
688233 1028124
688035 1028235
688886 1027125
688106 1027566
688599 1027410
687813 1027929
688731 1028691
688223 1027848
688176 1029552
688400 1027185
688432 1027980
688890 1027002
688199 1028772
688048 1027992
688249 1028817
688540 1028376
688394 1028712
688074 1028139
688165 1028379
688573 1028877
687976 1028769
688506 1028151
688320 1027677
688759 1027590
688756 1027728
688799 1027404
689302 1027758
688629 1027158
689519 1027878
688922 1028727
688856 1027281
689064 1027527
688403 1028964
688864 1027569
688615 1027542
689914 1027314
689788 1027551
689304 1027680
689156 1027791
689628 1027332
688930 1027275
689240 1026594
689062 1025985
688916 1027107
689338 1026813
688635 1027482
688759 1027683
688920 1027884
688919 1027794
688704 1027785
689053 1026342
688990 1027752
688685 1027698
689079 1027614
689039 1026207
688566 1028622
689081 1026660
688842 1028274
689075 1027608
689603 1028733
688523 1028586
688368 1027374
688549 1027749
