638286 952533
639244 957102
639910 956565
639418 956364
639369 957555
639263 957042
639132 958248
639526 957891
639784 957030
639381 957621
639286 958179
639481 958185
639278 958152
639670 956508
639158 957735
639417 958005
639842 958065
639613 956550
640211 956823
639879 957399
639617 957516
640006 957840
639120 957954
639167 957591
639551 957660
639670 957735
639242 957375
639788 956913
639725 957747
639992 957072
639377 957582
639779 956763
639681 957762
639776 957096
639841 955401
639490 957378
639560 957492
639359 957882
639890 956568
639951 958026
639878 957207
639372 958461
639832 957843
639856 958116
639353 957645
639818 957480
639922 957864
639388 958086
639704 957717
639670 957777
639691 957873
639409 956958
639173 958767
639918 957543
640287 957471
639799 957558
640430 958410
641250 957447
640203 956928
640389 957396
639369 957777
640192 957759
640609 956928
640545 956241
640369 956790
640453 957723
640568 957180
640334 957498
641062 957081
641301 957330
640710 956589
640323 956760
640416 957039
640354 957495
640604 956265
640438 957495
640547 956571
640786 956538
640190 957366
640036 956655
640063 956811
641108 957456
639819 958131
640141 957039
640361 957039
639968 957135
640112 957180
640488 958254
640165 957381
640634 957675
640703 956382
641030 957330
639985 958686
641047 957585
640355 958104
640425 957492
640605 957798
639858 957393
640612 956973
640032 957240
