448981 672489
449412 676293
449332 675708
450200 675198
449713 675693
449496 676482
449252 676344
449797 676605
449391 676467
449620 675702
449716 675690
449866 675810
449310 675717
449473 675633
449295 676008
449394 675261
449289 676383
449557 676194
449557 676254
449887 676422
449698 676446
449577 676773
449483 676983
449542 676380
449512 676995
449945 676569
449651 676314
449518 677115
449337 676815
449774 676491
449701 677214
449609 675825
449690 675897
449489 676218
450056 676098
449489 676194
449277 676668
449696 676704
450164 676032
450232 676911
449744 676482
449782 675543
450179 677274
449971 676248
450476 675711
450211 675201
450487 675270
450165 675834
449962 675816
450630 675981
450182 675591
450556 676035
450168 675909
450001 675510
450346 675402
450252 675987
450367 675732
450293 675018
450444 676167
449895 675768
449642 676398
449901 676083
450627 674802
450543 675525
450094 676620
450204 676365
449870 676755
450337 676215
450138 675618
450065 676497
450148 675843
450071 676497
450021 676260
449882 676710
450367 676494
449248 677115
450486 677019
450097 676086
449906 676686
449862 675537
449989 676404
449893 676266
450254 676155
450762 676209
450831 676125
450816 675978
450562 676062
449770 676236
450308 676449
449964 676338
450588 677013
450319 676236
450950 676281
450099 677175
450515 676950
450274 675963
450897 676257
450246 675759
450442 677022
451344 676029
