207805 315849
208076 317451
207831 318114
208121 317796
207737 317466
207997 317697
208091 317391
207868 317268
207904 317025
208151 318051
207963 317922
208055 318468
208474 317268
207879 318003
208266 317319
208062 317682
208255 317688
208065 317427
207946 317892
208162 318123
208048 317832
208206 317445
208120 317667
207986 317640
208233 317427
208252 317787
208211 317871
208205 318228
208156 318129
208218 316860
208182 317289
208318 318021
208098 317265
208209 317898
208295 317664
208214 317769
208126 317667
207893 317820
208461 317577
208322 317910
208227 317436
208560 317610
208856 317937
208082 318087
208411 317556
208229 317904
208679 317973
208179 318180
208326 317607
208729 317811
208173 318015
208274 317625
208435 317490
208136 317481
208761 318258
208529 318213
207908 318174
208171 317811
208339 317652
207964 318555
208229 318249
208812 317646
208270 317727
208689 317700
208647 317961
208420 317787
208102 318000
208495 317652
208812 317619
209121 317931
208526 317661
208592 317787
209100 318453
209023 316755
208820 317439
208526 317823
208543 317202
208782 317595
209170 317307
208484 317259
208821 317001
208753 317700
208580 317451
208939 317295
209024 317313
208499 317355
208666 317967
208747 317556
208424 317865
208934 317598
208937 317241
209002 317838
208702 317895
208560 317406
209286 318285
208823 317676
208595 318138
208723 317235
208516 317559
209316 317256
