221919 337437
222371 339381
222509 338946
222705 339252
222246 339096
222412 339558
222501 339417
222868 339108
222405 339762
222804 339618
222393 339483
222429 339684
222582 339009
222354 339717
222520 339372
222629 339993
222825 339417
222569 339612
222875 339375
222543 339576
222692 339513
222402 340005
222782 339870
222504 339795
223013 338895
222963 338616
222815 339765
222902 339891
222759 340062
222744 339069
222902 339177
222681 340101
222950 338952
222910 339342
222773 339279
222610 339219
222680 338901
223255 339549
222748 339522
222859 339045
223132 339672
223140 338424
222996 339321
222700 339867
222816 339216
222771 339387
222726 340215
222752 339210
223131 339228
222804 339570
222704 339756
222876 339615
222877 339975
223107 339537
222934 338889
222899 339789
223100 339138
222601 339630
223147 339051
223810 339051
223096 339876
223009 339543
223806 339351
222887 339459
222837 338691
223058 338793
223627 339876
222913 339657
223396 339696
223143 339519
222933 339777
223598 339291
223431 339132
223480 338505
223501 339099
223451 339735
223263 338871
223741 338598
223263 338721
223639 339066
223287 339192
223663 339276
223430 338817
223327 338646
223440 339219
223560 338988
223498 339384
223481 339321
223728 339078
223187 338595
223301 338859
223214 339864
223500 338862
223458 338991
223263 339420
223200 339243
223347 338610
223363 338577
223911 338196
223380 339216
