236627 359046
237189 360669
237167 360666
237185 360864
237241 361269
237341 360423
237156 361860
237242 360564
237296 361383
237172 361512
237160 361368
236723 361545
237359 361044
237031 361116
237045 361107
236943 361371
237264 361716
237087 361020
237347 360897
237337 361317
237480 361860
237396 361089
237840 360390
237670 361734
237439 361311
237401 361251
237379 360966
237795 360849
237517 360903
237507 360675
237491 361086
237744 360858
237548 360948
237318 360597
237653 360819
237703 361239
237654 361323
237576 360771
237393 360426
237793 361278
237308 361722
237624 360744
237760 360342
238349 361620
237487 361107
237725 361650
237184 360825
237626 361587
237430 361161
237715 361266
237769 361419
237379 361215
237397 361329
237702 361272
237799 360687
237383 361590
237360 362073
237619 361995
237620 361560
237510 360993
237993 361797
237852 360708
237576 361032
238014 361377
238054 361473
237542 361899
237461 361494
237408 361224
237640 360984
237550 361479
237541 361626
238150 361230
237918 361977
238196 360960
237757 362286
238208 360834
238256 360705
238328 360630
238139 361131
238076 361185
238013 360759
237984 361125
238240 360759
238006 360903
238237 360306
238268 361038
238602 360105
237961 361494
238323 361650
238338 360495
238139 360387
238296 360696
238169 360996
238452 361023
238075 361128
238318 360360
238497 360318
238890 360162
237890 360939
238052 361041
