31171 50439
31414 50337
31283 50373
31282 50712
31307 50550
31448 50385
31323 50556
31528 50214
31311 50502
31410 50307
31452 50391
31465 50139
31361 50379
31599 50256
31340 50496
31580 50142
31454 50484
31501 50298
31377 50286
31514 50238
31309 50478
31577 50142
31381 50805
31492 50088
31454 50445
31681 50322
31564 50355
31657 50169
31539 50331
31418 50550
31553 50484
31689 50541
31688 50283
31583 50358
31555 50559
31556 50475
31578 50256
31648 50178
31728 50151
32037 50229
31761 50304
31792 50190
31705 50385
31782 50133
31735 49998
31913 49920
31868 50283
31729 49932
31892 50034
31845 50082
31833 50106
32212 50220
32184 50178
31655 50199
31726 50706
31894 50163
31876 50604
31776 50364
31811 50304
31885 50184
31914 50085
31733 50490
31828 49962
31847 50175
31778 49965
31680 50397
31963 49833
31718 50076
31751 50412
32129 50184
31714 50076
31828 50190
31629 50454
32071 50172
31751 50340
31686 50061
32105 50178
31806 50310
32002 50151
31785 50442
31976 50073
31794 50472
31944 50370
32078 50799
32015 50688
31837 50442
32117 49920
31920 50277
32006 50202
31984 50307
31871 50577
31710 50580
31785 50271
31920 50610
32099 50445
32012 50532
31981 50442
31877 50421
32021 50418
31781 50556
