266266 403407
266705 405000
266658 404664
267415 404595
266965 405240
266717 404721
266773 405669
266458 405615
266787 405138
266969 404934
266563 405231
266867 404961
267004 405567
266889 405975
266963 405327
267210 404874
267100 405072
267215 405042
267204 405162
266996 405651
266948 405201
267291 404841
267171 406107
266672 404754
267040 404685
267232 404487
267243 405006
267184 405540
267156 405273
267257 404910
267370 404280
267324 405549
267455 404676
267353 404598
267080 404499
267258 405651
267234 405486
266867 405816
267188 405111
266897 404934
267315 404064
267317 404955
266901 404715
267405 404592
267107 405909
267229 405468
267020 405012
267277 405411
267810 404946
267073 404541
267401 404571
266805 404283
267624 405039
267078 404709
267237 404979
267813 406098
267490 405639
267408 405117
267578 404517
267886 405393
267304 405135
267672 405594
267326 405486
267381 405303
267197 405069
267269 405237
267324 405363
268005 406038
267389 404967
267785 405546
267263 405582
267186 405648
267954 404739
267509 405054
267470 405687
267272 405342
267547 405057
267921 405561
267661 405414
267688 405369
267440 405120
268624 405336
267427 404976
268270 405459
267682 405360
268289 404910
267925 404505
267669 405402
267688 404574
267245 405111
267552 405048
267954 404412
268020 405618
268077 405216
267952 404646
268107 405426
268026 404490
267729 405021
268153 405597
268011 404703
