621582 928896
623685 933759
623102 932088
623366 933033
623260 934281
623324 933171
622983 934434
623705 933771
623345 933702
623077 934035
623540 933996
623744 934233
623616 934062
624213 933093
623474 935565
623743 933750
623702 933084
624012 933291
623967 933795
623401 934062
623478 934233
623818 933366
623909 933279
623477 934314
623798 933879
623605 934200
623612 933945
623582 932946
623308 933978
623610 933276
623872 933705
624231 932346
623649 934092
623393 933945
623955 933627
623784 934218
623637 933225
623453 934323
624143 933033
623882 933015
623697 933525
624055 933198
623597 933660
623912 933471
623271 933660
623507 934095
623492 934437
624034 933807
622991 934053
623529 934476
623801 934389
624210 932622
624004 933801
624525 932880
624435 934344
624001 934032
624604 933009
623631 935151
624345 933648
623651 934533
624116 933777
623955 934932
624164 933189
624371 933372
624088 934179
623711 933513
624548 933894
624372 932718
625074 932217
624804 933705
624146 933576
624430 933753
624793 933048
624510 932361
624184 932844
624454 933432
624463 933294
624368 933120
624440 933570
624732 934053
623790 934416
624513 933270
624338 932838
624625 932658
624139 933573
624545 934317
623857 934434
623963 933231
624086 932982
625273 932847
623196 934194
624031 934581
624183 933465
624467 934347
624080 934611
624002 933576
624176 932625
624448 933705
624348 932895
624161 933045
