735275 1095498
736931 1098192
736692 1097997
736979 1099158
736550 1098600
737246 1098966
736025 1098645
736401 1099290
737084 1097700
736542 1098819
736814 1098525
736468 1099389
737097 1097421
736480 1098924
736536 1098435
737025 1098015
736971 1098693
737020 1097994
737180 1099209
736701 1098966
736568 1098372
736671 1099800
736805 1098021
736856 1098534
737369 1099035
736882 1099605
736886 1098006
736790 1099770
736679 1098447
736246 1097691
737166 1099140
736701 1098126
737193 1098390
737386 1097724
736430 1098858
736316 1098585
737361 1098651
736799 1099116
736733 1099323
737120 1098732
736673 1099239
736680 1098936
737366 1098789
737280 1100205
736448 1099857
737841 1098531
736880 1098288
737527 1096932
737130 1099257
737780 1098855
737470 1098447
737012 1098846
737023 1098273
737220 1099233
737250 1098372
737376 1097748
736981 1098060
737143 1099401
736836 1099698
737224 1098648
736754 1099035
737273 1098744
736898 1099812
737069 1098405
737148 1100088
737305 1098597
737845 1098627
736946 1098450
737426 1098675
737426 1098009
737828 1098165
738097 1099851
737963 1099602
737711 1098759
737407 1099188
738549 1098366
737885 1098603
738159 1097904
738095 1098438
737819 1099227
737917 1099059
737240 1097751
738030 1098198
738236 1097574
737624 1097619
738047 1097883
737548 1098369
737450 1098069
737956 1099296
737742 1097481
737611 1098354
738245 1097883
737816 1097487
737577 1097313
737509 1098909
737599 1099026
738771 1099371
738119 1098468
738081 1098165
738458 1098441
