8822 14658
8856 14772
8817 14775
8754 14853
8756 14883
8797 14709
8799 14859
8779 14865
8819 14820
8795 14769
8775 14859
8904 14829
8836 15057
8885 14895
8842 14868
8869 14733
8974 14559
8939 14706
8838 14784
9049 14520
9054 14595
9045 14871
8883 14886
9094 14940
9038 14904
8992 14799
9043 14805
8945 14904
8899 14838
9057 14754
8918 14895
9083 14778
9004 14646
8890 14778
9028 14730
8931 14814
8936 14868
9037 14661
8817 14832
8988 14868
8886 14703
9180 14724
9147 14826
9195 14667
9125 14601
9151 14595
9096 14748
9184 14637
9120 14718
9114 14610
9068 14880
9101 14631
9077 14733
9255 14613
9253 14730
9312 14790
9205 14688
9330 14631
9331 14604
9211 14436
9216 14508
9311 14772
9475 14685
9157 14796
9329 14349
9326 14622
9185 14493
9193 14592
9174 14622
9282 14712
9324 14385
9200 14886
9302 14637
9326 14532
9092 14673
9057 14805
9133 14781
9143 14571
9065 14853
9125 14637
9112 14541
9466 14571
9160 14682
9146 14646
9227 14838
9258 14799
9109 14763
9067 14802
9085 14718
9245 14946
9111 14793
9131 14793
9572 14691
9284 14781
9237 14787
9464 14799
9492 14793
9488 14856
9293 14745
9738 14979
