108812 168795
109110 169185
109087 169185
109068 169200
108824 169191
108881 169476
109072 168900
108885 169338
108907 169131
109066 169395
109153 168873
108942 169947
109012 169476
109263 168942
109065 169578
109383 168852
109256 169059
109059 168939
109187 168927
109321 169293
109011 169455
109293 169221
109095 169137
109495 169095
109065 169119
109077 169278
109328 169386
109001 169539
109356 169230
108923 169548
109091 169476
109274 169806
109278 168720
109429 168996
109197 169482
109381 169032
109585 169224
109359 169200
109607 169113
109538 168888
109586 168918
109423 169176
109606 169356
109538 169143
109504 168933
109669 169134
109774 168837
109746 168819
109612 168813
109498 168609
109733 168561
109738 169017
109533 168633
109631 168756
109407 168852
109408 168948
109508 168867
109329 169134
109373 168447
110181 169197
109499 168768
109225 169050
109495 169182
109773 168663
109422 169299
109629 169029
109638 168783
109471 169539
109761 169206
109621 168990
109393 168942
109636 169266
109415 168828
109533 169527
109717 168651
110178 169173
109414 168756
109819 169263
109560 169134
109689 168972
109765 169503
109541 169164
109254 169404
109886 168651
109590 168780
109690 168471
109787 169290
110044 169359
109660 169269
109979 169125
109536 168606
110209 168930
109638 169260
109663 169104
109565 168903
110091 169044
109684 169080
109774 169170
110060 169599
109481 168981
