56098 87711
56072 88635
56316 88320
56081 88722
56260 88848
56119 88524
56159 88191
56341 88323
56475 88374
56110 88647
56060 88140
56134 88614
56075 88815
56209 88581
56253 88812
56055 88395
56320 88671
56208 88668
56303 88779
56157 88650
56241 88209
56596 88380
56351 88737
56340 88605
56404 88383
56505 88215
56429 88383
56301 88620
56445 88389
56537 88461
56360 88560
56180 88563
56346 88410
56465 88281
56304 88551
56469 88332
56165 88593
56349 88413
56416 88737
56415 88605
56336 88443
56360 88965
56418 88539
56336 88557
56924 88698
56268 88977
56523 88758
56413 88503
56849 88365
56487 88461
56645 88677
56204 88677
56625 88602
56516 88614
56455 88809
56272 88932
56310 88641
56754 88968
56568 88920
56685 88938
56869 88536
56768 88605
56532 88668
56687 88080
57156 88194
57008 88395
56770 88770
57070 88452
56972 88962
57041 88251
57117 88566
56967 88308
57218 88101
57121 88068
57174 88335
56794 88296
56938 88221
57142 88161
56928 88242
56863 87945
57006 88185
56952 88146
56850 88209
56925 88155
56772 88377
56879 88230
56690 88239
57126 88074
56761 88023
57103 88284
56884 88842
56766 87987
56595 88398
56930 87873
57195 88254
56795 87837
57087 88518
57069 88878
56924 88632
57196 87996
