150571 231288
150299 232932
150902 231675
150901 232419
150548 232605
150716 232062
150822 231357
150384 232248
150603 231564
150457 232338
150798 232377
151085 231696
150763 231771
150883 231987
150632 232143
150757 231636
150834 232074
150541 232860
151028 231738
150654 232521
150948 231834
150977 232518
150681 232014
150862 232095
150974 232098
150784 232659
150596 232350
150638 232206
150985 231828
150842 232158
150961 232074
151084 232431
151148 231414
151062 231876
150818 232746
150844 232008
151088 231939
150848 232389
150981 232092
150908 232392
150778 232161
151194 232143
150888 232008
150820 232356
151317 232104
150510 232392
151075 232743
151048 232323
151106 232314
151170 231858
151162 232146
151124 232284
151263 232605
151585 231702
151150 231762
150953 231861
151592 231207
151276 231639
150723 232557
151444 231888
151373 232080
151193 231762
151350 232221
151302 232257
150787 232131
151194 231813
151586 232350
151484 231453
151200 232668
151013 231792
151547 232461
151338 231432
151591 231153
152001 232020
151275 231870
151224 231789
151003 231843
151457 232311
151435 231762
151373 232557
151314 231669
151650 231444
151266 231744
151287 231447
151484 232329
151674 231645
151095 232233
151418 232665
151095 231834
150959 231951
151142 231630
151484 231537
151640 231774
151222 231540
151307 232080
151054 231744
151316 232164
151176 231888
150972 231849
151787 232293
