371375 560550
372170 562395
372264 561804
372401 561492
372280 562413
372276 562095
372310 562347
372217 562482
372294 562089
371925 562857
372586 562101
372354 561981
372594 562767
372725 561636
372323 562092
372817 561057
372555 561822
372807 560829
372665 562671
371946 562662
372735 562389
372578 562407
372383 562158
372561 562551
372311 562074
372309 561969
372376 562512
372700 561879
372271 562206
372590 561564
372604 563460
372823 561771
372854 561528
372480 561927
372817 562047
372744 562203
372819 562062
372737 561261
372862 561468
372931 561966
372809 561402
372921 561252
372752 562038
372706 561723
372709 562461
373114 561948
372507 562116
372730 562032
373410 561981
372821 561567
372862 561414
373128 561057
372684 561900
373348 561879
372522 561981
373117 560952
373017 561771
373470 562182
372767 562587
372749 562341
372844 561135
372991 562050
373264 560844
373168 561906
373006 561546
373304 561330
372337 562338
372668 562605
372812 563136
373038 561663
373600 562632
372511 562197
372709 561897
372950 561885
372883 562050
372635 562836
372771 562032
373341 562914
372895 561834
373001 561993
373113 561621
373534 562083
373293 561537
373248 561678
373300 561375
373921 561972
373029 560970
372910 562263
373161 562665
372848 562656
373328 561702
372922 562233
372844 561852
373336 562104
372613 562653
373240 562629
373123 561690
373457 562473
372464 562509
372893 562512
