402436 604764
402509 607890
403101 607227
403050 607317
402983 606759
402946 606711
403367 606666
402972 607395
403238 606948
403308 607893
403073 606609
403271 606789
403454 606402
402739 607755
403154 606462
403079 607716
402981 607674
403728 606876
403387 607467
402970 606453
403038 607569
403054 607350
403071 607692
403702 606852
403122 606639
403434 606558
403713 607824
403240 607518
402959 607188
403599 606876
403021 607476
403357 607503
403071 606996
403365 607029
403142 607491
403339 606996
403604 606993
403937 606780
403421 607029
403718 606807
403987 606093
403686 606906
403951 607191
403875 606843
403553 606225
403880 606516
403209 606756
404019 607263
403472 607278
403634 606915
404218 607593
403377 608268
403786 606927
403696 606948
404038 606678
403582 606249
403737 606135
403783 607218
403624 606189
403924 607029
403610 606708
403930 606468
403705 606762
403339 607194
403598 607017
403449 607137
403931 606888
404263 607143
403675 606645
403456 607236
403692 607374
404302 606288
403748 606663
403732 607008
403406 606786
404335 606888
403562 607410
403667 607500
403514 608256
403984 607068
403141 607419
403816 607731
404000 607113
404237 607122
403851 608256
403520 607434
403471 606783
403770 607143
403613 607080
404303 606972
403763 607035
404076 607383
403907 607614
404207 606789
404212 607389
403987 607239
404322 607089
405439 607005
404009 606558
403778 606570
