574035 862845
575498 863862
575189 863520
575566 863577
575362 864507
575900 863898
575311 863646
575512 864525
575124 864045
575407 863727
575611 864033
575810 863382
575552 864294
575925 863508
575697 863310
575790 864114
575689 863880
575666 863808
576075 862749
576031 863556
575335 865146
575604 863784
575588 864231
575568 864600
575668 864084
575324 864672
575583 863313
575477 864039
576238 863667
576065 863058
575983 862974
576643 863034
575502 864576
575910 863532
575747 863760
575634 863841
575872 863046
576520 862836
575812 863589
576127 862992
576362 864087
575681 862428
575599 863751
575722 863589
575836 863211
576014 862761
576161 862245
576067 863883
575455 864162
576191 863109
575408 864402
575658 864435
576414 863421
576295 863112
576758 864600
577271 862815
576141 863715
576321 862488
576642 862581
576228 863535
575845 863688
576579 863211
577121 863655
576450 862839
576516 863247
576484 863127
576343 862680
576848 862995
576400 862518
576725 863091
576877 862827
576163 863217
577050 863598
576481 863391
576477 863250
576835 863550
576576 862203
576316 862701
576431 862863
576712 863088
576480 863532
576217 864132
575966 864303
576955 864153
576814 864069
577208 862728
575541 863595
576637 863298
576371 862812
576169 863664
575570 863523
575898 863862
576505 864399
577005 863070
575195 864360
576087 863004
576837 862437
576193 862362
575639 864096
576250 863169
