265892 403980
267263 404421
266684 405324
266820 405249
266700 405429
267016 405168
266672 405327
266685 405264
266775 405558
266927 405309
267136 405132
267026 405240
266919 404829
266854 404781
266955 405315
266853 405777
267060 405135
266950 405219
266926 405708
266856 405225
266866 405543
266915 405087
267114 405165
267367 404634
267018 405225
267222 404844
267311 404739
267018 404319
267269 405249
266751 405591
267267 405228
267276 405183
267280 405126
267415 405057
267074 405213
267221 404862
267741 404232
267349 404868
267852 405162
267208 405534
267352 404982
267164 405240
267082 405387
267586 405648
267408 405108
267218 405048
267333 404592
267026 405561
267069 404994
267770 405498
267655 404781
267195 405027
267130 405099
267166 405534
267424 405711
267309 404769
267005 405339
267739 405120
267577 405210
267533 404517
267374 404973
266844 405690
266953 405501
267004 405081
267297 405744
267176 405888
267325 404733
267564 405015
267693 405405
267144 405618
266893 405903
267557 405315
267650 405630
267329 405021
267838 405237
267421 405270
267449 406107
267121 405948
267936 405489
267304 405861
267459 405210
267214 404880
267993 405975
267991 404964
268054 404988
268053 405648
268095 405924
268106 404361
268042 404949
267770 404295
267971 405600
267751 405114
267668 405480
267822 404682
267568 404898
267913 404532
268416 404406
267865 405756
267968 404490
267887 404151
