251770 381603
251947 382788
251763 382917
252152 382986
251968 383358
251900 383508
251950 383685
252333 382710
251508 383433
251887 383286
251942 382893
252185 383367
252137 382785
251880 383064
252001 382995
252500 383067
252052 383262
251911 382701
252036 383172
251985 382851
252332 382737
252051 382995
252027 383268
252301 382509
252058 383316
252243 383184
252417 382611
252089 383001
252343 382941
252282 382995
252283 382443
252107 382626
252454 382680
252577 383478
252001 383616
252216 382368
252223 383268
252544 382944
252661 382854
252534 382887
252510 382590
252505 382737
252476 382440
252222 382557
252135 382743
252243 382623
252334 383019
252522 382887
252107 382692
252340 382437
252506 382863
252315 382833
252545 383136
252314 382791
252496 382797
253069 382632
252736 383466
252515 382662
252999 383355
252572 383112
252278 382392
253160 383280
252668 383298
252461 383382
252498 383427
252558 383532
252374 382935
252582 383547
252416 383211
252111 383166
252220 383199
252341 382932
252388 382824
252197 383235
252126 382872
252617 383649
252649 383700
252923 382593
253104 382734
252923 383010
253155 382944
252984 382890
252696 382749
252751 382452
253086 383133
252539 383151
253002 383205
252447 382839
252641 383415
252715 383160
252620 383124
252890 381948
253151 382872
253134 382113
253023 382671
253271 382332
253400 381411
253018 382521
253184 382815
252937 382758
