703147 1047816
703953 1051653
704119 1051134
704747 1051062
703431 1052265
703891 1051476
703710 1052259
703962 1051731
704316 1051662
704300 1051170
704114 1052598
703569 1051905
704270 1050462
704207 1052454
703631 1052502
704144 1051116
704146 1051995
703677 1052583
704203 1051470
704183 1051611
704560 1050408
704676 1051863
704808 1050567
704416 1050747
704238 1050702
704055 1051542
703951 1052715
704293 1051083
704816 1051359
704176 1050690
704481 1051563
704721 1050570
705046 1051161
704436 1052340
704082 1052478
704895 1052028
704460 1051665
704291 1052226
703666 1051299
704312 1050906
704508 1051560
704356 1050957
704537 1051272
704915 1051188
703982 1052046
704471 1050795
704858 1051164
704010 1050879
704340 1051716
704641 1051512
704670 1050852
704290 1051671
704272 1051776
704535 1050522
704495 1051773
704243 1052301
704499 1051836
705413 1052277
704157 1053423
704471 1052397
704215 1050711
705165 1051449
704834 1051722
704745 1051500
705306 1051350
704943 1050384
704898 1051764
705140 1051629
705960 1050255
705741 1051335
704859 1051047
705263 1051548
706347 1051077
705934 1051902
705622 1050222
705557 1050144
705266 1050903
705603 1050564
705470 1049910
705377 1051098
705671 1050717
704689 1051821
705638 1050831
704882 1050141
705074 1051344
705121 1050210
704542 1050642
705585 1050468
704762 1051020
704768 1052109
705107 1050942
704988 1051758
705045 1051644
706033 1051467
705170 1050204
706130 1052013
704585 1051038
705409 1052007
705794 1051653
704858 1051272
