606248 908517
607131 910959
607085 909744
607367 910323
607424 910149
607385 910392
606892 910164
607511 910167
607179 911127
607332 911163
607612 911496
607669 910197
607487 910368
607710 910035
607525 910869
607337 910599
607792 910731
607814 909432
607596 910515
607929 910617
607126 911418
607796 909747
608121 910101
607437 910044
607475 909498
607718 911004
607524 910167
607164 910428
607886 910827
607399 910167
607663 910311
607020 910698
607887 910767
607865 910371
607614 909780
607830 910716
608150 909630
608178 910002
608062 909960
607326 910923
607337 911271
608069 909894
607899 911307
606988 911100
608078 909918
607350 910656
607836 909999
607347 911271
608122 910644
607363 911784
607655 911091
607700 910383
607692 910059
607720 910617
608429 910779
607802 911058
607881 910497
608491 909543
608119 909270
608055 909585
608356 910779
608858 909129
607981 909114
608367 909972
608050 910317
608317 909351
608785 909528
608448 909171
608366 909642
608882 910095
608337 910278
608508 909768
608148 909954
608320 909786
608426 910572
608186 909276
608569 910245
608065 910299
608520 909687
608258 910239
608260 909372
608678 909417
607589 910404
607874 911421
608783 910047
608798 909927
608272 909033
608341 910653
608174 910524
608176 910119
607972 910398
608454 909963
608085 909588
608561 911262
607963 910059
608622 910095
608130 910116
608221 909609
607584 909720
608192 909822
