178672 273570
179283 275124
178899 275235
179003 274734
178748 275445
179039 274641
178935 274929
179041 275778
178824 275226
178861 275247
179071 274791
178999 274995
179137 275601
179102 275439
179058 274641
179128 274614
179104 274602
179316 275319
179603 274542
179378 275010
179127 274908
179355 274821
179497 274845
179387 274812
179218 275580
179281 275307
179092 275340
179292 274887
179235 274875
179219 274713
179129 274974
179242 274758
179376 275283
179189 275448
179130 274692
179183 274860
179292 275019
179543 275040
179267 274407
179361 275016
179270 275001
179707 275211
179295 274884
179540 274224
179351 275307
179229 275118
179337 275076
179147 274914
179684 274509
179138 274668
179655 275598
179238 275199
179278 274650
179569 274932
179051 274581
178843 275271
179362 275433
179666 274392
179570 274590
179669 274284
180002 274722
179789 274452
179615 274794
179888 274347
179832 274572
180013 274614
179644 274695
180101 274578
179756 274668
179918 274614
179693 274704
179524 274989
179743 274443
179647 274674
179835 273963
179709 274674
179921 274287
179818 274668
180292 274593
179613 274065
179751 274869
180263 274761
179649 274089
179537 275214
180243 273777
180200 274872
179862 274827
179757 274653
180093 274878
179691 274638
180083 274335
179761 274737
180124 274428
179667 274923
179625 274134
179879 274326
179606 274746
180422 274773
179588 274761
179984 274719
