432610 650886
433446 653358
433906 652908
433789 653382
434154 652914
433710 653223
434170 653211
434255 652284
433985 653520
434341 652371
433850 653529
433799 652749
433707 653370
433996 653466
434229 652821
434245 652734
434303 653889
433867 652941
434185 653073
433896 652923
434702 653184
434063 652524
434265 652353
434083 653484
434446 652716
433942 653196
434663 652785
434635 653007
434153 652998
434293 652335
434665 652830
434132 653364
433895 653238
433917 652743
434140 653256
434467 652944
434161 653214
434266 652824
434726 652827
434639 652809
434026 653931
434389 653268
434509 654006
434779 652770
434888 652431
434934 653364
434272 652731
434565 652644
434555 652629
434858 652359
434719 652698
435319 652653
434785 652416
435002 652011
435255 653289
434447 653478
434411 652395
435129 652299
434278 652890
435122 653418
434079 653511
434851 652659
435628 653190
434498 652602
435143 652890
434349 653298
434171 653355
434590 653247
434523 652815
434428 652947
434267 652848
434650 652569
434551 653439
435230 652962
434163 652242
434873 652593
434305 653364
435321 652185
434428 652686
434628 652437
434540 652680
435314 652245
434812 652677
434964 652701
435293 652818
434455 652764
434810 653202
434604 653985
434727 652920
435077 652692
435034 653352
434751 653811
434415 652755
435371 653058
435215 653409
434636 653262
435413 652428
435151 653121
434789 652524
434804 652362
