311687 470265
311575 472419
311393 473526
311537 473352
311903 472236
311793 472257
311158 472794
312133 472224
312247 471708
311640 471969
311923 472338
311774 472524
311779 472218
312199 472287
311889 471768
311641 472533
311851 472557
311546 472653
312209 472011
312324 472476
311887 472464
311811 472329
311800 471927
311591 472788
312217 471999
312145 472311
311927 471837
311826 472062
311995 472170
312150 472290
312264 472158
312344 472347
312302 471489
312179 472821
311805 472035
312127 472212
312376 471966
312234 471885
312364 472770
312345 472629
312428 471696
312685 471459
312453 472146
312608 472008
312036 472206
312133 472005
312251 471486
312079 472515
312406 472086
311884 472377
312578 471534
312172 471441
312057 471933
312100 472374
311940 471975
312501 471468
312017 472728
312262 471504
312515 472557
312505 471579
312394 472293
311963 473106
311706 472749
312316 471885
312315 471942
312332 472737
312437 472482
312520 472800
312392 472383
312220 472308
312611 472086
312536 472605
312749 471720
311989 473184
312760 472038
312601 471399
312670 472239
312582 472464
312127 472695
312100 472875
312592 473238
312253 472794
312459 472182
312186 472362
312586 472521
312964 472206
312397 472122
312056 472497
312873 472314
311925 471933
312457 472059
312403 473001
312910 471060
313209 472449
312285 472359
312687 472680
313268 471864
312715 471933
312910 472227
312460 472542
