355832 539175
356875 540372
356976 540357
357138 539394
356888 540243
357083 539697
357193 539562
357193 539865
357144 539571
357029 540195
357250 539148
357190 540177
357332 539649
357218 539625
357341 539277
357092 539601
357457 538689
356814 540096
357215 539673
357223 539991
357637 539847
357248 540129
357237 539922
356971 540162
356903 539448
356944 540180
357281 539751
357316 539610
357425 539781
357324 539664
357171 540108
357730 539559
357506 539208
357494 539676
357557 540267
357213 539754
356992 540240
357891 539580
357896 539955
357251 539427
357679 539511
357562 539088
357698 539640
357919 539301
357823 538941
357613 539748
357726 538896
357795 539172
357864 538356
357536 539346
357666 539304
357498 539709
357072 539658
357934 538677
357475 539745
358102 539580
357568 538983
357237 539499
357414 539664
357367 539088
357839 539073
357553 540534
357901 539232
358288 538053
357788 539292
357625 539697
357539 539838
358197 539265
357739 539745
357638 539364
357746 539520
357293 540120
357847 539469
358338 539916
357492 539550
357386 540201
357635 539775
357863 539682
357494 540297
358097 539247
358209 539280
358196 539124
357578 540258
357687 539310
357684 538779
358521 540000
357720 539499
358349 539109
357551 539160
357513 538707
358750 539553
357811 539598
357440 539934
358286 538905
357991 539547
357979 539343
357750 539832
358015 539154
357729 539967
357833 540132
