341071 515538
341800 517122
341760 517962
342287 516951
341497 517269
341995 517890
341762 517437
341661 517488
341610 517974
342008 517416
341611 517404
342044 517560
342143 516474
342267 517047
341979 516861
341870 517146
341951 517785
341842 516954
342072 517161
342179 517461
341863 517203
342160 517071
342212 517851
342016 517170
342251 517767
342090 516972
342281 517068
342189 517731
342229 517230
342632 517479
341840 517758
342595 516483
342265 517146
341768 518292
342215 517443
342454 517080
342398 517317
342309 517059
342638 516786
342361 517326
342237 517308
342437 516339
342438 517563
342452 516537
342435 517299
342359 517185
342893 516342
342193 517185
342375 517491
342594 516789
342974 516534
342544 517251
342350 517635
342399 516633
342012 517983
342211 516588
342471 516861
342599 517377
342193 517935
342629 517125
342964 516177
342211 518133
342263 517158
342351 516459
342160 517740
342125 516945
342660 517194
342383 517029
342415 516765
342599 517269
342013 517821
342610 517161
342368 517191
342883 517899
342169 518154
342196 517752
342612 517440
343378 517728
342151 517284
342806 516999
342935 518019
342363 517650
342154 517341
342593 517905
342315 517275
342656 517074
343559 516276
342222 518076
342568 517557
343303 516537
342212 517542
342276 517248
342415 516951
342327 517350
342244 517635
342700 517023
342132 516822
342587 516807
342313 517332
343158 518166
