222 462
217 483
218 489
213 462
219 465
248 429
222 501
290 474
315 486
250 483
289 483
276 507
280 534
251 474
292 468
254 546
270 489
286 462
322 450
278 468
308 441
317 435
241 480
262 450
240 450
268 417
251 414
280 399
271 429
288 396
303 372
293 438
304 453
286 465
262 531
263 504
261 465
265 462
258 522
255 504
268 465
262 471
276 462
266 420
258 483
234 474
233 459
240 495
221 480
224 489
216 477
217 480
235 465
234 501
231 477
241 450
241 471
292 483
247 474
275 501
249 504
273 447
250 561
305 510
279 513
252 495
301 549
251 540
304 459
309 408
285 456
296 432
263 468
257 477
251 471
241 423
250 438
260 498
248 453
270 462
296 432
273 450
254 483
267 453
275 513
278 468
264 477
253 477
275 483
245 486
259 510
241 435
243 435
253 483
234 474
256 504
252 444
228 459
242 474
214 465
