654067 976038
655008 980763
655545 981015
656112 979908
655507 980559
655645 981243
655973 980661
655024 981738
655678 979722
655375 980808
655774 980598
655491 981024
655491 980700
655917 980232
655476 981960
655697 981174
655369 982587
655788 980895
655710 981141
655632 980457
655979 981255
656143 980001
656161 980679
655771 981429
655624 981378
655750 980811
656316 981300
655812 981075
655615 981276
656389 980670
655318 980208
655482 980952
655908 981510
655746 980454
655577 981273
655706 982179
655406 980799
655731 981000
655710 981810
656318 980835
655856 980976
655895 981360
655474 981189
655982 981081
655881 981585
656151 980031
655725 980571
655903 980712
655760 981138
655915 980751
655875 980856
656146 982413
655722 980427
656139 980082
655961 981363
655968 980478
656063 981003
655756 981492
656229 980718
656340 981279
656158 980892
656723 979758
656675 980679
656402 980220
656815 980469
657001 979089
656749 980364
656549 980538
656512 980892
656701 980487
656578 980904
656625 980670
656644 980778
657126 979989
656091 980907
656044 979941
656372 980436
656283 980547
656652 980559
656065 980487
656148 980619
656588 979926
656256 980730
656490 979944
657091 980499
655577 980757
656705 980001
656887 979992
656539 980514
656861 980013
656602 979755
656973 980736
656039 980643
656078 980736
655949 981642
656778 980259
656206 980424
656421 980706
655916 980493
656872 979533
