464208 696735
465167 699825
465108 700215
464999 699516
465172 699930
464805 700296
465140 699690
465427 699372
465040 699723
464987 699120
465224 699201
465226 699360
464764 699966
465457 699141
465425 699882
465406 699222
465084 699942
464842 699228
465274 699036
465057 698970
465254 700326
465290 700149
465191 698577
465204 700131
464540 700299
465737 699555
464943 700284
465424 699375
465251 699189
465490 699795
464994 699747
465094 700152
465334 699594
465261 700056
465377 699822
464877 699618
465096 700296
465659 698757
465081 699375
464885 699015
465961 700155
465454 700143
465942 699687
465555 698982
465559 699456
465693 698223
466065 698949
465847 698472
465927 699078
465891 699597
465886 699522
466114 699561
465720 699555
465555 699144
465942 698592
466369 698670
465588 699216
465898 699516
465835 698592
465986 699303
466490 698775
465468 699381
465247 699384
465901 698736
465920 699837
465599 699408
466477 699684
465256 699900
465330 699195
465354 699525
465132 698724
465785 698538
466306 699072
465751 699273
465989 699723
465622 698442
465714 698808
466536 699213
465803 699147
465957 698919
465872 700734
465566 698892
465522 699375
466084 699558
465761 699102
465473 699402
466326 698190
466025 700032
465669 699375
465656 700251
464934 700698
465863 699438
466270 699258
465936 698925
465579 699885
466066 699498
465634 699198
466171 700032
466051 699297
466070 698346
