59 156
62 174
60 183
61 171
68 174
70 162
73 177
98 150
70 168
95 126
74 156
94 126
82 159
79 183
76 183
82 177
66 177
90 150
70 150
63 165
56 159
61 165
64 168
59 177
74 150
73 183
68 168
82 171
94 147
73 177
124 126
82 153
82 144
80 156
73 174
77 165
86 135
70 150
69 165
68 156
81 153
66 174
60 171
62 132
59 177
70 177
68 177
85 162
66 171
90 150
82 147
100 138
88 171
79 135
89 147
90 183
79 168
78 165
71 165
78 144
76 159
62 162
69 162
63 165
60 162
61 174
65 168
71 171
69 186
86 165
87 156
80 147
86 138
71 147
74 165
81 147
81 177
84 186
76 153
68 159
74 147
96 153
63 156
61 135
61 174
56 171
60 156
65 174
72 162
70 162
79 183
75 153
73 129
86 147
74 144
74 174
84 135
76 168
82 195
83 156
