193006 293934
193251 296097
193430 295803
193540 296364
193322 295809
193374 296556
193328 296412
193342 296604
193499 296019
193355 296208
193387 296730
193327 296118
193424 296646
193337 296283
193460 296322
193569 296697
193504 296037
193343 296595
193746 295875
193896 295746
193259 296529
193483 296604
193479 296808
193610 296430
193694 296628
193584 296073
193830 296313
193702 296055
193378 296922
193362 296781
193491 296394
193709 296835
193512 296436
193603 296706
193574 296721
193555 296382
193801 296496
193672 296460
193731 296448
193978 295989
193517 296457
193600 296085
193451 297072
193966 296022
194067 295926
193699 296337
194010 296835
193689 296388
193631 296481
193649 296115
193697 296295
194383 296205
193680 296490
193411 296508
193462 296490
193570 296109
193863 295413
194123 296367
193584 296724
193804 296220
193541 296034
194337 296901
193987 295683
194105 296328
194451 295980
194334 296109
194237 295668
194478 295509
193851 296091
194350 295572
194160 296319
194338 296499
194377 295635
194346 296340
194119 295248
194262 296520
194356 295602
194315 296325
194007 295635
194320 296220
194553 296313
194225 295809
193977 296523
194062 295794
194521 295674
194607 295803
194112 295488
194584 296118
194724 295431
194165 295929
194097 296532
193947 296316
193938 296664
194568 295551
194526 296031
194129 296193
194634 296271
194046 296298
194496 295791
193877 296805
