45 52
35 35
37 40
32 33
20 21
22 23
22 24
25 28
31 37
37 42
44 50
44 49
9 9
33 35
35 37
23 23
18 18
24 27
25 28
31 36
37 42
39 43
44 50
45 48
35 35
29 30
20 20
22 24
22 26
29 33
30 34
38 45
43 47
39 43
37 37
41 45
24 24
25 27
25 28
25 28
22 24
31 35
36 40
45 53
41 45
41 41
37 39
27 28
22 22
19 20
27 30
29 31
24 27
34 39
45 52
43 47
38 38
34 35
28 28
39 43
16 16
32 35
24 26
24 27
36 40
44 50
34 36
42 44
32 32
38 42
23 23
23 25
16 17
26 29
30 35
38 42
44 50
41 45
44 47
40 43
28 28
25 27
24 26
21 24
27 31
29 32
37 43
44 50
41 44
41 44
33 34
16 17
32 34
24 27
22 26
31 33
31 36
37 42
35 38
44 50
