772 794
757 758
724 727
663 664
648 650
650 656
597 600
566 570
530 534
512 517
436 441
521 530
474 481
437 446
405 415
418 424
401 408
345 351
412 421
484 496
377 389
362 368
384 394
390 402
390 405
412 427
419 435
428 442
438 455
477 491
474 490
493 507
523 540
550 570
573 592
597 617
638 660
666 688
700 725
727 749
769 792
777 801
745 745
749 756
692 693
650 650
603 607
641 649
561 564
529 533
517 522
486 491
466 472
454 461
526 535
423 428
396 401
402 410
434 443
378 389
433 442
391 404
389 402
364 375
519 529
387 398
493 506
407 422
434 449
435 450
462 480
485 503
490 505
523 539
546 562
570 591
591 609
629 646
676 698
700 721
731 753
775 798
767 789
763 764
695 696
659 660
644 646
663 672
583 586
537 540
556 561
499 504
587 598
472 476
434 438
440 447
428 438
416 424
446 454
411 418
