421 436
415 420
391 391
380 383
340 342
300 303
300 304
282 285
300 304
256 261
235 237
238 245
271 277
218 224
218 225
218 225
216 226
265 273
220 229
268 279
233 246
257 269
255 265
274 288
301 310
287 297
319 330
343 357
362 371
412 432
427 443
433 450
396 396
394 396
368 369
338 339
329 331
305 308
294 297
267 270
247 253
251 255
214 219
226 235
219 223
229 239
219 230
218 226
260 269
213 224
219 228
234 246
256 267
264 278
260 273
274 285
309 324
326 343
356 372
371 384
406 423
431 451
425 440
419 419
386 387
367 368
332 334
353 358
294 296
276 279
274 281
258 264
242 246
235 242
204 208
310 320
222 228
215 221
208 216
213 221
226 236
235 249
231 244
278 292
255 266
270 284
289 300
312 325
331 349
354 369
368 383
392 407
430 446
430 449
418 420
394 394
371 373
339 342
335 338
301 305
