183 192
180 181
165 167
152 153
136 137
99 102
141 145
114 119
98 100
93 96
90 95
89 94
150 157
76 80
112 123
118 127
132 140
140 151
149 157
169 180
186 198
187 199
173 173
162 163
139 139
173 183
125 127
115 118
98 101
159 166
97 102
88 93
98 105
95 101
100 108
89 93
112 119
153 163
137 146
149 158
169 178
186 195
186 196
183 185
149 150
149 151
140 142
117 118
107 111
104 106
104 109
94 98
91 95
97 105
91 96
104 110
98 104
133 142
118 127
139 151
154 165
160 167
182 192
188 199
183 188
164 164
143 143
159 165
119 120
118 122
94 97
101 107
102 106
96 102
98 105
101 107
90 94
109 117
112 120
125 133
111 115
149 158
171 184
188 199
189 201
177 177
159 160
164 168
135 138
127 130
110 111
93 97
101 107
93 100
151 156
96 103
92 98
93 98
101 110
112 120
