1215 1242
1149 1149
1150 1152
1135 1143
1047 1047
1080 1085
981 984
952 956
900 905
866 869
834 840
805 810
779 783
750 756
741 748
668 674
754 762
669 680
642 650
864 873
636 646
765 776
605 616
598 610
602 615
631 649
598 610
629 645
601 616
606 619
659 676
631 651
655 679
667 686
706 728
692 715
785 808
742 763
764 784
787 809
810 830
841 860
889 915
899 917
929 945
993 1020
1068 1094
1079 1108
1129 1161
1169 1198
1203 1225
1207 1234
1205 1205
1142 1143
1108 1110
1035 1037
1016 1018
963 964
934 939
929 934
869 874
859 865
856 862
787 796
739 747
716 724
698 706
677 684
905 922
659 671
638 647
636 648
621 635
607 621
619 634
608 619
609 625
606 621
608 624
619 635
620 636
621 636
642 660
682 699
669 688
677 693
712 734
761 787
747 766
758 778
834 858
817 840
884 907
877 901
909 932
956 976
997 1024
1046 1079
1077 1104
1111 1135
