187712 56919
187966 57033
187944 56883
187783 57129
187874 57288
187654 56943
187954 57621
187841 57201
188038 57348
187775 57060
187845 56850
187844 57270
188446 58140
187760 57114
188025 57408
187892 57159
188329 57810
187833 56979
188073 57093
188197 57537
187920 57072
188430 57870
187943 57330
187921 57072
188215 57576
188294 57987
187929 57183
188109 57657
188018 57204
187825 57018
188021 57222
187910 57369
188293 57591
188038 57666
188029 57207
187893 57063
188028 57363
188585 58254
188062 57525
188667 58509
187879 57039
187945 57321
187723 56895
187991 57231
188576 57930
188259 57384
187966 57351
188582 57810
187845 57114
188073 57744
188115 57222
187658 56943
188044 57102
187834 57363
188410 57753
188116 57354
188428 57531
189066 58131
188049 57252
189300 58578
187834 57114
188566 58122
188486 57540
187745 56877
188037 57369
187978 57210
189559 58350
188174 57093
187994 57270
188804 57993
187770 57099
188158 57162
188952 58047
188154 57381
188100 57390
188056 57219
188920 57687
188050 57129
187967 57195
188206 58038
188729 58119
188033 57165
189730 57507
187874 57078
188265 57558
188374 57522
188077 57096
188362 58383
188257 57360
189392 58590
187960 57222
188003 57252
187851 57132
189709 58281
187840 57096
188462 58278
187696 57009
187952 57090
188136 57309
188829 58605
