75393 221839
75357 221875
75507 221725
75530 221702
75506 221726
75584 221648
75630 221602
75528 221704
75517 221715
75479 221753
75672 221560
75641 221591
75611 221621
75563 221669
75548 221684
75535 221697
75540 221692
75591 221641
75618 221614
75567 221665
75704 221528
75670 221562
75592 221640
75633 221599
75666 221566
75712 221520
75789 221443
75575 221657
75581 221651
75653 221579
75697 221535
75647 221585
75705 221527
75700 221532
75754 221478
75823 221409
75668 221564
75811 221421
75676 221556
75855 221377
75776 221456
75873 221359
75842 221390
75620 221612
75713 221519
75827 221405
75670 221562
75712 221520
75864 221368
75673 221559
75794 221438
75656 221576
75943 221289
75800 221432
75794 221438
75989 221243
75908 221324
75870 221362
75767 221465
75958 221274
75812 221420
75931 221301
75831 221401
75930 221302
75903 221329
75917 221315
75883 221349
75999 221233
75939 221293
75890 221342
75921 221311
75955 221277
75990 221242
75925 221307
75942 221290
75893 221339
76028 221204
76151 221081
76163 221069
76073 221159
76022 221210
75990 221242
75951 221281
76066 221166
76087 221145
76083 221149
75970 221262
76049 221183
75962 221270
75990 221242
76046 221186
76073 221159
76050 221182
75970 221262
76043 221189
76058 221174
76022 221210
76108 221124
76041 221191
75976 221256
