145811 428653
145876 428588
145905 428559
145836 428628
145808 428656
146008 428456
145865 428599
145935 428529
145770 428694
145960 428504
146177 428287
145954 428510
145894 428570
146070 428394
146106 428358
145852 428612
146130 428334
146214 428250
146183 428281
145987 428477
146175 428289
146114 428350
146074 428390
146105 428359
146020 428444
146145 428319
146087 428377
146114 428350
146061 428403
146075 428389
146270 428194
146167 428297
146152 428312
146289 428175
146277 428187
146286 428178
146377 428087
146404 428060
146218 428246
146402 428062
146251 428213
146263 428201
146217 428247
146353 428111
146284 428180
146238 428226
146171 428293
146203 428261
146353 428111
146389 428075
146376 428088
146317 428147
146417 428047
146315 428149
146374 428090
146412 428052
146411 428053
146418 428046
146433 428031
146218 428246
146451 428013
146465 427999
146386 428078
146649 427815
146383 428081
146343 428121
146482 427982
146592 427872
146482 427982
146582 427882
146529 427935
146464 428000
146605 427859
146549 427915
146645 427819
146555 427909
146598 427866
146594 427870
146518 427946
146465 427999
146606 427858
146524 427940
146475 427989
146406 428058
146568 427896
146533 427931
146541 427923
146429 428035
146424 428040
146575 427889
146706 427758
146624 427840
146516 427948
146479 427985
146473 427991
146774 427690
146662 427802
146637 427827
146625 427839
146704 427760
