311703 917225
312014 916914
311590 917338
311843 917085
311684 917244
311825 917103
311787 917141
311881 917047
311902 917026
312047 916881
312072 916856
312225 916703
311810 917118
312063 916865
311795 917133
312158 916770
311902 917026
312087 916841
311876 917052
311888 917040
312013 916915
312034 916894
311976 916952
312192 916736
312155 916773
311961 916967
312081 916847
312150 916778
312174 916754
311950 916978
312063 916865
312136 916792
312130 916798
312001 916927
312230 916698
312191 916737
312174 916754
312166 916762
312086 916842
311856 917072
312259 916669
312426 916502
312165 916763
312197 916731
312133 916795
312097 916831
312436 916492
312221 916707
312171 916757
312277 916651
312152 916776
312371 916557
312487 916441
312362 916566
312251 916677
312413 916515
312214 916714
312376 916552
312442 916486
312364 916564
312096 916832
312252 916676
312283 916645
312450 916478
312390 916538
312133 916795
312352 916576
312290 916638
312280 916648
312624 916304
312404 916524
312257 916671
312570 916358
312422 916506
312435 916493
312533 916395
312308 916620
312600 916328
312487 916441
312429 916499
312529 916399
312564 916364
312674 916254
312518 916410
312193 916735
312541 916387
312646 916282
312454 916474
312410 916518
312333 916595
312473 916455
312616 916312
312428 916500
312476 916452
312481 916447
312780 916148
312828 916100
312746 916182
312748 916180
312722 916206
