565007 155382
565011 156075
565799 156726
565283 155532
565538 156267
565164 155466
565830 156837
565162 156030
566112 157188
564972 155199
565251 155802
565109 155673
565385 155631
565248 155316
565188 156123
565770 156471
565343 155976
565731 156474
565083 155457
565123 155970
564645 154989
565651 155916
565217 156036
565186 155754
565921 157041
566200 157350
565297 155496
565312 155331
565087 155826
565286 156057
565232 156039
565318 155844
565611 156216
565394 157005
565410 155634
565808 156660
565312 155712
565279 156324
566907 158340
565418 155463
565915 156585
565270 155409
565057 155451
565257 156138
565775 156552
565206 155412
565554 156084
567574 158751
565642 156105
565099 155394
565614 155358
565377 155982
565118 155547
565501 156141
565549 156096
567704 159561
565190 155535
565234 155274
565080 155811
566126 156855
567510 159261
565216 155724
566430 157092
565014 155790
566874 158289
564802 155217
565208 155247
564824 155484
565856 156135
565367 155601
565035 155193
565227 155760
565186 155244
565293 155499
565336 156312
565733 156573
565004 155031
565692 156159
569748 160368
565373 155142
565804 156471
565148 155355
565116 155268
565345 155376
566353 156873
565180 155289
566621 157077
565625 155550
565356 155694
565179 155676
565884 156177
565598 156147
568013 159132
565477 155850
565505 156303
565224 155466
566468 157248
566685 156522
565398 155874
566065 156084
