387825 110418
387958 110223
388096 110124
387812 110157
387844 110406
388124 110664
387944 110532
388044 110811
388529 111081
388049 110256
388224 110811
387733 110340
388274 110874
388176 110886
388193 110499
388422 112110
388134 110358
388595 111312
388203 110202
387903 110235
388856 111591
387969 110421
387940 110817
389213 112146
388134 110298
387827 110178
388016 110442
387743 110109
388178 110556
389135 112422
388067 110526
388163 110436
387840 110256
389209 111936
387900 110322
388044 110133
389585 111945
388015 110334
387728 110094
387680 110295
387992 110280
388611 110838
388552 110817
387755 110253
387876 110367
388512 111228
389051 111948
388762 111135
387845 110412
389367 112293
388440 110685
388026 110085
388076 110877
388086 110295
388473 110553
388031 110229
388833 111222
387911 110463
389160 111318
388779 110739
388211 110508
388363 110136
388290 110094
388237 110478
388507 110583
388315 110400
388352 110364
389048 111090
388342 110937
387962 110622
388995 111444
387866 110130
388646 111333
388045 110151
388044 111159
389868 112308
387936 110193
390322 112467
388047 110364
388525 110586
388833 111186
388046 110478
388163 110604
389614 112356
388636 110505
387687 110394
387800 110379
388168 110253
389276 111162
388021 110214
389185 112206
387928 110001
388005 110115
389759 112503
388030 110460
387732 109806
387970 110277
387753 110208
387866 110319
387845 110400
