713262 192720
713457 192417
713316 192864
713689 193101
713644 193146
713731 192960
713478 192738
713469 192819
713846 193671
713328 192894
713674 193086
713646 193308
714558 195204
713874 193647
713840 193014
713888 193251
713948 194010
713406 193191
714626 194541
713449 192621
713936 193098
713592 192630
715110 195471
713461 192717
713596 192744
713515 192990
714531 194976
713441 192711
713449 192765
713493 193062
714590 194259
713150 192945
714686 194265
713585 192660
713565 192489
714023 193890
713851 192972
715305 196263
713334 192945
713400 192717
714385 194199
713772 193182
713459 192603
713235 192435
713740 193077
716396 196521
713794 192816
714531 193761
713640 192744
714526 194283
713752 193155
713623 192540
713834 193089
714878 193995
713545 192753
714879 193851
713593 192597
713671 192543
713226 192960
714045 193740
713644 192969
713701 193218
714117 193134
713431 192915
713785 193476
713812 193497
713679 193110
716335 195252
713762 193611
714376 193794
713581 193281
716321 196827
713134 192876
715023 194436
713226 193038
715890 195072
713340 192381
713400 192957
715871 194709
713238 192396
715526 194577
713155 192636
713442 192525
714199 193050
714305 193407
713339 192567
715574 195012
713624 192873
715631 195384
715039 193668
713507 192687
713445 192657
713819 193533
713587 192867
714001 192507
715408 194646
713663 192840
713667 192513
713702 192930
713862 192798
