187621 546843
187345 547119
187572 546892
187584 546880
187550 546914
187567 546897
187614 546850
187573 546891
187575 546889
187506 546958
187569 546895
187518 546946
187713 546751
187511 546953
187615 546849
187756 546708
187662 546802
187709 546755
187677 546787
187650 546814
187672 546792
187725 546739
187867 546597
187834 546630
187869 546595
187711 546753
187863 546601
187740 546724
187557 546907
187771 546693
187785 546679
187636 546828
187605 546859
187895 546569
187752 546712
187821 546643
187891 546573
188006 546458
187870 546594
187986 546478
187945 546519
187900 546564
187969 546495
187893 546571
187942 546522
188011 546453
188019 546445
187907 546557
188050 546414
188073 546391
187853 546611
187937 546527
187833 546631
188083 546381
187938 546526
187814 546650
188183 546281
187887 546577
188069 546395
187925 546539
188158 546306
188046 546418
187803 546661
188048 546416
188042 546422
187997 546467
188092 546372
188089 546375
188130 546334
188065 546399
188187 546277
187942 546522
188171 546293
188093 546371
187994 546470
188059 546405
188012 546452
188259 546205
188011 546453
188082 546382
188098 546366
188248 546216
188171 546293
188285 546179
188303 546161
188445 546019
188223 546241
188451 546013
188178 546286
188319 546145
188131 546333
188353 546111
188345 546119
188327 546137
188288 546176
188490 545974
188288 546176
188294 546170
188056 546408
188120 546344
