419722 118188
419522 118020
419257 118140
419804 118476
419435 118380
420015 119268
419778 119097
419661 118119
419676 118419
419498 118446
419646 119160
419879 118935
419547 118536
420515 119802
419628 118305
419458 118332
419453 118446
419812 118635
420114 118908
419651 118530
419547 118641
420131 119604
419595 118224
420462 119955
419539 118206
419720 118215
419869 118125
419563 118758
419627 118632
420614 119367
420366 118887
419634 118206
419672 118176
419447 117987
420202 119223
419656 117996
419752 118206
419650 118305
420149 119094
419455 118047
419577 117990
419571 117786
419499 118074
419827 118473
420055 118575
419420 117759
420109 119055
419910 118572
419457 118173
419345 117903
419727 118182
419480 118215
421477 120321
419594 118284
419510 118326
421762 121557
419375 117636
419585 117918
419583 118071
419788 118218
419819 118542
419765 118572
420494 119469
420551 119298
419352 117960
420044 118491
420378 119019
419535 118191
420966 118749
419510 118413
421208 120993
419887 118152
419797 117969
419685 118092
419503 117924
419426 118305
420087 119505
419775 118452
419792 119610
419421 118218
421170 120384
419756 117849
419724 119277
419381 118272
419905 119283
420144 118974
419342 117696
419983 118842
421359 119667
419551 118578
420824 120138
420066 119304
419859 118656
420134 119493
419628 118431
419528 118602
419777 118686
421419 119958
419533 118128
420346 119655
