392081 1142847
391910 1143018
392604 1142324
392621 1142307
392585 1142343
392615 1142313
392489 1142439
392324 1142604
392160 1142768
392426 1142502
392332 1142596
392997 1141931
392782 1142146
392658 1142270
392554 1142374
392747 1142181
392660 1142268
392554 1142374
392727 1142201
392345 1142583
392745 1142183
392918 1142010
392800 1142128
392627 1142301
392661 1142267
392807 1142121
392500 1142428
392799 1142129
392582 1142346
392840 1142088
392593 1142335
392737 1142191
393049 1141879
392793 1142135
392669 1142259
392737 1142191
392822 1142106
392725 1142203
393152 1141776
392970 1141958
392733 1142195
392882 1142046
392522 1142406
393119 1141809
392935 1141993
393193 1141735
393144 1141784
393183 1141745
392738 1142190
392867 1142061
392757 1142171
392739 1142189
393003 1141925
393016 1141912
393064 1141864
393006 1141922
392804 1142124
392844 1142084
392976 1141952
393069 1141859
392846 1142082
393158 1141770
392889 1142039
393046 1141882
393188 1141740
393130 1141798
393002 1141926
393459 1141469
393005 1141923
393069 1141859
393166 1141762
393147 1141781
393112 1141816
392913 1142015
392966 1141962
393189 1141739
393317 1141611
393046 1141882
393060 1141868
393346 1141582
393200 1141728
393191 1141737
393176 1141752
393083 1141845
393239 1141689
393471 1141457
393351 1141577
393267 1141661
393358 1141570
393273 1141655
393437 1141491
393301 1141627
393492 1141436
393556 1141372
393079 1141849
393271 1141657
393483 1141445
393417 1141511
393178 1141750
393349 1141579
