403549 114312
403743 114150
403563 113910
404007 114600
403856 114645
403618 114237
404743 116346
403588 114198
403552 114123
403783 114273
404628 115977
403691 114459
404533 115776
403844 114522
403694 114375
404396 115275
404608 115338
403404 113649
403911 114270
403783 114369
403707 114258
404565 115893
403720 114513
404223 115086
403878 114879
403783 114300
403834 114231
403823 114465
403849 114606
403880 114246
404243 114411
403957 113853
403954 114879
403688 114180
404628 115029
403795 114330
403721 114366
404872 115908
403557 114453
404609 115524
403629 114030
403975 114249
405011 115263
403704 114471
403964 114573
404257 115002
403681 113952
403507 114042
403712 114570
405770 117168
403515 114045
403996 114705
403738 114327
403317 114084
405987 116808
404253 114531
404903 115497
403527 114045
403997 114567
404612 115452
403686 114507
403705 113940
406355 117438
403717 113976
403356 113643
403983 114732
404052 115218
404644 115536
403901 114297
405262 115221
403814 114102
403735 114453
405823 117006
403938 114858
404997 116268
403831 114102
403976 114408
404451 114768
403970 114147
403794 114117
405162 114831
403561 114258
403782 114270
404404 115416
403856 114375
404156 115143
403792 114306
405220 116088
403468 114213
404315 115281
403942 114690
403979 114915
404339 115239
403761 114261
404465 115482
403884 114507
403555 114465
406443 117522
403911 114546
404922 115893
