122802 355662
122675 355789
122699 355765
122697 355767
122840 355624
122650 355814
122709 355755
122701 355763
122995 355469
122984 355480
122865 355599
122861 355603
122823 355641
122984 355480
122814 355650
122885 355579
122986 355478
122939 355525
122885 355579
123011 355453
122861 355603
122971 355493
122887 355577
123045 355419
122927 355537
122984 355480
123048 355416
123003 355461
123002 355462
123079 355385
123000 355464
123037 355427
123015 355449
123178 355286
123068 355396
123010 355454
122960 355504
123079 355385
123185 355279
123152 355312
123025 355439
123148 355316
123101 355363
123046 355418
123074 355390
123235 355229
123051 355413
123261 355203
123206 355258
123200 355264
123188 355276
123264 355200
123170 355294
123272 355192
123256 355208
123200 355264
123167 355297
123273 355191
123435 355029
123253 355211
123246 355218
123206 355258
123220 355244
123304 355160
123212 355252
123230 355234
123293 355171
123140 355324
123226 355238
123239 355225
123264 355200
123294 355170
123333 355131
123297 355167
123223 355241
123299 355165
123384 355080
123343 355121
123298 355166
123406 355058
123272 355192
123303 355161
123479 354985
123387 355077
123214 355250
123494 354970
123274 355190
123577 354887
123431 355033
123344 355120
123296 355168
123362 355102
123412 355052
123336 355128
123433 355031
123547 354917
123425 355039
123452 355012
123429 355035
123447 355017
