467361 130278
467522 130611
467506 130653
467292 130395
467154 130116
467782 130821
467301 130053
467858 130662
467589 130164
467621 130671
468662 132747
467541 130542
467448 130314
467346 130062
467725 130689
467342 130992
467859 131196
468217 131343
468411 132405
467004 130032
467553 130575
468188 132159
467088 129882
467688 130815
467540 131055
469383 134064
467362 130317
467559 130572
467604 130569
468626 132033
467238 130194
467347 130110
467601 130653
467573 130593
467608 130386
467709 131130
467566 130671
467847 130704
468886 132333
468088 131310
467148 130524
468331 131847
468495 131391
467241 130179
467901 131115
467873 130395
469646 133035
467528 130698
468542 131706
467410 130035
467134 130164
467326 130302
467805 131370
467466 130140
467765 131145
467486 130578
468234 130596
467148 130158
468526 131265
467628 130536
467057 130149
468905 132453
468612 131910
467739 130371
468314 130374
468113 131361
468088 130542
468454 130827
467768 130131
467285 130185
470509 133695
467340 129915
468029 130629
467689 130440
467230 130116
468035 130818
468946 131295
467291 130287
467739 130842
467927 131103
468628 131961
468435 130374
467843 130509
467622 130512
469781 133494
467536 130215
468739 131379
467433 130266
467350 130635
467112 130449
468131 131400
468389 131454
467354 130035
467737 130614
467587 130374
467592 130629
467372 130416
467882 130758
470350 133695
467380 130287
