255517 735411
255632 735296
255685 735243
255506 735422
255583 735345
255839 735089
255610 735318
255747 735181
255673 735255
255639 735289
255608 735320
255828 735100
255821 735107
255669 735259
255824 735104
255622 735306
255784 735144
255709 735219
255697 735231
255750 735178
255981 734947
255728 735200
255824 735104
255783 735145
255734 735194
255847 735081
256004 734924
255889 735039
255928 735000
255948 734980
255913 735015
255761 735167
256032 734896
255606 735322
255997 734931
255890 735038
256035 734893
255863 735065
255908 735020
256130 734798
255833 735095
255853 735075
255906 735022
255792 735136
255759 735169
255970 734958
256071 734857
255904 735024
256081 734847
256144 734784
256047 734881
256011 734917
256171 734757
256032 734896
256122 734806
255938 734990
256187 734741
256175 734753
256073 734855
256163 734765
256021 734907
256257 734671
256149 734779
256264 734664
256190 734738
256085 734843
256138 734790
255943 734985
256243 734685
256145 734783
256092 734836
256245 734683
256072 734856
256183 734745
256058 734870
256245 734683
256140 734788
256256 734672
256194 734734
256206 734722
256225 734703
256318 734610
256276 734652
256351 734577
256123 734805
256182 734746
256073 734855
256543 734385
256372 734556
256488 734440
256439 734489
256310 734618
256363 734565
256408 734520
256377 734551
256431 734497
256184 734744
256400 734528
256402 734526
256491 734437
