33689 12273
33666 12318
33607 12255
33662 12255
33647 12306
33670 12384
33782 12588
33686 12180
33634 12330
33691 12294
33754 12642
33718 12342
33661 12261
33748 12531
33863 12693
33582 12198
33695 12243
33612 12381
33630 12342
33929 12786
33787 12357
33694 12387
33675 12351
33589 12294
33681 12396
33767 12447
34110 13122
33723 12285
33734 12495
33761 12330
33797 12426
34161 12630
33727 12417
33801 12603
33651 12369
33713 12297
33630 12345
33654 12288
33770 12309
33684 12324
33837 12786
33715 12351
33616 12279
33703 12348
33963 12807
33653 12168
33903 12804
33566 12231
33735 12276
33735 12300
33869 12558
33962 12603
33748 12213
33834 12552
33854 12306
34154 12540
33822 12309
33878 12636
33830 12339
33816 12414
33814 12417
34094 12819
33735 12300
33866 12519
33931 12681
33781 12282
33871 12573
33690 12312
33840 12567
33660 12216
34281 12624
33749 12321
33743 12363
34583 12864
34700 12777
33745 12243
33934 12747
33678 12312
33751 12552
34145 12618
33765 12405
34298 12891
33651 12309
33701 12321
33876 12447
33696 12366
33734 12429
33706 12333
33737 12396
33590 12318
33646 12252
34130 12819
34048 12789
33641 12303
33988 12657
33631 12258
33898 12666
33553 12210
33690 12318
33969 12486
