278917 82029
279097 81771
278761 81948
278841 81978
279421 82716
279032 82257
278999 82311
279672 83304
278888 82038
278817 81906
279080 81996
279493 83052
279016 82032
279195 82002
279103 82248
278809 82179
279470 82884
278854 81792
278814 81894
279212 82161
280504 84195
279012 81906
279071 81966
278773 81783
278914 81999
280244 83817
278928 82170
279047 82155
280044 83391
278893 81969
279005 82101
279880 83310
279190 82152
279241 82389
280069 83544
278959 82140
278929 81945
280075 83580
279349 82446
278889 82068
279021 81996
279163 82191
279175 81927
279939 82932
279134 81924
279178 82098
279800 83016
279718 82335
279086 82185
279564 82443
279210 82257
279075 82089
279157 81822
280205 83868
279302 82131
279192 81966
279560 82497
278946 82200
279926 83439
279787 82638
278924 81651
278990 81636
279822 82452
279114 82155
279690 82968
279038 82377
280389 83940
279601 82545
279054 82242
280777 83625
278954 81801
279828 82551
278939 82053
279253 82137
278934 82221
279579 82767
278967 81969
280633 83448
279107 82200
280894 83709
279062 81807
279976 83613
279316 82146
279837 82659
280782 83409
279196 81894
279219 82425
280552 83613
279838 82728
279225 81858
279269 82449
281067 83658
280994 84225
278946 81942
279339 82008
279357 82533
279264 82152
280713 83673
279539 82671
279178 82068
