211394 619070
211485 618979
211180 619284
211306 619158
211411 619053
211320 619144
211548 618916
211495 618969
211457 619007
211621 618843
211414 619050
211468 618996
211532 618932
211549 618915
211405 619059
211645 618819
211590 618874
211876 618588
211709 618755
211596 618868
211501 618963
211655 618809
211440 619024
211597 618867
211749 618715
211704 618760
211607 618857
211596 618868
211671 618793
211780 618684
211743 618721
211343 619121
211672 618792
211503 618961
211687 618777
211528 618936
211617 618847
211676 618788
211732 618732
211711 618753
211844 618620
211724 618740
211622 618842
211787 618677
211837 618627
211969 618495
211693 618771
211756 618708
211934 618530
211746 618718
211908 618556
211881 618583
211764 618700
212047 618417
211828 618636
211597 618867
211979 618485
211785 618679
211705 618759
211800 618664
211875 618589
211755 618709
211939 618525
211803 618661
211826 618638
211920 618544
212049 618415
211999 618465
211739 618725
212109 618355
211955 618509
212094 618370
211754 618710
212008 618456
211728 618736
212090 618374
212057 618407
211955 618509
211870 618594
211992 618472
212124 618340
212078 618386
212125 618339
212001 618463
212081 618383
211984 618480
211950 618514
212100 618364
212091 618373
212005 618459
212166 618298
212245 618219
212230 618234
212218 618246
212347 618117
212148 618316
212300 618164
212237 618227
212330 618134
212104 618360
