581512 159453
581694 159645
581451 159636
581508 160050
581778 159870
581438 159837
581626 160116
581724 159876
581603 159957
582806 161985
581688 159858
581582 159951
582163 160416
581772 159540
581450 159387
581478 159906
582061 160452
581912 159969
582590 161487
581542 160056
582770 161925
582075 159879
582073 160863
581821 159867
581596 160086
581622 159591
581963 160608
581704 159735
582271 161499
581732 160290
581462 160002
582535 161046
581648 159954
581947 160188
581769 159879
582812 162192
581806 159447
581496 160056
582041 159909
581686 159726
581500 159984
581769 159894
582033 160287
581588 160374
582544 161184
582557 160623
581526 159627
581870 160821
581513 159585
581503 160209
582429 161694
582026 160647
581603 160143
582886 161961
581658 160041
582128 160416
581714 159459
582905 161859
581684 159816
582905 161613
581545 160401
581587 160020
582054 160140
581071 159480
581458 159885
581797 160551
581734 160056
584091 162615
581298 159498
582794 161148
581534 160077
581774 160080
581532 159486
581735 159630
583042 162132
581721 160260
582510 161019
581763 159606
581926 159942
582148 160641
582007 160197
583743 161457
582033 160023
581810 159939
582678 160410
582036 160062
582493 160479
582468 160656
581718 159717
582208 160023
582083 160764
582516 160935
583078 160962
581716 159438
581728 159624
581581 159597
581857 160095
582914 160890
582951 161646
581749 159969
