115240 331992
115216 332016
115074 332158
115108 332124
115328 331904
115250 331982
115248 331984
115330 331902
115307 331925
115274 331958
115397 331835
115283 331949
115469 331763
115333 331899
115339 331893
115455 331777
115401 331831
115467 331765
115269 331963
115384 331848
115412 331820
115389 331843
115269 331963
115385 331847
115421 331811
115380 331852
115424 331808
115373 331859
115462 331770
115694 331538
115378 331854
115476 331756
115490 331742
115494 331738
115474 331758
115412 331820
115514 331718
115491 331741
115512 331720
115463 331769
115648 331584
115559 331673
115456 331776
115509 331723
115488 331744
115612 331620
115558 331674
115622 331610
115661 331571
115497 331735
115676 331556
115692 331540
115686 331546
115650 331582
115698 331534
115605 331627
115602 331630
115683 331549
115638 331594
115776 331456
115747 331485
115688 331544
115714 331518
115559 331673
115671 331561
115644 331588
115815 331417
115686 331546
115713 331519
115582 331650
115723 331509
115860 331372
115769 331463
115695 331537
115708 331524
115765 331467
115717 331515
115886 331346
115898 331334
115845 331387
115666 331566
115924 331308
115857 331375
115729 331503
115763 331469
115975 331257
115878 331354
115974 331258
115763 331469
115886 331346
115839 331393
115894 331338
116020 331212
115873 331359
116003 331229
115831 331401
115921 331311
115851 331381
116086 331146
115970 331262
