31487 92129
31532 92084
31494 92122
31463 92153
31546 92070
31485 92131
31568 92048
31560 92056
31526 92090
31560 92056
31481 92135
31608 92008
31681 91935
31644 91972
31644 91972
31616 92000
31633 91983
31562 92054
31629 91987
31558 92058
31582 92034
31611 92005
31580 92036
31636 91980
31644 91972
31665 91951
31735 91881
31656 91960
31732 91884
31774 91842
31752 91864
31798 91818
31718 91898
31762 91854
31746 91870
31794 91822
31751 91865
31711 91905
31762 91854
31781 91835
31754 91862
31673 91943
31752 91864
31717 91899
31746 91870
31745 91871
31780 91836
31811 91805
31928 91688
31760 91856
31798 91818
31790 91826
31829 91787
31807 91809
31828 91788
31821 91795
31925 91691
31833 91783
31835 91781
31908 91708
31897 91719
31968 91648
31876 91740
31827 91789
31867 91749
31928 91688
31880 91736
31967 91649
31970 91646
32026 91590
32027 91589
31985 91631
31821 91795
31956 91660
32009 91607
32018 91598
32006 91610
31919 91697
32001 91615
31974 91642
31936 91680
31839 91777
31930 91686
31976 91640
31927 91689
31907 91709
32022 91594
32017 91599
31866 91750
31929 91687
31861 91755
32009 91607
31962 91654
31956 91660
31931 91685
32013 91603
31994 91622
31970 91646
31986 91630
31980 91636
