630777 172590
631362 172824
630740 171975
630816 172179
630895 172305
630882 172095
630825 172596
631069 172206
631153 172176
631502 172965
631156 172806
631035 172056
630716 171834
631056 172530
630658 172215
631008 172242
631341 172935
630802 172221
631261 172851
630888 171966
632110 173553
631656 173115
630892 172173
631123 172380
631076 172548
631387 172956
631970 174471
630885 172134
631011 172629
632189 175032
631244 172983
632876 175056
631078 172275
631191 172320
632205 173715
630744 172266
631167 172065
631490 172257
631013 172362
632417 174558
630586 172092
631505 172935
631023 172353
632994 174915
630783 172575
632016 173817
631664 172965
631323 172356
631132 172428
631185 172287
631862 173205
631004 172455
631066 172383
630909 172329
631322 172452
631019 172893
631141 172173
631142 172563
631440 172701
631318 172797
630968 172311
632296 174084
630815 172227
631843 173604
632295 173631
630876 172458
632493 174297
630917 172050
631125 172566
631459 172929
631466 172677
630810 172299
632971 174954
631018 172404
630687 172167
631020 172659
631894 172944
630978 172731
630965 172839
633846 174000
631471 173091
630790 172500
631230 172956
635580 176658
630910 172227
630826 172245
632967 174171
632158 173331
631050 171990
632153 173025
631435 173292
630866 172620
633143 174384
631466 172332
631233 172533
631570 172278
631468 173151
631234 172479
631294 172767
632436 173940
