137777 404687
137746 404718
137954 404510
137811 404653
137583 404881
137718 404746
137695 404769
137725 404739
137848 404616
137778 404686
137661 404803
137950 404514
137904 404560
137752 404712
137957 404507
137790 404674
137863 404601
137761 404703
137980 404484
137926 404538
137846 404618
137842 404622
137735 404729
137878 404586
137863 404601
137904 404560
138029 404435
137960 404504
138098 404366
138074 404390
138242 404222
138064 404400
137964 404500
137987 404477
138162 404302
138146 404318
138021 404443
138047 404417
138027 404437
138015 404449
138009 404455
138053 404411
138163 404301
138163 404301
138056 404408
138090 404374
137956 404508
138120 404344
138051 404413
137995 404469
138045 404419
138277 404187
138206 404258
138260 404204
138056 404408
138197 404267
138185 404279
138117 404347
138288 404176
138293 404171
138215 404249
138254 404210
138342 404122
138510 403954
138216 404248
138295 404169
138428 404036
138104 404360
138332 404132
138172 404292
138265 404199
138480 403984
138402 404062
138330 404134
138469 403995
138144 404320
138505 403959
138294 404170
138512 403952
138295 404169
138204 404260
138175 404289
138294 404170
138249 404215
138412 404052
138396 404068
138433 404031
138174 404290
138372 404092
138272 404192
138394 404070
138405 404059
138455 404009
138475 403989
138495 403969
138397 404067
138349 404115
138404 404060
138391 404073
138496 403968
