46384 16266
46440 16206
46578 16449
46460 16212
46533 16344
46659 16764
46511 16260
46483 16446
46879 17058
46525 16488
46596 16419
46539 16419
46527 16407
46622 16815
46644 16479
46391 16266
46700 16671
46364 16104
46445 16485
46786 16767
46360 16272
46682 16803
46362 16236
46602 16347
46521 16269
46425 16299
46606 16320
46545 16554
47164 17358
46417 16332
46808 16677
46341 16218
46535 16221
46637 16278
46500 16401
46987 17001
46568 16209
46794 16680
46562 16359
46885 16869
46508 16209
46606 16251
46502 16401
46893 16890
46672 16680
46660 16458
46707 16644
46418 16254
47017 16635
46444 16137
46427 16356
46538 16305
46430 16425
46486 16458
46872 16767
46391 16215
46542 16377
46604 16509
46991 16605
46419 16200
46336 16158
46957 17109
46476 16203
46469 16410
46916 16986
46649 16143
46661 16200
46726 16386
46919 16926
46573 16161
46939 16449
46624 16248
46623 16422
46656 16962
47645 17556
46821 16371
46654 16221
46908 16509
46863 16794
46716 16299
46518 16338
46613 16239
46572 16299
46655 16389
46983 16959
46693 16461
46900 16614
48024 16851
46576 16242
47049 16755
46470 16212
46652 16509
46855 16767
47169 17031
46623 16344
46577 16467
46947 16890
48243 16932
46626 16425
46830 16950
