746831 200751
746467 201177
747110 201528
746712 200808
746676 201090
747375 202299
746622 200142
746294 200658
746483 200904
746635 201309
746792 201351
746904 200988
746520 200667
748002 203292
746700 200592
746848 201048
747217 201852
746379 200868
747086 201711
747276 201555
746402 200835
747309 201615
746681 201060
747681 202422
747052 201012
746493 200412
746584 201387
747000 201159
748524 204330
746713 200739
747046 201618
747679 202569
746539 201294
746900 201456
748085 203817
746843 200181
746553 200661
746813 201237
747335 202074
746912 200772
746455 200328
746534 200499
747232 200973
746410 200826
746726 201423
748901 204201
747108 201138
746691 201015
747532 200742
746867 200862
747049 201654
747926 202347
746433 200178
747192 202209
747043 200895
746464 200514
747551 201912
746881 200676
748246 202860
747296 201699
746913 200616
746890 200877
747642 202263
746517 200430
747043 201075
746318 201081
746571 200553
747266 201810
746760 200895
748563 202920
747047 201033
746628 200385
747156 201720
746421 201369
748482 203049
746670 201327
747674 202521
746497 200799
746519 200619
747091 201498
748134 202377
746387 200514
746532 200976
746752 201099
748549 203826
746712 201192
746944 201414
746935 201171
747323 201789
746454 200712
746875 200721
746711 200940
747321 202101
746494 200436
749813 204450
746791 200832
746835 200637
747466 202056
747013 201087
747044 200802
