144007 44982
143727 44958
144058 45042
144245 45534
143861 45198
144047 45114
144104 45402
143803 45054
143955 45411
144025 45399
143983 45213
144378 45435
144142 45423
144013 45159
144480 45735
143819 45033
143801 45054
144273 45573
144267 45663
144000 45075
144277 45054
143889 45222
143968 45027
144679 45885
144165 45138
144731 46413
144090 45216
144001 45009
144401 45489
144703 46263
144275 45312
144217 45075
143896 45297
143897 45321
144619 45909
144424 45615
143961 45429
144590 46038
144066 45372
143875 45147
145233 46104
144109 44955
143913 45150
143969 45111
144128 45408
144336 45546
144719 45990
144144 45114
144209 45255
144150 45267
144287 45600
144152 45330
144451 45471
144149 45033
144231 45330
144491 45945
144602 45567
144219 45309
144060 45039
144829 46356
144135 45279
144428 45372
144200 45063
144686 45900
143931 44985
143923 44955
144861 45729
144122 45690
144110 45561
144569 46173
144030 45168
144305 45312
144268 45969
143965 45057
144122 45276
144286 45768
143972 44997
144403 45477
143921 44922
143872 45090
144204 45906
144211 45363
144206 45150
144575 45702
143974 45225
144733 46407
144041 45150
144218 45177
145094 46503
144153 45198
144689 45531
144638 46233
144545 45537
144297 45102
144115 45075
145097 45792
144320 45072
144252 45207
144337 45441
145702 46638
