435488 122475
435191 122292
435531 122796
435573 122619
435270 122226
435530 122301
436435 124782
435453 122232
435512 123117
435653 122097
435039 122124
436144 124050
435210 121887
435431 122190
435913 123144
435089 122133
436223 123975
435202 122421
436645 124227
435361 122067
435521 122361
435511 122445
436698 123384
435313 122436
435400 122103
435107 121941
435333 122154
436098 122784
435191 121872
435531 122385
435950 123312
435416 122055
435909 122622
435685 122463
436130 123069
435353 122346
435297 121782
436150 122739
435435 122301
435759 123381
437238 124479
435309 122019
435365 122178
435478 122172
435604 122523
436235 122904
435483 122253
437293 124623
435248 122010
435623 122724
436354 123108
435288 122196
435058 122148
435521 122439
436626 124008
436236 123270
435574 122085
435249 122127
437710 123852
435803 122307
435467 122331
435568 122247
437940 125400
435421 122148
435969 122898
437579 124263
436346 123675
435491 122031
436822 123654
435212 122085
436885 124692
435465 122130
435266 121809
435604 122517
435110 122280
435776 122820
435594 122682
436680 123852
435520 122259
435748 122247
435510 122364
436656 124398
435164 122154
435686 122916
435850 123624
435107 122076
435899 123216
436044 122862
435290 122319
436913 123981
435492 122415
435530 122508
438227 124941
435792 122418
437571 125163
435139 121863
436595 123207
435540 122412
437185 123975
435271 121836
