337573 993355
337301 993627
337327 993601
337592 993336
337399 993529
337358 993570
337299 993629
337480 993448
337535 993393
337707 993221
337257 993671
337426 993502
337527 993401
337850 993078
337507 993421
337667 993261
337412 993516
337702 993226
337477 993451
337576 993352
337509 993419
337488 993440
337341 993587
337767 993161
337495 993433
337823 993105
337432 993496
337704 993224
337598 993330
337668 993260
337853 993075
337781 993147
337791 993137
337610 993318
337791 993137
337844 993084
337930 992998
337423 993505
337594 993334
337814 993114
337630 993298
337847 993081
337431 993497
337741 993187
337753 993175
337815 993113
337775 993153
337852 993076
337675 993253
337515 993413
337944 992984
337783 993145
337847 993081
337875 993053
337905 993023
337685 993243
338029 992899
337838 993090
338051 992877
337794 993134
337815 993113
337878 993050
338163 992765
338203 992725
337994 992934
338168 992760
338133 992795
337813 993115
337727 993201
337939 992989
338290 992638
337861 993067
338194 992734
338146 992782
337784 993144
338147 992781
338226 992702
338000 992928
338280 992648
337978 992950
338202 992726
338156 992772
338071 992857
338058 992870
337991 992937
338103 992825
337999 992929
338051 992877
338106 992822
338163 992765
337891 993037
338091 992837
338170 992758
337991 992937
337976 992952
338232 992696
337961 992967
338227 992701
338347 992581
338408 992520
