5181 14771
5210 14742
5269 14683
5210 14742
5201 14751
5211 14741
5278 14674
5250 14702
5203 14749
5253 14699
5249 14703
5248 14704
5297 14655
5299 14653
5256 14696
5322 14630
5268 14684
5285 14667
5270 14682
5303 14649
5326 14626
5305 14647
5309 14643
5346 14606
5338 14614
5325 14627
5342 14610
5355 14597
5342 14610
5331 14621
5368 14584
5383 14569
5312 14640
5391 14561
5342 14610
5349 14603
5378 14574
5371 14581
5379 14573
5373 14579
5402 14550
5390 14562
5369 14583
5417 14535
5403 14549
5407 14545
5469 14483
5411 14541
5401 14551
5395 14557
5415 14537
5427 14525
5436 14516
5426 14526
5440 14512
5493 14459
5465 14487
5469 14483
5496 14456
5482 14470
5472 14480
5461 14491
5511 14441
5371 14581
5389 14563
5361 14591
5437 14515
5423 14529
5424 14528
5419 14533
5435 14517
5425 14527
5465 14487
5468 14484
5455 14497
5519 14433
5444 14508
5493 14459
5471 14481
5490 14462
5486 14466
5512 14440
5504 14448
5505 14447
5502 14450
5499 14453
5518 14434
5508 14444
5506 14446
5550 14402
5540 14412
5530 14422
5530 14422
5552 14400
5509 14443
5522 14430
5521 14431
5520 14432
5560 14392
5513 14439
