262406 762522
262351 762577
262397 762531
262640 762288
262575 762353
262322 762606
262435 762493
262561 762367
262407 762521
262422 762506
262466 762462
262665 762263
262638 762290
262481 762447
262637 762291
262641 762287
262757 762171
262571 762357
262750 762178
262762 762166
262662 762266
262780 762148
262741 762187
262674 762254
262761 762167
262701 762227
262718 762210
262586 762342
262665 762263
262866 762062
262837 762091
262898 762030
262677 762251
262741 762187
262934 761994
262925 762003
262718 762210
262879 762049
262811 762117
262823 762105
262915 762013
262893 762035
262848 762080
262745 762183
263012 761916
262976 761952
262913 762015
262762 762166
262897 762031
263020 761908
263076 761852
263051 761877
262915 762013
263129 761799
262991 761937
262925 762003
263197 761731
263195 761733
263201 761727
262983 761945
263100 761828
262930 761998
263108 761820
263251 761677
263118 761810
262992 761936
263279 761649
262970 761958
263150 761778
263026 761902
262882 762046
263136 761792
263143 761785
263108 761820
263255 761673
263026 761902
263039 761889
263023 761905
263013 761915
263100 761828
263370 761558
262841 762087
263222 761706
263149 761779
263143 761785
263103 761825
263221 761707
263089 761839
263187 761741
263431 761497
263288 761640
263274 761654
263268 761660
263369 761559
263313 761615
263287 761641
263127 761801
263196 761732
263273 761655
263300 761628
