450969 125913
451169 126306
451208 125907
451781 127233
451528 126135
451417 126465
452528 129003
451791 126318
451837 126960
451618 126507
451227 125946
451437 126132
451348 126252
451290 126006
451772 126654
451544 125976
451543 126432
451688 126519
451471 126645
451175 126204
451262 126093
451647 126378
451618 126576
451726 126732
451112 125727
451890 127071
451559 126402
451186 126282
452015 127209
451217 126054
451435 126549
451495 126522
452501 127689
451162 125958
451681 126804
451970 127386
451771 126564
451480 126468
451557 126195
451376 126213
451240 126180
451432 126387
451534 127203
451517 126300
451715 126960
451947 126810
451592 127044
451143 126219
452682 127659
451510 126273
451955 127185
451722 126375
451418 126660
452105 127041
451248 125964
452977 128292
451550 126315
452517 128349
451858 127005
451265 126075
452159 127062
451565 126204
451963 126312
451509 126090
451491 126111
451535 126084
451504 126300
452426 127737
451481 126441
451586 126774
452951 127662
452816 127992
451638 126462
451720 126600
452554 127707
451006 125664
451647 126453
451096 125673
452032 126570
451361 126069
452555 127251
451407 126195
451663 126963
451706 126372
451674 127320
452072 127416
451471 126348
452936 128640
451196 125691
451524 125961
452780 127656
451562 126375
451254 125838
451410 126168
451661 126177
451773 127488
451357 126024
452388 127086
451160 126084
451765 126573
