73213 24480
73235 24579
73310 24657
73213 24546
73643 25365
73264 24390
73304 24753
73376 24876
73290 24657
73227 24711
73254 24612
73356 24867
73396 24666
73361 24549
73360 24777
73372 24516
73438 24675
73243 24765
73240 24774
73421 24813
73346 24672
73265 24480
73772 25476
73360 24732
73654 25269
74000 25521
73204 24525
73263 24501
73552 24828
73269 24888
73314 24759
73953 25818
73335 24672
73713 25269
73468 24747
73474 25197
73447 24627
73200 24582
73345 24672
73185 24594
74007 25446
73227 24687
73233 24729
73963 25647
73473 25014
73334 24708
73348 24648
73491 24999
73439 24549
73433 24690
74164 25416
73233 24477
73422 24657
73512 24711
74530 25632
73459 24846
74311 26154
73406 24471
73342 24687
74983 26586
73221 24543
73491 24723
73401 24801
73493 24786
73310 24537
74073 25203
73487 24669
73961 25398
73346 24432
73338 24552
73369 24651
73525 24849
73729 24933
74061 25446
73278 24717
74151 25566
73405 24591
74275 25332
73235 24648
73332 24606
73773 24978
74221 25206
73377 24687
73331 24582
73296 24669
73395 24789
73350 24621
73414 24960
73069 24426
73126 24348
73868 25173
73661 25167
73353 24498
73234 24408
73352 24612
73917 25137
73488 24597
73838 25302
73462 24579
73647 24642
