696707 188805
696890 188538
696829 188925
696410 188787
697543 189483
697125 188934
697299 189042
696974 188772
697335 188811
697003 189531
697432 190122
697190 189252
696843 188838
696931 189042
697170 189105
698436 191511
697766 189687
696967 188955
697258 189963
696508 188904
697364 189543
697029 188970
698712 191031
696956 188730
696815 188445
697215 188733
698504 190659
697001 188850
698089 190812
696671 188793
697200 190221
697412 188940
696986 188871
698644 190923
696951 188529
697208 189210
696796 189141
698937 191760
697040 188787
696834 188421
697548 189816
697396 188970
697029 189183
699053 191274
696881 188910
696819 188685
697300 189414
696965 188616
697035 188853
698409 190947
697311 188817
698615 191940
697196 188634
697082 189384
697968 189750
696740 189171
698925 191535
697088 188712
697689 189975
697266 189141
697477 189306
698362 190689
697101 188805
699559 191781
697073 188469
698055 190131
697225 188673
696746 188532
697060 188859
698673 190350
697058 188580
696843 189111
697298 188457
697876 189921
697207 188922
697222 188862
698762 190026
698934 189261
697042 188997
698941 190626
697974 190017
697154 189018
698332 191007
696968 188715
698948 190779
696825 188598
698495 189153
699132 191268
696419 188571
697850 189615
699008 190452
697161 188484
698680 190140
697275 190191
697372 189123
698571 189819
697232 188259
698424 188889
697557 189093
697273 189045
