680574 184506
680209 184974
680829 185232
680523 184329
680869 185523
680556 184335
680410 184551
681221 185736
680551 184518
680966 186210
680514 184581
680476 184497
681298 185286
680311 184740
680705 185019
680173 184617
681718 186894
680331 184326
681485 186609
680387 184656
681200 185667
680154 184359
680338 184674
681845 186927
680581 184461
681577 186822
680283 184377
681320 186093
680379 184719
680913 185307
680433 184740
681258 185745
680639 185010
681222 185772
681080 185460
681097 184803
680466 185307
680453 184833
680289 185052
681312 185835
680714 184707
681064 184953
680417 184842
681587 186396
680343 184797
681283 185067
681336 185688
680622 184515
683019 186420
680489 184467
681119 184764
680451 184386
680570 184401
680811 184959
680684 185514
682432 186852
680938 185106
680854 185040
680628 185136
680786 184815
680827 185025
680695 185394
680587 185064
681623 186723
680052 183966
680529 184410
680483 184689
682185 186777
680739 184686
682486 186027
680284 184863
680418 185013
681114 185253
682591 187707
680228 184824
680635 184941
680610 185211
682769 187065
680734 184944
680473 184827
680156 184752
680562 184917
683100 186489
680850 185331
680227 184836
681807 184692
682151 186753
680495 184269
680535 184380
680955 185151
680826 184830
683295 187509
680925 184803
680412 184620
680987 184842
682242 186834
680816 185115
681555 185424
680280 184434
681390 185910
