246235 712229
246245 712219
246537 711927
246497 711967
246580 711884
246562 711902
246540 711924
246393 712071
246535 711929
246543 711921
246491 711973
246615 711849
246671 711793
246430 712034
246559 711905
246536 711928
246587 711877
246495 711969
246313 712151
246707 711757
246742 711722
246656 711808
246904 711560
246677 711787
246683 711781
246806 711658
246628 711836
246668 711796
246588 711876
246657 711807
246678 711786
246814 711650
246805 711659
246630 711834
246630 711834
246754 711710
246631 711833
246891 711573
246816 711648
246671 711793
246832 711632
246858 711606
246906 711558
246863 711601
246836 711628
246842 711622
246959 711505
246923 711541
246994 711470
246896 711568
246877 711587
246819 711645
246941 711523
246894 711570
246990 711474
246980 711484
246965 711499
246866 711598
246997 711467
246987 711477
246976 711488
247071 711393
246967 711497
246844 711620
246958 711506
246893 711571
246917 711547
246924 711540
246971 711493
247101 711363
246926 711538
246947 711517
247260 711204
246993 711471
247161 711303
247104 711360
247050 711414
247103 711361
246988 711476
247108 711356
246963 711501
246956 711508
247160 711304
247259 711205
247334 711130
247179 711285
247202 711262
247326 711138
246950 711514
247161 711303
247175 711289
247234 711230
247276 711188
247240 711224
247172 711292
247119 711345
247240 711224
247159 711305
247273 711191
247267 711197
