24816 70992
24896 70912
24824 70984
24866 70942
24784 71024
24893 70915
24914 70894
24901 70907
24887 70921
24839 70969
24861 70947
24840 70968
24890 70918
24948 70860
24860 70948
24925 70883
24943 70865
24893 70915
24925 70883
24857 70951
24928 70880
24967 70841
24973 70835
24961 70847
24948 70860
24961 70847
24913 70895
25060 70748
24980 70828
24970 70838
25005 70803
25030 70778
25007 70801
24996 70812
24963 70845
25034 70774
25104 70704
25022 70786
25078 70730
25076 70732
25089 70719
25161 70647
25162 70646
25047 70761
25115 70693
25050 70758
25116 70692
25084 70724
25059 70749
25147 70661
25241 70567
25124 70684
25186 70622
25161 70647
25175 70633
25118 70690
25124 70684
25189 70619
25117 70691
25251 70557
25244 70564
25164 70644
25239 70569
25117 70691
25110 70698
25088 70720
25110 70698
25205 70603
25182 70626
25147 70661
25142 70666
25150 70658
25280 70528
25234 70574
25220 70588
25140 70668
25246 70562
25175 70633
25203 70605
25244 70564
25254 70554
25297 70511
25289 70519
25240 70568
25222 70586
25289 70519
25290 70518
25300 70508
25228 70580
25212 70596
25349 70459
25329 70479
25326 70482
25313 70495
25267 70541
25342 70466
25352 70456
25336 70472
25314 70494
25378 70430
