328868 968060
329036 967892
328908 968020
329080 967848
329160 967768
329109 967819
329064 967864
329121 967807
329147 967781
328920 968008
329117 967811
329034 967894
328933 967995
329086 967842
328817 968111
329076 967852
329163 967765
329032 967896
329071 967857
329338 967590
329179 967749
329030 967898
329064 967864
328864 968064
329271 967657
329009 967919
329114 967814
329267 967661
329168 967760
329227 967701
329235 967693
329358 967570
329404 967524
329330 967598
329416 967512
329252 967676
329131 967797
329134 967794
329318 967610
329327 967601
329524 967404
329383 967545
329372 967556
329173 967755
329339 967589
329347 967581
329223 967705
329321 967607
329045 967883
329387 967541
329511 967417
329207 967721
329488 967440
329499 967429
329401 967527
329443 967485
329558 967370
329414 967514
329344 967584
329590 967338
329440 967488
329590 967338
329365 967563
329413 967515
329512 967416
329525 967403
329603 967325
329302 967626
329425 967503
329577 967351
329397 967531
329516 967412
329636 967292
329594 967334
329509 967419
329730 967198
329576 967352
329510 967418
329635 967293
329484 967444
329657 967271
329438 967490
329776 967152
329546 967382
329344 967584
329592 967336
329560 967368
329613 967315
329643 967285
329720 967208
329712 967216
329682 967246
329564 967364
329521 967407
329539 967389
329696 967232
329536 967392
329753 967175
329888 967040
329795 967133
