115236 36669
115208 36915
115141 36753
115284 36984
115266 37053
114965 36441
115145 36792
115224 37023
115164 37011
115071 36780
115091 36738
115225 36984
115326 37188
115280 37020
115349 37560
115670 37617
115210 36774
115096 36810
115592 37743
115473 36894
115215 36603
115326 37215
115249 36939
115313 37107
115987 37860
114949 36546
115025 36933
115123 36759
116112 37959
115162 36702
115181 36813
115031 36633
115191 36795
115172 36906
115278 37029
115130 36825
115371 36876
115398 37125
115177 37101
115496 37089
115156 36786
115453 37563
115292 36741
115171 36786
115108 36687
115272 36891
115362 37275
115345 37116
115528 37239
115458 37197
115152 36705
115172 36720
115034 36771
115149 36954
116032 37020
115016 36546
115226 36990
115724 37263
115047 37011
116706 38562
115310 37032
115264 36804
115477 37047
115210 36615
115147 36630
115938 37467
115370 36999
115807 37137
115214 36663
115083 36873
115862 37335
115488 36900
115393 36927
115396 36969
116996 38184
115357 36888
115393 36960
115332 36711
115471 36693
115226 36756
115416 36756
115865 37923
115510 37182
115312 36897
116421 37719
115373 37113
115609 37455
115631 37479
115081 36819
115114 36798
116143 37788
115980 37485
115287 37023
115638 37113
115375 36756
116345 37827
115427 37164
115311 36708
115067 36660
115332 36804
