153957 452507
153961 452503
153874 452590
153718 452746
153894 452570
153958 452506
153961 452503
153917 452547
154122 452342
153978 452486
153985 452479
154021 452443
154024 452440
154212 452252
154206 452258
154168 452296
154037 452427
154167 452297
154310 452154
154218 452246
154140 452324
154179 452285
154150 452314
154274 452190
154249 452215
154053 452411
154240 452224
154171 452293
154094 452370
154240 452224
154218 452246
154293 452171
154258 452206
154250 452214
154090 452374
154125 452339
154422 452042
154429 452035
154419 452045
154373 452091
154507 451957
154347 452117
154414 452050
154261 452203
154386 452078
154335 452129
154338 452126
154404 452060
154231 452233
154480 451984
154318 452146
154363 452101
154375 452089
154429 452035
154426 452038
154506 451958
154471 451993
154423 452041
154455 452009
154445 452019
154407 452057
154383 452081
154416 452048
154484 451980
154392 452072
154665 451799
154424 452040
154539 451925
154604 451860
154490 451974
154645 451819
154619 451845
154439 452025
154665 451799
154327 452137
154461 452003
154705 451759
154581 451883
154815 451649
154790 451674
154727 451737
154842 451622
154708 451756
154566 451898
154439 452025
154605 451859
154574 451890
154425 452039
154400 452064
154665 451799
154644 451820
154595 451869
154645 451819
154591 451873
154704 451760
154674 451790
154550 451914
154734 451730
154862 451602
154624 451840
