345801 1019127
345494 1019434
345817 1019111
345814 1019114
345793 1019135
345759 1019169
345906 1019022
345890 1019038
346194 1018734
345871 1019057
345921 1019007
345993 1018935
345542 1019386
345964 1018964
345855 1019073
346033 1018895
346153 1018775
345932 1018996
345785 1019143
345893 1019035
345953 1018975
345701 1019227
345878 1019050
345891 1019037
345885 1019043
345854 1019074
345808 1019120
345902 1019026
346339 1018589
346099 1018829
345820 1019108
346023 1018905
345959 1018969
346116 1018812
346042 1018886
346019 1018909
345756 1019172
346094 1018834
346062 1018866
346155 1018773
346315 1018613
346110 1018818
346209 1018719
346100 1018828
346066 1018862
346202 1018726
346516 1018412
346019 1018909
346411 1018517
346148 1018780
346100 1018828
346255 1018673
346107 1018821
346114 1018814
346340 1018588
346363 1018565
346375 1018553
346511 1018417
346154 1018774
346099 1018829
346338 1018590
345984 1018944
346549 1018379
346299 1018629
346290 1018638
346163 1018765
346383 1018545
346499 1018429
346389 1018539
346632 1018296
346303 1018625
346399 1018529
346339 1018589
346657 1018271
346529 1018399
346402 1018526
346336 1018592
346236 1018692
346473 1018455
346379 1018549
346565 1018363
346553 1018375
346691 1018237
346406 1018522
346687 1018241
346567 1018361
346478 1018450
346329 1018599
346503 1018425
346623 1018305
346547 1018381
346410 1018518
346394 1018534
346525 1018403
346466 1018462
346506 1018422
346653 1018275
346579 1018349
346275 1018653
346485 1018443
