68040 199192
67927 199305
68026 199206
68090 199142
67902 199330
67895 199337
68028 199204
68046 199186
68134 199098
68022 199210
68086 199146
68048 199184
68128 199104
68057 199175
68073 199159
68003 199229
68123 199109
68099 199133
68073 199159
68135 199097
68179 199053
68258 198974
68143 199089
68087 199145
68144 199088
68367 198865
68156 199076
68135 199097
68188 199044
68209 199023
68266 198966
68144 199088
68236 198996
68179 199053
68369 198863
68367 198865
68280 198952
68246 198986
68296 198936
68143 199089
68190 199042
68270 198962
68224 199008
68286 198946
68275 198957
68245 198987
68343 198889
68320 198912
68295 198937
68253 198979
68247 198985
68323 198909
68207 199025
68339 198893
68354 198878
68428 198804
68389 198843
68518 198714
68318 198914
68468 198764
68509 198723
68398 198834
68498 198734
68469 198763
68588 198644
68413 198819
68357 198875
68542 198690
68463 198769
68533 198699
68563 198669
68520 198712
68523 198709
68485 198747
68396 198836
68490 198742
68463 198769
68575 198657
68572 198660
68333 198899
68473 198759
68600 198632
68386 198846
68500 198732
68592 198640
68410 198822
68458 198774
68604 198628
68470 198762
68443 198789
68561 198671
68519 198713
68505 198727
68618 198614
68522 198710
68666 198566
68583 198649
68722 198510
68529 198703
68481 198751
