363498 1069430
363392 1069536
363803 1069125
363499 1069429
363549 1069379
363435 1069493
363627 1069301
363651 1069277
363529 1069399
363520 1069408
363783 1069145
363830 1069098
363543 1069385
363533 1069395
363658 1069270
363952 1068976
363896 1069032
363669 1069259
363584 1069344
364057 1068871
363740 1069188
364130 1068798
363849 1069079
363545 1069383
363752 1069176
363808 1069120
363720 1069208
363671 1069257
363958 1068970
363989 1068939
363864 1069064
363774 1069154
363626 1069302
363921 1069007
363887 1069041
363857 1069071
363747 1069181
363857 1069071
364172 1068756
363798 1069130
364061 1068867
364002 1068926
363872 1069056
363964 1068964
363994 1068934
363589 1069339
363951 1068977
363721 1069207
363841 1069087
363956 1068972
363480 1069448
363698 1069230
364004 1068924
364218 1068710
364149 1068779
363951 1068977
363971 1068957
364020 1068908
364102 1068826
364119 1068809
364140 1068788
364155 1068773
364349 1068579
364191 1068737
364098 1068830
364228 1068700
364258 1068670
364288 1068640
364241 1068687
363817 1069111
364139 1068789
364042 1068886
364018 1068910
364186 1068742
364114 1068814
364195 1068733
364072 1068856
364319 1068609
364275 1068653
364561 1068367
364291 1068637
364260 1068668
364326 1068602
364281 1068647
364391 1068537
364275 1068653
363951 1068977
364179 1068749
364455 1068473
364422 1068506
364300 1068628
364187 1068741
364420 1068508
364543 1068385
364222 1068706
364627 1068301
364412 1068516
364442 1068486
364107 1068821
364370 1068558
