232994 69366
232816 69576
233216 70056
232956 69072
232923 69060
232950 69201
232880 69435
233546 70134
233154 69360
232879 69420
233318 70278
232695 69243
233080 69531
233507 70119
232995 69564
233054 69429
233079 69438
232978 69459
233064 69600
233000 69750
233139 70023
233161 69669
232862 69456
233030 69675
233089 69306
232937 69537
232818 69309
233773 70734
232891 69294
233941 70734
232975 69432
233173 69606
232795 69222
233757 70086
232853 69105
233739 70452
233114 69372
233128 69681
233044 69597
234084 71376
233047 69666
233099 69705
233039 69474
233815 71067
232948 69201
233099 69579
233103 69471
233078 69534
234504 71253
233104 69522
233789 70437
233361 70167
233025 69552
232917 69261
233009 69519
234300 70497
232930 69297
233779 70194
233480 69555
232935 69234
234577 71319
232882 69261
233260 69702
232739 69336
234264 70509
232967 69276
233579 69918
232916 69237
233410 70068
233156 69339
233227 69621
233299 69321
234068 70128
233192 69153
233221 69174
233071 69387
233724 70191
233561 69891
232950 69195
233008 69189
233904 70650
233251 69558
234196 71613
232978 69429
233073 69252
233339 70311
233229 69474
234420 70179
233039 69579
233048 69540
234338 70491
232929 69465
234285 71220
233262 69480
233183 69501
233048 69453
233494 70716
233032 69387
234696 69912
233127 69555
