53666 153950
53587 154029
53593 154023
53654 153962
53638 153978
53557 154059
53565 154051
53649 153967
53678 153938
53653 153963
53644 153972
53755 153861
53791 153825
53596 154020
53611 154005
53790 153826
53714 153902
53696 153920
53670 153946
53736 153880
53762 153854
53743 153873
53869 153747
53796 153820
53838 153778
53905 153711
53720 153896
53845 153771
53851 153765
53820 153796
53837 153779
54013 153603
53910 153706
53928 153688
53824 153792
53880 153736
53913 153703
53826 153790
53908 153708
53953 153663
53873 153743
53926 153690
53952 153664
53888 153728
53951 153665
53997 153619
53960 153656
53865 153751
54049 153567
54005 153611
53977 153639
53984 153632
54031 153585
54026 153590
54025 153591
54100 153516
53969 153647
54031 153585
54014 153602
54128 153488
54039 153577
54145 153471
54140 153476
53955 153661
53880 153736
53947 153669
53991 153625
53975 153641
54026 153590
54021 153595
54017 153599
54047 153569
53944 153672
54028 153588
54100 153516
54189 153427
54042 153574
54073 153543
54204 153412
54189 153427
54137 153479
54116 153500
54080 153536
54132 153484
54171 153445
54288 153328
54186 153430
54188 153428
54091 153525
54192 153424
54094 153522
54219 153397
54250 153366
54258 153358
54256 153360
54164 153452
54258 153358
54163 153453
54306 153310
54238 153378
