106599 310633
106709 310523
106738 310494
106604 310628
106609 310623
106770 310462
106654 310578
106930 310302
106659 310573
106793 310439
106664 310568
106765 310467
106747 310485
106986 310246
106926 310306
106733 310499
106651 310581
106863 310369
106795 310437
106721 310511
106806 310426
106863 310369
106777 310455
106855 310377
106796 310436
106978 310254
107012 310220
106882 310350
106801 310431
106915 310317
106885 310347
106999 310233
106827 310405
107015 310217
106738 310494
106868 310364
106903 310329
106872 310360
106884 310348
106860 310372
106828 310404
107070 310162
107099 310133
106972 310260
107172 310060
106968 310264
106952 310280
107086 310146
106974 310258
106992 310240
107015 310217
107120 310112
106982 310250
107006 310226
106932 310300
107139 310093
107171 310061
107107 310125
107104 310128
107131 310101
107066 310166
106867 310365
107071 310161
107138 310094
107000 310232
107217 310015
106990 310242
107262 309970
107013 310219
107241 309991
107138 310094
107101 310131
107116 310116
107130 310102
107088 310144
107012 310220
107147 310085
107255 309977
107215 310017
107260 309972
107312 309920
107196 310036
107261 309971
107374 309858
107255 309977
107254 309978
107299 309933
107337 309895
107407 309825
107314 309918
107271 309961
107370 309862
107299 309933
107336 309896
107283 309949
107321 309911
107413 309819
107452 309780
107295 309937
107324 309908
