179048 523416
179065 523399
179041 523423
179029 523435
179271 523193
179037 523427
179138 523326
179119 523345
179369 523095
179095 523369
179348 523116
179475 522989
179218 523246
179204 523260
179182 523282
179399 523065
179118 523346
179168 523296
179196 523268
179255 523209
179127 523337
179319 523145
179227 523237
179376 523088
179189 523275
179279 523185
179267 523197
179232 523232
179406 523058
179281 523183
179271 523193
179330 523134
179407 523057
179412 523052
179475 522989
179642 522822
179298 523166
179460 523004
179606 522858
179501 522963
179283 523181
179478 522986
179575 522889
179672 522792
179747 522717
179475 522989
179723 522741
179591 522873
179580 522884
179555 522909
179602 522862
179347 523117
179680 522784
179551 522913
179479 522985
179586 522878
179597 522867
179608 522856
179715 522749
179640 522824
179638 522826
179657 522807
179467 522997
179844 522620
179460 523004
179697 522767
179728 522736
179669 522795
179701 522763
179754 522710
179570 522894
179679 522785
179687 522777
179572 522892
179727 522737
179820 522644
179693 522771
179719 522745
179872 522592
179689 522775
179758 522706
179966 522498
179702 522762
179858 522606
179855 522609
179740 522724
179985 522479
180114 522350
180013 522451
179871 522593
179958 522506
179919 522545
179745 522719
179970 522494
179726 522738
179708 522756
179847 522617
179805 522659
179753 522711
179777 522687
