83447 243785
83474 243758
83639 243593
83630 243602
83560 243672
83567 243665
83639 243593
83631 243601
83564 243668
83625 243607
83724 243508
83661 243571
83552 243680
83783 243449
83636 243596
83567 243665
83765 243467
83803 243429
83838 243394
83676 243556
83711 243521
83828 243404
83689 243543
83699 243533
83590 243642
83843 243389
83763 243469
83710 243522
83743 243489
83810 243422
83890 243342
83836 243396
83906 243326
83768 243464
83720 243512
83800 243432
83883 243349
83797 243435
83862 243370
83898 243334
84077 243155
84001 243231
83879 243353
83877 243355
84025 243207
83866 243366
83960 243272
83884 243348
83782 243450
84002 243230
83983 243249
84011 243221
84054 243178
83821 243411
83859 243373
84063 243169
84031 243201
84031 243201
84001 243231
84072 243160
84099 243133
83983 243249
84083 243149
83855 243377
84072 243160
84040 243192
84099 243133
83953 243279
83992 243240
83867 243365
83918 243314
84090 243142
84112 243120
84165 243067
84081 243151
84180 243052
84066 243166
84149 243083
84172 243060
84124 243108
84187 243045
84202 243030
84247 242985
84250 242982
84231 243001
84063 243169
84289 242943
84235 242997
84195 243037
84252 242980
84281 242951
84208 243024
84204 243028
84380 242852
84075 243157
84193 243039
83969 243263
84197 243035
84349 242883
84296 242936
