483778 134754
483799 134847
483530 134613
483722 134907
483558 134007
483090 134334
483518 134703
483976 134772
483464 134697
483529 134553
483862 134544
483816 135006
484165 136149
483979 134988
483965 134976
483496 134625
483929 135234
483393 134181
483903 135165
483775 134784
484511 136248
483786 134892
483543 134646
483877 135156
484042 135417
483752 134997
484227 135639
483522 134634
484562 135876
483444 134271
484832 136224
483775 134565
483571 134514
483645 134355
485249 137613
483660 134367
484002 134460
485070 137391
483434 134784
484302 135504
483850 134583
483512 134925
484585 136245
483635 134673
484017 135366
483426 134277
483395 134634
485124 136869
483636 134109
484108 134739
483584 134295
483835 135378
485921 137850
483789 135300
483551 134502
483768 134373
483486 134472
484881 135708
483689 134649
483847 134976
483958 134568
483234 134532
483575 134814
484120 134808
483734 134319
484098 135561
483551 134523
483766 134754
484021 134859
484493 135195
483800 134337
483667 134556
483991 134775
483983 134766
485679 136683
483436 134442
485174 135600
483910 135099
483647 134364
483730 134601
484636 135138
483922 134817
485131 136590
484916 136059
483720 134352
483427 134238
484021 134877
484102 134742
483922 134640
483376 134427
483430 134223
483773 134865
483562 134280
483223 134535
487415 137325
483785 134445
483642 134433
486324 138333
483707 134670
483972 134604
