278861 81906
278957 81774
279145 82092
278957 82203
279355 82755
279003 81861
279317 82944
278945 82038
278964 81891
279166 82122
279316 82341
279116 82311
279533 82854
279291 81894
278921 82152
278954 82284
278826 81969
279281 82374
279062 81831
278693 81849
279592 82527
279196 82224
278852 81927
280149 83682
279075 81891
279010 82080
279894 82899
279087 82338
278960 82155
279009 82089
279943 83484
279090 82062
279640 82884
279166 82005
279362 82581
278901 81756
279060 82185
279182 82317
279993 83370
279852 82494
279130 82287
279491 82587
279392 82167
279079 82146
279667 82617
279009 82140
279184 82137
279302 82305
279851 83745
279097 81891
279803 83337
279047 82179
279068 81942
279389 82629
279087 82086
279529 83034
279250 81924
280411 83370
279247 81972
279481 82107
279044 81801
279335 82713
279029 82110
279281 82185
279184 82116
280461 83679
278824 82032
280206 83325
279140 82236
278736 81378
279473 82218
279017 81975
279544 82536
278993 82326
280163 83217
279471 82413
279590 82191
278951 82080
279303 82164
279634 82746
279577 82215
279571 82761
279388 82458
280202 83214
279236 81909
280392 82590
279301 82038
279321 82128
280388 83325
279418 82083
278823 81951
279368 81987
280581 83385
278775 81477
279271 82113
279264 81957
279597 82077
279268 82101
279159 82413
279219 82527
