59783 20481
59863 20670
59916 20718
59704 20307
59839 20598
59774 20505
59957 20676
59947 20682
59706 20334
59826 20562
59678 20424
60013 20760
59837 20493
60002 21135
59720 20274
60000 20577
59800 20460
59778 20520
59789 20511
60149 20967
59881 20475
59814 20445
60022 20808
59781 20460
59915 20652
59754 20568
60111 21036
59794 20829
59955 20517
59893 20538
59778 20544
60507 21435
59733 20412
60560 21321
59728 20418
60158 21051
59688 20475
59806 20628
59824 20709
59837 20469
60766 21621
60006 20550
60113 20901
60117 20538
59919 20559
60165 20973
59862 20505
59881 20508
60118 20799
59913 20571
60272 20850
59840 20430
59844 20442
59927 20766
59976 20553
60271 21510
59763 20331
59880 20619
60573 21036
59783 20544
60060 20664
59919 20565
59909 20640
60610 21510
59706 20301
59995 20649
60402 20850
59861 20586
59689 20373
60068 20850
60100 20796
60129 20589
59697 20514
60085 21414
59900 20517
59813 20616
60278 21510
59799 20649
61056 20736
59709 20316
59798 20415
59936 20502
59923 20550
60072 20643
60644 20934
60108 20646
60422 21033
60619 20976
60066 20595
60452 21174
59978 20313
59950 20400
59949 20577
60215 20943
60070 20592
60298 21075
59928 20454
60017 20679
59947 20574
62122 21993
