372072 105777
372458 106302
371901 106167
372452 106503
372029 106518
372840 107976
372120 106365
372766 107631
372598 106956
372306 106317
372213 106044
372277 106650
372634 107421
373256 107583
372399 106752
373179 108096
372316 106158
372800 107181
372315 106272
372252 106413
372110 106563
372616 107205
372611 106806
373323 108183
372200 106164
372344 106239
372261 106491
373124 107361
372174 106098
372482 106326
372623 106776
371764 106083
373433 108201
372444 106332
372283 106161
373921 108495
372080 106254
372851 106950
372442 106440
372339 106086
373475 107919
372022 105804
372343 106146
372974 106908
372318 106569
373176 107949
373218 107538
372277 106137
372244 106737
372753 106752
372331 106284
372343 106155
372303 106437
373033 107484
373379 107166
372533 106365
372430 106488
372532 106776
372537 106212
372366 106431
372764 106917
373478 108168
372220 106263
372580 106335
372139 106419
373331 106908
372595 106656
372846 106410
372473 106575
373243 107133
372305 106359
372331 106077
372273 106539
372792 107244
372480 106629
373729 108171
372243 106017
372546 106665
372084 106515
372778 107487
372375 106350
373151 107328
372565 106626
374657 108894
373333 106887
372662 106836
372283 106491
373007 107382
372204 106455
373077 107112
372437 106710
374189 108417
371871 105981
372232 106131
375182 108084
372403 106335
372035 106461
372298 106152
372791 107082
372081 106119
