60466 176766
60526 176706
60515 176717
60615 176617
60487 176745
60641 176591
60501 176731
60607 176625
60562 176670
60608 176624
60612 176620
60555 176677
60581 176651
60661 176571
60582 176650
60644 176588
60646 176586
60691 176541
60700 176532
60623 176609
60708 176524
60637 176595
60754 176478
60693 176539
60717 176515
60703 176529
60817 176415
60744 176488
60712 176520
60837 176395
60733 176499
60782 176450
60731 176501
60778 176454
60845 176387
60812 176420
60737 176495
60776 176456
60747 176485
60710 176522
60661 176571
60792 176440
60753 176479
60850 176382
60849 176383
60883 176349
60891 176341
60769 176463
60865 176367
60877 176355
60888 176344
60839 176393
60830 176402
60927 176305
60876 176356
60966 176266
61005 176227
60993 176239
60886 176346
60942 176290
60911 176321
60966 176266
61062 176170
61046 176186
61131 176101
61133 176099
61010 176222
60955 176277
61042 176190
61060 176172
61033 176199
61021 176211
60864 176368
61083 176149
60946 176286
60900 176332
60949 176283
60947 176285
61042 176190
61073 176159
61002 176230
61101 176131
61127 176105
60956 176276
61140 176092
61053 176179
60980 176252
61172 176060
61147 176085
61079 176153
60963 176269
61154 176078
61147 176085
61118 176114
61170 176062
61240 175992
61160 176072
61125 176107
61057 176175
61198 176034
