194991 571473
194835 571629
195019 571445
195015 571449
194896 571568
194896 571568
195068 571396
194940 571524
195044 571420
195012 571452
195008 571456
195202 571262
195117 571347
195078 571386
195030 571434
195173 571291
195366 571098
194988 571476
195315 571149
195206 571258
195241 571223
195334 571130
195382 571082
195300 571164
195266 571198
195353 571111
195264 571200
195213 571251
195232 571232
195301 571163
194958 571506
195274 571190
195452 571012
195428 571036
195535 570929
195232 571232
195393 571071
195333 571131
195385 571079
195245 571219
195186 571278
195438 571026
195323 571141
195183 571281
195214 571250
195374 571090
195398 571066
195422 571042
195532 570932
195271 571193
195306 571158
195231 571233
195206 571258
195312 571152
195409 571055
195356 571108
195269 571195
195643 570821
195311 571153
195340 571124
195635 570829
195318 571146
195439 571025
195472 570992
195475 570989
195443 571021
195467 570997
195276 571188
195651 570813
195493 570971
195659 570805
195454 571010
195713 570751
195511 570953
195400 571064
195740 570724
195521 570943
195537 570927
195422 571042
195684 570780
195589 570875
195582 570882
195714 570750
195476 570988
195575 570889
195567 570897
195756 570708
195590 570874
195785 570679
195862 570602
195842 570622
195775 570689
195668 570796
195665 570799
195907 570557
195802 570662
195494 570970
195637 570827
195847 570617
195714 570750
