614705 168177
614318 167943
614162 168123
614220 167793
614303 168441
615301 170490
614523 168153
614020 167802
614403 168420
615384 169998
614537 168648
614431 168342
614195 168558
614349 168426
615171 169749
614438 168168
614088 168105
615928 169968
614102 167691
614033 168132
614905 169125
614275 167883
614564 168126
615425 170439
614588 168510
614295 168378
614687 168366
615473 169512
614420 168177
615226 168849
614349 167607
614485 168225
615153 168576
614832 168636
615110 168921
614410 168315
615346 169101
614354 167979
616333 170412
614132 168012
615342 168936
614430 168300
614440 168243
614912 168675
614588 167835
614657 168618
614815 168729
615538 169491
614703 168468
614419 168333
614770 168468
615406 169545
614363 167925
614779 168138
615030 168312
614915 168777
614971 168447
614974 168474
614715 168600
614626 168357
616061 170010
614423 168099
614320 168321
615294 169494
614482 168054
614354 168048
614339 167853
615300 168798
614379 168237
615678 169620
617325 170412
614208 167913
614463 168249
614779 169128
614591 168309
616525 170967
613887 167769
616027 169971
615756 169611
614400 167775
614132 168060
616129 169794
614296 167583
615651 169428
615562 169452
614396 167631
614671 168357
615264 169857
614802 168135
614865 168363
614790 167997
615037 168852
614548 167757
616419 170415
615037 168330
616677 170781
614496 168540
616706 171357
614787 168192
615738 169143
