100835 32421
100893 32748
100976 32790
101005 32958
101139 32967
100888 32655
100875 32550
101047 32667
101109 32868
101110 32940
100847 32589
100888 32589
100989 32985
100845 32580
100842 32640
101235 33144
100906 32739
100756 32679
100906 32859
100823 32487
101001 32799
100993 32817
100774 32514
100956 32697
101174 33195
100954 32475
100801 32634
100887 32607
101504 33492
100642 32304
100881 32508
101143 32688
100954 32550
101599 33090
101017 32661
101534 33321
100947 32370
100995 32484
101002 32610
101658 32919
100978 32748
101253 32805
101083 32589
101204 33048
101124 32739
100947 32568
101098 32835
100856 32544
101356 32616
100911 32433
101002 32658
101080 33171
101876 33456
100814 32388
101185 33210
100830 32577
101214 33495
101106 32823
102148 33627
101029 32556
101123 33093
100969 32457
101061 32790
101820 33504
101252 32865
101097 32592
101431 33165
101121 32547
100941 32496
100972 32538
101654 32829
101196 32655
101167 32691
100899 32472
100968 32442
101274 32940
101055 32571
101556 33141
101134 32655
101157 32688
101041 32790
101114 32625
101160 33114
101686 33531
101108 32592
101142 32694
101081 32793
101516 33171
101072 32847
101068 32949
100970 32733
100879 32499
101315 33036
100892 32571
101143 32796
101122 32910
101393 33573
100938 32505
101671 33531
100964 32457
