129442 40794
129623 41103
129607 41085
129506 40929
129681 41046
129561 41187
129356 40947
129704 41244
129498 41010
129860 41496
129585 41175
129953 41505
129657 41073
129768 41523
129753 41301
129439 41016
130030 41745
129568 41130
129471 41247
129731 41433
129641 41091
129634 40998
129912 41565
129603 40824
129724 40929
129624 41112
129496 40947
129834 41241
129637 41028
129639 41037
130244 41934
129506 41088
129946 41805
129491 41016
129467 40935
129636 41187
130091 41934
129558 40902
129705 41163
129526 41019
130019 41505
129728 40857
129586 41028
130195 41664
129539 41004
129588 40962
129360 41019
129453 41226
130115 41529
129891 41340
129865 41478
129438 40839
130064 41619
129612 41157
130167 41472
130210 41802
129602 41061
129799 41253
129476 41160
129765 41994
129592 41073
129572 41097
129796 41103
129548 41154
129546 41178
129861 41904
129379 41088
130523 41751
129501 40962
129485 40935
129856 41655
129741 41067
129945 41763
130001 41304
129659 41085
129412 41178
131119 42456
129723 41028
129712 41214
130849 42510
129765 41499
129939 40857
129674 40875
129753 41055
130961 42888
129854 40917
129734 40863
129799 40809
129997 41436
129726 41163
130042 41442
129742 41214
131300 42231
129736 40728
129701 41016
129692 41100
129661 41097
131834 43305
129632 40869
129781 41049
