763382 204687
763474 205050
763292 204411
763180 204111
763859 206070
763203 204891
763486 205527
763632 205539
762966 204411
763668 205926
763147 204948
763404 205317
763725 205773
763388 204915
763420 204468
763694 205350
763385 204831
763216 205269
763036 204537
763963 205767
763815 205713
763309 204849
763259 205026
764051 205569
763072 204681
763049 204903
764286 205599
763616 205443
764701 207927
763090 204594
763404 204990
763808 205440
764854 207051
763355 204975
763327 205116
765060 207864
763005 204957
762963 205044
763441 205266
764946 207678
763142 205047
762955 204708
763314 205122
764840 206832
763225 204786
763308 205119
763049 204717
764194 205584
763042 204711
763232 205320
764590 206544
763277 205326
764161 205491
763319 205233
763211 204681
764559 207129
763224 204420
763295 205092
763619 205221
765356 207087
763237 204723
763060 204567
763578 205245
763531 205449
766125 209040
763403 204828
763446 205317
764096 205944
764830 207048
763383 204765
763314 205470
763132 205185
764397 206016
763111 204669
763253 205212
763578 205095
764622 206169
763246 205185
763402 204948
762935 204564
763805 205635
763990 206007
764207 206088
763187 204381
763075 205317
765000 206349
763744 205797
763057 204984
764400 206235
765096 207156
763034 204801
763320 204894
763235 204762
764902 207012
762847 204765
763132 204843
764079 205773
763293 204525
763035 204660
765673 208329
