17883 51925
17915 51893
17859 51949
17932 51876
17926 51882
17974 51834
17948 51860
17972 51836
17879 51929
18048 51760
17939 51869
17898 51910
18014 51794
17992 51816
17969 51839
17975 51833
17989 51819
18043 51765
18029 51779
18020 51788
18016 51792
18000 51808
18044 51764
17994 51814
18065 51743
18023 51785
18088 51720
18054 51754
18103 51705
18027 51781
18057 51751
18106 51702
18075 51733
18084 51724
18080 51728
18107 51701
18135 51673
18126 51682
18109 51699
18117 51691
18100 51708
18197 51611
18137 51671
18142 51666
18146 51662
18200 51608
18229 51579
18188 51620
18112 51696
18179 51629
18120 51688
18147 51661
18174 51634
18119 51689
18204 51604
18199 51609
18173 51635
18245 51563
18242 51566
18238 51570
18198 51610
18221 51587
18181 51627
18313 51495
18238 51570
18258 51550
18268 51540
18254 51554
18244 51564
18282 51526
18296 51512
18182 51626
18266 51542
18260 51548
18316 51492
18279 51529
18272 51536
18337 51471
18325 51483
18301 51507
18366 51442
18353 51455
18322 51486
18358 51450
18402 51406
18343 51465
18396 51412
18385 51423
18356 51452
18394 51414
18440 51368
18423 51385
18456 51352
18454 51354
18218 51590
18362 51446
18293 51515
18320 51488
18257 51551
18316 51492
