263571 78093
263911 78111
263591 77865
263670 77799
263700 77901
263476 77535
263624 77874
263594 77979
264096 78777
263662 77883
264207 78777
263367 77496
263633 77883
263870 78270
264141 78435
263945 78261
263546 78081
264306 79554
263662 78024
263646 78051
263614 78039
263580 77712
263675 78006
264477 79611
263685 78024
264554 78705
263465 77529
263701 77910
265257 79962
263465 77925
263886 77973
264365 78906
263459 77670
263508 77580
263515 77949
263755 78009
264952 79452
263748 77829
263543 77676
263578 77898
263871 78183
265181 79440
263631 77766
263755 77586
264180 78225
263781 77793
264178 78147
263656 77505
264219 78540
263572 78012
263504 78024
264257 78498
263915 78294
263449 77427
264208 78597
263621 77694
264554 79233
263636 77823
263437 77724
263611 77952
264225 78783
263407 77397
263311 77421
263894 77976
264110 78558
263529 77709
264417 78339
263487 77616
263620 77634
263910 78564
263710 77916
263858 77817
264397 78033
264192 78513
263729 77895
263716 77550
264029 78228
263901 77607
263723 77622
264168 78387
265027 78786
264047 77898
264197 78525
263890 77631
263990 77766
265367 79038
263653 77421
263716 77553
263829 77874
264237 78291
264172 78573
264840 78753
263808 77796
263659 77958
265389 79179
263754 78135
264810 78663
263753 77925
264271 78696
264557 78888
