277 216
263 201
272 195
275 189
272 192
276 195
294 219
287 198
294 198
279 207
291 186
292 189
342 243
295 180
297 183
351 243
291 198
316 216
301 192
302 201
300 195
356 189
327 204
319 204
320 195
366 195
439 234
363 204
313 198
318 198
308 198
310 192
293 174
303 204
306 210
294 189
299 192
289 189
297 234
289 186
276 192
265 201
290 210
281 180
272 201
272 195
284 195
258 174
259 174
272 195
266 198
271 192
274 192
277 201
264 189
297 231
305 192
281 189
271 195
285 231
288 198
308 189
358 258
292 198
288 213
287 183
298 201
308 180
327 222
307 198
313 213
304 204
323 222
307 186
382 201
323 201
393 216
315 192
301 201
337 225
300 195
307 210
375 261
297 183
296 195
309 195
314 195
300 189
294 213
287 189
282 195
314 210
286 174
271 186
317 222
268 189
281 192
271 213
277 213
268 192
