158689 49392
158528 49017
158557 49278
158445 49101
158603 49185
158602 49164
158594 49539
159009 49866
158670 49272
158921 49887
158457 49065
158687 49278
158850 50052
158794 49638
158554 49230
158878 49722
158548 49329
159083 50166
158405 49212
158626 49284
159752 51405
158416 49110
158647 49338
158352 49410
159300 50532
158597 49149
158653 49167
158626 49395
159367 50712
158729 49149
158637 49146
159069 50154
158484 49197
158747 49344
158659 49548
158502 49209
158676 49572
158700 49362
158459 49638
159618 50757
158632 49335
158768 49287
158802 49488
158666 49236
158715 49995
158615 49158
158546 49197
158579 49284
158765 49248
158642 49062
158945 49230
158624 49176
159208 49929
158610 49242
159579 50745
158801 49182
158737 49263
158462 49050
159036 49611
158870 49458
158657 49206
158707 49206
159041 49614
159404 50052
158594 49062
158756 49275
158587 49233
158851 49923
158790 49062
159462 49917
158543 49215
159538 50721
158584 49236
158592 49326
158908 49845
158634 49239
158883 49152
159044 50424
158721 49260
158358 49056
159565 49776
158559 49134
158880 50127
158508 49245
159429 50232
158747 49329
158643 49422
158931 50148
158593 49185
158626 49446
159318 50118
160458 50742
158596 49200
159326 50007
159246 50004
158857 49215
159050 49812
158912 49368
159359 50484
158745 49347
