277940 814988
278050 814878
278014 814914
277945 814983
278049 814879
278059 814869
278036 814892
278112 814816
278041 814887
278238 814690
278397 814531
278150 814778
278030 814898
277990 814938
277792 815136
278421 814507
278230 814698
278016 814912
278135 814793
278314 814614
278239 814689
278189 814739
278302 814626
278312 814616
278374 814554
278530 814398
278484 814444
278181 814747
278237 814691
278340 814588
278300 814628
278218 814710
278438 814490
278400 814528
278358 814570
278637 814291
278171 814757
278443 814485
278457 814471
278294 814634
278496 814432
278622 814306
278469 814459
278519 814409
278583 814345
278563 814365
278370 814558
278606 814322
278584 814344
278587 814341
278350 814578
278336 814592
278420 814508
278527 814401
278490 814438
278476 814452
278625 814303
278314 814614
278554 814374
278350 814578
278738 814190
278605 814323
278603 814325
278851 814077
278697 814231
278802 814126
278707 814221
278821 814107
278599 814329
278845 814083
278557 814371
278710 814218
278729 814199
278482 814446
278614 814314
278575 814353
278565 814363
278599 814329
278741 814187
278730 814198
278720 814208
278863 814065
278730 814198
278679 814249
278918 814010
278657 814271
278892 814036
278900 814028
278836 814092
278929 813999
278681 814247
279126 813802
278664 814264
278957 813971
278800 814128
279074 813854
279049 813879
278839 814089
278742 814186
279070 813858
