129918 380546
130111 380353
130010 380454
130145 380319
130033 380431
130075 380389
130143 380321
130122 380342
130128 380336
129959 380505
130211 380253
130165 380299
130147 380317
130106 380358
130209 380255
130092 380372
130092 380372
130268 380196
130143 380321
130086 380378
130164 380300
130208 380256
130219 380245
130434 380030
130329 380135
130182 380282
130203 380261
130229 380235
130243 380221
130280 380184
130416 380048
130462 380002
130374 380090
130345 380119
130327 380137
130229 380235
130426 380038
130365 380099
130389 380075
130314 380150
130377 380087
130487 379977
130321 380143
130447 380017
130488 379976
130503 379961
130437 380027
130433 380031
130391 380073
130487 379977
130414 380050
130439 380025
130502 379962
130424 380040
130443 380021
130313 380151
130413 380051
130457 380007
130368 380096
130656 379808
130530 379934
130595 379869
130568 379896
130543 379921
130727 379737
130507 379957
130500 379964
130658 379806
130638 379826
130530 379934
130693 379771
130413 380051
130380 380084
130612 379852
130416 380048
130661 379803
130619 379845
130582 379882
130701 379763
130577 379887
130543 379921
130676 379788
130565 379899
130681 379783
130760 379704
130638 379826
130675 379789
130636 379828
130688 379776
130742 379722
130749 379715
130807 379657
130720 379744
130859 379605
130699 379765
130769 379695
130830 379634
130889 379575
130795 379669
130936 379528
