532629 147399
532512 147495
532752 147501
532538 147252
532814 148173
532660 146937
532661 147747
532809 147030
532331 147492
532964 147396
532846 148152
532360 147450
533131 148479
532353 147168
532110 147285
532534 147444
532432 147405
533013 148071
532309 147312
532353 147303
532340 147126
533403 147975
532807 146931
532288 146844
532461 147342
533284 148338
532497 147891
532644 147600
532524 147027
532470 147138
533491 148128
532484 147204
532525 146520
532429 147693
532670 147189
532752 147318
532800 147579
533201 147966
532615 147480
533927 149151
532277 147282
532541 146760
532678 147471
532460 146808
532730 147024
532991 147474
532472 147102
533304 148128
532456 147276
533815 148413
532606 146598
532714 147606
534775 150459
533273 147450
533107 147900
532277 146904
533194 147684
532443 146994
532758 147405
532260 147423
532871 147186
533539 148248
532391 146853
532135 147429
533811 149364
534415 148866
532352 146583
532559 147132
532804 147549
534075 148740
532513 147234
532584 146949
533448 148398
533179 147261
533015 147390
533925 147789
534023 149091
534439 148257
532711 147138
532807 147324
533017 147483
534008 148992
533880 148179
532888 147603
532815 147330
532922 147843
532735 147345
533704 148032
532614 147519
533912 149235
533096 147618
533691 149226
532578 147240
533404 149031
532658 147108
533816 149196
532489 147036
532634 147606
532779 147258
532794 148185
