730395 197085
730097 196995
730275 197121
730025 196587
729969 197109
731033 198699
730300 196800
730255 196698
730031 196413
730012 197220
730594 197466
730016 196941
730440 197727
730515 197832
729908 196530
729588 196584
730164 196920
730218 197004
729975 196653
730926 198165
730904 197895
729906 196605
729750 196698
731432 197958
729800 196530
730168 196977
730142 197454
731980 199569
729941 196560
730327 197064
730479 196839
730108 196743
730448 197100
730376 196866
730356 197220
730692 198183
729997 196779
729670 196605
729886 196875
729878 196974
730347 197328
731705 200025
730496 197232
729992 196842
730643 197832
730128 197562
732561 200148
730034 196803
730549 197739
732967 200481
729754 196722
730159 196899
730271 197079
732144 200352
730525 196680
730485 197700
730192 197169
731266 197997
730133 196833
729966 197031
730695 197631
730038 196533
730256 196941
730254 197277
730707 197880
731286 198954
729940 196746
732240 199980
730083 196485
733037 200760
730147 196791
731299 198810
730155 196743
730181 197388
731611 199578
730089 196872
730059 197514
730281 196857
731471 197583
730837 197820
730429 197814
730332 197283
729711 196311
729813 196203
730075 196722
730425 196758
731764 199194
729817 196710
731626 199527
729867 196899
730060 197415
731916 198600
729848 196821
730026 197280
732644 199188
730128 196593
730793 197706
730339 197016
731302 197805
730702 196800
