341136 98241
341014 98397
340962 98424
341007 98541
341163 98883
341093 98715
341182 98910
340877 98067
340887 98865
341549 99345
341295 98583
340968 98289
341233 98310
341454 99129
341059 98553
341284 98589
341424 98934
340719 98265
341043 98652
341845 100344
340816 98490
340663 98352
341374 98979
340867 98463
341288 98907
341864 99711
341489 98922
341111 98475
341074 98487
342402 100140
341163 98724
341568 99297
341735 99261
341079 98646
341762 99261
340961 98124
340813 98388
341197 98730
341248 98940
341175 98628
341607 99015
340901 98487
341151 98541
341961 98985
341145 98247
341078 98304
341829 98955
341228 98646
341737 99510
340918 98055
341491 98646
342398 99933
341041 98148
340723 98106
341186 98448
341327 98691
341023 98667
341925 100152
341173 98553
342153 99207
341343 98472
342273 101139
341262 98712
342141 99405
341257 98982
341025 98082
340998 97965
341170 98619
342071 99633
341438 98394
341123 98604
341204 98658
342999 100998
341038 98598
343737 101157
341086 98211
342021 99699
340937 98547
343494 100647
340890 98283
340856 98394
342309 100023
340945 97926
340811 98334
342266 99570
340951 98454
340856 98667
343089 100113
340645 98397
343079 100437
341184 98550
342413 100587
340835 98301
341777 99351
340973 98250
341530 99057
341182 98190
341225 98349
343069 100290
340996 98091
