548475 151098
548824 151476
548538 151200
548682 151488
548637 151293
549024 151308
549487 152883
548967 151143
548423 150555
548889 152037
548937 152046
548749 151353
549152 151911
548751 151485
548509 150972
548825 151707
549537 152364
548859 151479
548663 151356
549274 151539
549043 151566
548823 151719
550146 153813
548823 151416
549947 152559
548813 151224
548599 151704
549374 151782
549723 152163
549880 152520
549066 151476
548836 151068
548878 151230
548633 151056
548714 151524
549049 151770
548735 151611
549550 152082
548641 151035
548892 150930
548783 151083
548904 151245
549528 152199
548634 151629
550252 152802
549355 151674
548657 151167
549768 152856
548797 151344
550932 153945
548555 151275
549032 151878
548598 151524
550264 153837
548815 151317
549101 152052
548688 151470
549128 151653
549892 153318
548815 151080
550884 153855
549085 151575
550656 153426
548678 150858
549068 151641
551208 154326
548742 150987
548780 151593
549029 151737
549460 152187
548748 151041
550644 154020
549142 151503
549111 151869
549626 152691
549065 151506
550186 152997
550360 152733
549551 151626
549209 151776
550801 152373
549145 151167
551133 154176
548774 150933
551094 153102
549262 151194
548821 151389
550578 153246
549078 151785
550444 153579
548972 151605
550055 153192
549025 151656
550344 152709
549122 152040
549370 151848
549689 152124
549320 152064
548618 151383
551360 154254
