597477 163680
598282 164106
598115 164268
597697 164004
597878 164466
598140 164424
597968 164067
598319 164145
597612 163533
598574 165231
598495 164070
597801 164334
598008 164121
598098 164133
597668 163935
597900 164094
598388 164799
598645 164973
598526 163815
598098 164256
597853 163773
598790 165174
598076 164616
599543 167088
598128 163671
598352 164370
598233 164703
598813 165216
599225 166512
597807 163842
598514 164544
597967 163782
597889 164214
597852 163608
598175 164262
598308 163980
597784 163944
598037 164364
597835 164157
599723 166434
598271 164502
599141 165156
598234 164169
598194 163815
598213 163872
598659 164580
598207 164385
598882 165114
597889 164043
598101 163905
598029 163974
597812 163851
599207 165159
598093 163782
598027 163740
598775 164442
598230 164850
599922 167217
598086 164514
598209 164445
597895 164238
597946 164004
598543 164574
598291 164133
597898 164037
599151 165990
597954 163872
598273 164451
597948 164118
597862 164070
599409 165756
597921 163902
599554 164715
598226 163800
598005 164196
598604 164886
599423 165900
597905 163761
598267 164478
599308 164997
598151 164280
598056 164322
598239 164202
600875 166977
598839 164067
598192 164172
598406 163707
597841 163740
600699 165507
598636 164604
598112 163842
599475 166656
598159 164088
597987 163986
598634 164136
598996 164958
598031 163875
599513 165660
598387 164019
599464 165306
