98572 288660
98653 288579
98714 288518
98663 288569
98827 288405
98786 288446
98659 288573
98787 288445
98802 288430
98734 288498
98825 288407
98786 288446
98637 288595
98868 288364
98867 288365
98774 288458
98885 288347
98709 288523
98875 288357
98820 288412
99100 288132
98883 288349
98829 288403
98895 288337
99103 288129
99077 288155
98776 288456
98949 288283
98837 288395
98942 288290
98880 288352
98959 288273
98995 288237
98906 288326
98918 288314
99007 288225
99076 288156
98867 288365
99021 288211
98998 288234
99051 288181
98917 288315
99085 288147
98991 288241
98839 288393
98960 288272
98900 288332
99033 288199
99087 288145
99133 288099
99092 288140
99093 288139
99146 288086
98975 288257
99166 288066
98988 288244
98956 288276
99021 288211
98979 288253
99107 288125
99099 288133
99091 288141
98983 288249
99262 287970
99117 288115
99178 288054
99140 288092
99404 287828
99058 288174
99106 288126
99336 287896
99344 287888
99129 288103
99264 287968
99123 288109
99179 288053
99148 288084
99300 287932
99209 288023
99268 287964
99382 287850
99237 287995
99319 287913
99190 288042
99208 288024
99323 287909
99340 287892
99501 287731
99286 287946
99275 287957
99342 287890
99491 287741
99354 287878
99442 287790
99590 287642
99394 287838
99389 287843
99357 287875
99337 287895
99437 287795
