663673 180678
663993 181260
664678 182040
664086 180474
663803 180600
664195 181236
663862 180474
663584 180063
663933 180225
663855 180555
663924 180762
664553 180810
663807 180585
664559 181962
663701 180546
664378 181242
664205 180567
664030 180333
663622 180027
663704 180120
663403 179856
663534 180492
665725 183435
663699 180738
664695 181965
664133 180666
663980 180468
664478 181605
664065 180690
664826 182319
663986 180465
663799 180321
663956 180891
665849 183381
664143 180693
664518 180675
664295 180888
663503 180369
663935 180861
665163 182361
663838 180468
664004 180711
664916 182214
663883 180120
664241 180690
663996 180693
664252 180807
665424 183921
664005 180531
664347 180756
664846 181392
664286 180867
664856 181467
664120 180573
663439 180591
664578 181317
664168 180798
664242 180975
663954 180516
664307 181158
663775 180258
664116 180954
664419 181368
664200 181590
664167 180984
664358 180942
664199 181545
663908 180864
666379 183732
664177 180111
663643 180402
664811 181557
664806 180987
665295 182091
663794 180999
665378 182958
664036 181029
666133 183669
664142 180978
666060 183561
665787 182373
664129 180939
667254 183327
664351 180981
664032 180822
663926 180834
665378 182331
665983 182679
664136 180339
665045 182028
664012 180387
664422 181326
663966 180393
666241 182316
664033 181011
668029 183522
664713 180777
664071 180486
664698 181377
663886 180342
