90938 266294
90945 266287
90989 266243
91042 266190
91016 266216
91024 266208
91007 266225
91039 266193
91183 266049
90946 266286
91015 266217
91085 266147
91172 266060
91167 266065
91113 266119
91024 266208
91122 266110
91243 265989
91185 266047
91030 266202
91148 266084
91089 266143
91113 266119
91133 266099
91290 265942
91198 266034
91091 266141
91180 266052
91240 265992
91234 265998
91274 265958
91334 265898
91313 265919
91116 266116
91355 265877
91319 265913
91203 266029
91223 266009
91318 265914
91387 265845
91306 265926
91246 265986
91378 265854
91348 265884
91336 265896
91311 265921
91362 265870
91444 265788
91431 265801
91427 265805
91392 265840
91329 265903
91246 265986
91333 265899
91389 265843
91514 265718
91364 265868
91327 265905
91502 265730
91330 265902
91337 265895
91491 265741
91373 265859
91381 265851
91480 265752
91417 265815
91364 265868
91508 265724
91578 265654
91498 265734
91478 265754
91534 265698
91425 265807
91472 265760
91492 265740
91528 265704
91633 265599
91648 265584
91573 265659
91500 265732
91441 265791
91564 265668
91523 265709
91510 265722
91727 265505
91651 265581
91604 265628
91604 265628
91783 265449
91637 265595
91620 265612
91462 265770
91729 265503
91695 265537
91595 265637
91733 265499
91834 265398
91723 265509
91751 265481
91767 265465
