248177 73236
248365 73569
248741 74100
248240 73842
248952 74838
248390 73587
248282 73812
248461 73947
248532 73599
248552 73992
248242 73938
248112 73221
248786 74655
248051 73410
248039 73239
247955 73383
248630 74394
248325 73803
248967 74955
248001 73467
248317 73746
248850 74697
248502 74355
248265 73776
248423 73575
248590 73710
248363 73914
248669 74190
248417 73593
248318 73380
248257 73659
248617 73968
248469 73641
248675 73860
248255 73695
248421 73539
248289 73443
249545 75000
248287 73593
248592 73779
248880 74592
248779 74121
248325 73785
248602 73638
248335 73608
249134 74340
248898 73896
248559 73800
249144 75279
248365 73614
248242 73512
248712 74208
248732 73737
248267 73653
249189 74700
248235 73551
249326 75192
248333 73512
248471 73794
249625 75108
248431 73620
248303 73686
248190 73674
249457 75552
248432 73728
248127 73506
248016 73392
248431 74202
249288 73845
248351 73887
249292 74712
248339 73596
248459 73659
249507 74925
248437 73641
248982 74061
248489 73983
248224 73455
249444 74064
248298 73572
249837 74985
249919 74874
248537 73683
248762 74130
248450 73713
248489 73749
249576 75495
248252 73491
248060 73401
248458 73797
249091 74955
249411 74595
248552 73470
248742 73716
248985 74226
248642 73668
248374 73629
248642 74772
248935 74052
248262 73503
