202913 595551
202737 595727
203161 595303
203094 595370
202973 595491
203178 595286
203076 595388
203043 595421
203195 595269
202765 595699
202986 595478
203056 595408
203132 595332
203017 595447
203070 595394
203025 595439
203022 595442
203090 595374
203243 595221
203096 595368
203255 595209
203178 595286
203261 595203
203240 595224
203138 595326
203082 595382
203073 595391
203277 595187
203023 595441
203286 595178
203132 595332
203139 595325
203213 595251
203329 595135
203365 595099
203380 595084
203165 595299
203341 595123
203424 595040
203366 595098
203326 595138
203133 595331
203552 594912
203378 595086
203381 595083
203347 595117
203429 595035
203592 594872
203344 595120
203461 595003
203527 594937
203596 594868
203264 595200
203331 595133
203404 595060
203555 594909
203484 594980
203382 595082
203421 595043
203428 595036
203431 595033
203586 594878
203461 595003
203442 595022
203653 594811
203522 594942
203529 594935
203357 595107
203560 594904
203567 594897
203738 594726
203507 594957
203465 594999
203605 594859
203607 594857
203488 594976
203645 594819
203889 594575
203736 594728
203662 594802
203548 594916
203567 594897
203821 594643
203617 594847
203492 594972
203761 594703
203661 594803
203441 595023
203735 594729
203692 594772
203733 594731
203922 594542
203891 594573
203626 594838
203619 594845
203730 594734
203858 594606
203805 594659
203927 594537
203799 594665
