286760 840168
286623 840305
286641 840287
286855 840073
286351 840577
286675 840253
286662 840266
286746 840182
286690 840238
286607 840321
286723 840205
286853 840075
286726 840202
286822 840106
286651 840277
286621 840307
286805 840123
286778 840150
286966 839962
286845 840083
286778 840150
286744 840184
286872 840056
286693 840235
286672 840256
287011 839917
287049 839879
287076 839852
287041 839887
286941 839987
287004 839924
287096 839832
287152 839776
287027 839901
287096 839832
287171 839757
287014 839914
286945 839983
287167 839761
287006 839922
287122 839806
286957 839971
287058 839870
287166 839762
286997 839931
286945 839983
287086 839842
286862 840066
287138 839790
286922 840006
286791 840137
286942 839986
286908 840020
287109 839819
287177 839751
287345 839583
287351 839577
287015 839913
287154 839774
287394 839534
287255 839673
287192 839736
287248 839680
287268 839660
287318 839610
287060 839868
287266 839662
287193 839735
287109 839819
287218 839710
287415 839513
287633 839295
287382 839546
287244 839684
287465 839463
287172 839756
287227 839701
287316 839612
287362 839566
287455 839473
287389 839539
287367 839561
287340 839588
287175 839753
287418 839510
287378 839550
287357 839571
287260 839668
287400 839528
287246 839682
287234 839694
287433 839495
287543 839385
287604 839324
287457 839471
287421 839507
287378 839550
287439 839489
287581 839347
287446 839482
