647437 176751
647636 176844
647302 176508
647689 176955
647397 176364
647324 176448
647625 176349
647856 177123
648570 178368
647722 175950
647069 176079
647669 176571
647120 176703
647936 178014
647799 177399
647494 176241
647119 176091
647327 176850
648245 178086
647205 176607
648136 177480
647342 176496
647806 176733
647397 176517
647386 176457
647615 176325
647126 176106
647590 176406
648231 177402
647527 176742
647749 176964
647400 176901
648130 177150
647245 176634
647392 177027
648460 178107
647265 176622
647574 176883
647027 176097
647445 176508
648593 177573
647205 176046
647532 176097
647369 176712
649355 179127
647193 176304
647460 176469
647463 176907
648101 177684
648515 177168
647191 176256
647358 176814
650035 180867
647797 176199
647364 176259
647802 176076
647600 176556
648829 178833
647590 176187
647273 175923
647967 176799
647533 176529
648652 176871
647814 176664
647313 176610
647523 176403
648656 178026
647737 176526
647488 176220
647342 176235
647106 176175
647573 176628
647445 176514
651077 180048
647837 176625
647665 176358
647797 177387
650180 178914
647112 176163
647407 176259
647660 176385
647946 177231
647475 177252
649874 180111
647181 176523
648536 177396
647524 176304
648093 176961
649989 179922
647483 176595
648863 177696
647783 176931
651685 181107
647455 176196
648858 177750
648134 176499
647719 176382
647494 176826
647375 176310
647659 176829
