382032 1118896
382219 1118709
382352 1118576
382169 1118759
382208 1118720
382245 1118683
382330 1118598
382453 1118475
382441 1118487
382339 1118589
382441 1118487
382232 1118696
382174 1118754
382254 1118674
382422 1118506
382329 1118599
382635 1118293
382237 1118691
382174 1118754
382342 1118586
382182 1118746
382449 1118479
382537 1118391
382273 1118655
382386 1118542
382732 1118196
382638 1118290
382503 1118425
382859 1118069
382472 1118456
382473 1118455
382532 1118396
382423 1118505
382377 1118551
382399 1118529
382606 1118322
382715 1118213
382498 1118430
382493 1118435
382865 1118063
382677 1118251
382648 1118280
382868 1118060
382551 1118377
382844 1118084
382770 1118158
382635 1118293
382395 1118533
382696 1118232
382352 1118576
382825 1118103
382920 1118008
382788 1118140
382789 1118139
382758 1118170
382549 1118379
382658 1118270
382490 1118438
382734 1118194
382877 1118051
382776 1118152
382713 1118215
383049 1117879
382809 1118119
382810 1118118
382935 1117993
382705 1118223
382929 1117999
382832 1118096
382795 1118133
382736 1118192
383066 1117862
382962 1117966
382943 1117985
382914 1118014
383251 1117677
382837 1118091
383041 1117887
382968 1117960
382652 1118276
383227 1117701
383096 1117832
382967 1117961
383106 1117822
383360 1117568
383207 1117721
382715 1118213
382700 1118228
383061 1117867
383123 1117805
383238 1117690
382942 1117986
383251 1117677
383325 1117603
382878 1118050
382842 1118086
382966 1117962
383103 1117825
383104 1117824
382890 1118038
