217504 65199
217886 65295
217823 65235
217628 65202
217726 65424
217720 64974
217696 65274
217910 65307
217824 65220
217701 65397
217662 65076
217878 65388
217700 65010
218170 66057
217869 65277
218078 65835
218314 66036
217658 65325
217769 65208
217902 65463
218346 66243
217863 65229
218395 66051
217741 64935
218089 65514
217897 65256
217948 65364
218081 65400
218292 66261
218446 66054
217859 65148
217848 65223
217864 65169
219224 66702
217669 65106
218511 66063
217885 64980
217820 64962
217908 65193
217679 65313
217905 65475
218893 66690
217687 65037
217833 65541
218829 66765
217834 65262
217816 65133
217720 65253
218549 65430
217891 65091
218161 66039
217706 64986
217700 64929
218714 66420
217663 64938
217923 65235
217608 65238
218436 66168
217726 65298
217619 64977
218172 66159
218815 66522
217795 64986
218115 65310
217773 65256
218270 66195
218857 66165
218200 65193
218181 65301
218829 66378
218044 65550
218376 65952
218781 66138
218723 66189
217791 64923
218050 65307
218920 66246
217681 65115
218753 66039
217710 65382
218016 65559
218565 65628
217731 65526
218770 66315
218080 65166
217887 65118
220328 67854
217771 65103
217837 65178
218138 66342
217817 65142
218198 66747
217963 65262
218169 66177
218728 65997
218683 65703
217557 64758
217971 65085
217945 65082
218049 65667
