399912 1169016
400198 1168730
399810 1169118
400017 1168911
399959 1168969
400120 1168808
399879 1169049
400178 1168750
399961 1168967
400196 1168732
400133 1168795
400136 1168792
400416 1168512
400360 1168568
400178 1168750
400165 1168763
400286 1168642
400058 1168870
399845 1169083
400129 1168799
400262 1168666
400321 1168607
400261 1168667
400024 1168904
400112 1168816
400426 1168502
400185 1168743
400188 1168740
400065 1168863
400126 1168802
400359 1168569
400254 1168674
400315 1168613
400284 1168644
400250 1168678
400358 1168570
400303 1168625
400313 1168615
400236 1168692
400349 1168579
400533 1168395
400133 1168795
400450 1168478
400478 1168450
400720 1168208
400610 1168318
400458 1168470
400098 1168830
400414 1168514
400459 1168469
400405 1168523
400510 1168418
400723 1168205
400434 1168494
400576 1168352
400368 1168560
400328 1168600
400342 1168586
400613 1168315
400550 1168378
400628 1168300
400430 1168498
400512 1168416
400300 1168628
400631 1168297
400846 1168082
400604 1168324
400578 1168350
400815 1168113
400587 1168341
400715 1168213
400699 1168229
400720 1168208
400833 1168095
400672 1168256
400594 1168334
400821 1168107
400333 1168595
400892 1168036
400606 1168322
400519 1168409
400786 1168142
400973 1167955
400894 1168034
401084 1167844
400710 1168218
400791 1168137
400927 1168001
400862 1168066
400827 1168101
400645 1168283
400885 1168043
401108 1167820
400869 1168059
400825 1168103
400823 1168105
400784 1168144
400912 1168016
400772 1168156
400699 1168229
