92 87
77 72
93 78
85 66
97 75
93 66
98 78
84 66
113 78
119 75
128 69
100 72
105 78
101 72
87 72
92 69
94 69
80 66
82 72
82 75
84 75
88 75
84 72
82 66
90 69
91 63
93 72
91 66
118 75
104 81
119 75
126 72
103 66
94 66
100 72
84 72
96 90
90 75
101 90
81 75
80 66
85 84
84 75
89 78
90 72
91 69
87 78
93 75
95 75
97 72
107 66
128 69
93 78
117 75
128 84
91 69
94 78
90 72
91 66
82 69
89 75
82 69
91 90
84 78
81 69
87 75
89 78
91 84
87 75
96 75
101 69
107 69
103 84
126 78
83 69
95 75
87 75
117 84
87 63
93 96
82 66
88 75
80 78
88 75
86 78
86 78
81 69
80 63
94 78
86 66
127 78
102 72
103 69
101 66
126 84
91 69
95 69
102 81
84 84
96 96
