228129 666335
228375 666089
228288 666176
228461 666003
227966 666498
228248 666216
228264 666200
228452 666012
228183 666281
228371 666093
228518 665946
228483 665981
228414 666050
228585 665879
228317 666147
228446 666018
228409 666055
228471 665993
228560 665904
228342 666122
228466 665998
228455 666009
228428 666036
228373 666091
228423 666041
228571 665893
228448 666016
228736 665728
228628 665836
228433 666031
228456 666008
228584 665880
228527 665937
228542 665922
228665 665799
228455 666009
228616 665848
228718 665746
228454 666010
228538 665926
228672 665792
228494 665970
228674 665790
228644 665820
228709 665755
228694 665770
228801 665663
228692 665772
228739 665725
228672 665792
228672 665792
228686 665778
228667 665797
228905 665559
228859 665605
228783 665681
228626 665838
228740 665724
228930 665534
228752 665712
228675 665789
228756 665708
228632 665832
228538 665926
228840 665624
228909 665555
228725 665739
228840 665624
228850 665614
228798 665666
228734 665730
228866 665598
228923 665541
228973 665491
229032 665432
228896 665568
228717 665747
228973 665491
229014 665450
228862 665602
228964 665500
229163 665301
229110 665354
229093 665371
228879 665585
228937 665527
228930 665534
229097 665367
229069 665395
229091 665373
228940 665524
228873 665591
229296 665168
229147 665317
229077 665387
229175 665289
229127 665337
229101 665363
228986 665478
229140 665324
