170340 500124
170305 500159
170319 500145
170378 500086
170321 500143
170267 500197
170407 500057
170274 500190
170279 500185
170333 500131
170373 500091
170535 499929
170257 500207
170448 500016
170430 500034
170370 500094
170526 499938
170482 499982
170455 500009
170531 499933
170567 499897
170431 500033
170600 499864
170595 499869
170450 500014
170430 500034
170371 500093
170758 499706
170417 500047
170452 500012
170640 499824
170597 499867
170450 500014
170441 500023
170512 499952
170611 499853
170542 499922
170515 499949
170436 500028
170625 499839
170779 499685
170592 499872
170727 499737
170729 499735
170664 499800
170700 499764
170472 499992
170513 499951
170887 499577
170647 499817
170651 499813
170745 499719
170738 499726
170592 499872
170759 499705
170664 499800
170822 499642
170703 499761
170660 499804
170832 499632
170630 499834
170921 499543
170649 499815
170803 499661
170840 499624
171053 499411
170872 499592
170971 499493
170694 499770
170866 499598
170986 499478
170910 499554
170722 499742
170851 499613
170689 499775
170899 499565
170908 499556
170727 499737
171002 499462
170925 499539
170956 499508
170790 499674
171101 499363
171117 499347
170939 499525
171116 499348
171075 499389
170992 499472
171138 499326
170875 499589
170940 499524
170766 499698
171045 499419
170865 499599
170847 499617
170994 499470
171158 499306
170887 499577
171066 499398
170943 499521
