303159 891769
302945 891983
303042 891886
303356 891572
303168 891760
303108 891820
303211 891717
303317 891611
303261 891667
303200 891728
303306 891622
303137 891791
303234 891694
303298 891630
303046 891882
303098 891830
303165 891763
303095 891833
303378 891550
303254 891674
303160 891768
303270 891658
303234 891694
303178 891750
303182 891746
303486 891442
303267 891661
303362 891566
303284 891644
303474 891454
303480 891448
303140 891788
303237 891691
303379 891549
303561 891367
303614 891314
303306 891622
303239 891689
303465 891463
303356 891572
303561 891367
303382 891546
303675 891253
303422 891506
303533 891395
303514 891414
303680 891248
303402 891526
303374 891554
303581 891347
303620 891308
303366 891562
303551 891377
303671 891257
303644 891284
303632 891296
303581 891347
303815 891113
303609 891319
303409 891519
303719 891209
303713 891215
303710 891218
303804 891124
303607 891321
303806 891122
303684 891244
303775 891153
303864 891064
303859 891069
303939 890989
303763 891165
303907 891021
303937 890991
303771 891157
303931 890997
303688 891240
303801 891127
303599 891329
303746 891182
303901 891027
303628 891300
303728 891200
303829 891099
303731 891197
303857 891071
303742 891186
303575 891353
303737 891191
303732 891196
303726 891202
303905 891023
303937 890991
303964 890964
304143 890785
303742 891186
303757 891171
303840 891088
303847 891081
303918 891010
