220318 642146
220204 642260
220079 642385
220127 642337
220131 642333
219867 642597
220093 642371
220001 642463
220172 642292
220012 642452
220111 642353
220154 642310
220177 642287
220216 642248
220168 642296
220035 642429
220431 642033
220275 642189
220388 642076
220128 642336
220312 642152
220294 642170
220112 642352
220366 642098
220290 642174
220288 642176
220417 642047
220377 642087
220320 642144
220151 642313
220299 642165
220249 642215
220241 642223
220385 642079
220270 642194
220278 642186
220370 642094
220433 642031
220229 642235
220309 642155
220407 642057
220183 642281
220389 642075
220334 642130
220492 641972
220295 642169
220425 642039
220472 641992
220512 641952
220389 642075
220382 642082
220442 642022
220793 641671
220515 641949
220504 641960
220637 641827
220750 641714
220579 641885
220527 641937
220374 642090
220590 641874
220621 641843
220695 641769
220646 641818
220696 641768
220620 641844
220614 641850
220470 641994
220717 641747
220514 641950
220454 642010
220741 641723
220655 641809
220681 641783
220655 641809
220498 641966
220665 641799
220768 641696
220577 641887
220671 641793
220825 641639
220670 641794
220563 641901
220658 641806
220842 641622
220744 641720
220634 641830
220988 641476
220757 641707
220779 641685
220732 641732
220808 641656
220820 641644
220787 641677
221042 641422
220928 641536
220745 641719
220825 641639
220994 641470
220710 641754
