45801 133815
45874 133742
45879 133737
45899 133717
45793 133823
45893 133723
45912 133704
45813 133803
45922 133694
45795 133821
45923 133693
46026 133590
46011 133605
45960 133656
45963 133653
45938 133678
46131 133485
45982 133634
45908 133708
45998 133618
46069 133547
46063 133553
46061 133555
46002 133614
46108 133508
46003 133613
46106 133510
46159 133457
46002 133614
46055 133561
46050 133566
46034 133582
46148 133468
46042 133574
46144 133472
46086 133530
46078 133538
46229 133387
46201 133415
46222 133394
46060 133556
46185 133431
46178 133438
46009 133607
46200 133416
46141 133475
46203 133413
46179 133437
46253 133363
46213 133403
46262 133354
46310 133306
46183 133433
46229 133387
46305 133311
46217 133399
46192 133424
46222 133394
46202 133414
46231 133385
46242 133374
46198 133418
46239 133377
46331 133285
46225 133391
46254 133362
46279 133337
46404 133212
46354 133262
46183 133433
46381 133235
46315 133301
46322 133294
46330 133286
46299 133317
46333 133283
46310 133306
46357 133259
46454 133162
46364 133252
46408 133208
46425 133191
46423 133193
46282 133334
46296 133320
46421 133195
46376 133240
46390 133226
46496 133120
46384 133232
46471 133145
46474 133142
46461 133155
46494 133122
46453 133163
46547 133069
46560 133056
46468 133148
46589 133027
46541 133075
