38844 112772
38797 112819
38794 112822
38870 112746
38863 112753
38880 112736
38895 112721
38811 112805
38927 112689
38861 112755
38863 112753
38895 112721
38844 112772
38945 112671
38857 112759
38966 112650
38853 112763
38901 112715
38888 112728
38888 112728
38972 112644
38999 112617
38995 112621
38969 112647
39029 112587
38899 112717
39044 112572
38954 112662
38866 112750
38968 112648
39074 112542
38969 112647
39057 112559
38982 112634
38950 112666
39083 112533
39036 112580
38963 112653
39061 112555
39072 112544
39081 112535
39114 112502
39110 112506
39142 112474
39134 112482
39194 112422
39172 112444
39056 112560
39041 112575
39083 112533
39044 112572
39087 112529
39061 112555
39147 112469
39085 112531
39233 112383
39097 112519
39141 112475
39160 112456
39172 112444
39113 112503
39186 112430
39242 112374
39119 112497
39133 112483
39271 112345
39291 112325
39330 112286
39227 112389
39318 112298
39305 112311
39185 112431
39221 112395
39310 112306
39248 112368
39214 112402
39240 112376
39359 112257
39347 112269
39306 112310
39391 112225
39360 112256
39358 112258
39287 112329
39271 112345
39331 112285
39359 112257
39408 112208
39452 112164
39338 112278
39370 112246
39366 112250
39370 112246
39455 112161
39123 112493
39276 112340
39256 112360
39268 112348
39170 112446
39211 112405
