173207 52935
173123 53070
173255 53124
173213 53556
173225 52974
173128 53226
173366 53790
173047 53175
173183 53469
173758 54453
173321 53136
173072 53490
173926 54456
173289 53097
173016 53100
173013 53328
173410 53265
173117 53178
173719 53835
173426 53628
173105 53286
173217 53037
173233 53415
173118 53172
173161 53277
173167 53256
173251 53685
173537 53766
173614 54000
173174 52992
173174 53106
173307 53202
173180 53139
173057 53154
173484 53832
173261 53364
173132 53427
174334 54987
173271 53226
173519 53742
173149 52989
173049 53235
173001 53232
173200 53289
174136 54615
173241 53208
173106 53241
174319 54024
173168 53220
173210 53217
174827 55122
173316 53370
173467 53859
173208 53058
173381 53160
173019 52995
173507 53652
173219 53424
174444 54066
173328 53178
173572 53619
173144 53205
173797 54513
173403 53496
173513 53313
173438 53334
173087 52995
174021 53811
173152 53097
173261 52983
173691 53640
173527 54012
173261 53307
173223 53346
174258 54255
173775 54000
173302 53181
173503 53622
173264 53280
173624 53679
173492 53574
173233 53133
173494 53667
173087 53130
173041 52947
173108 53295
173684 53787
173689 54396
173021 52965
173178 53373
173436 54123
173023 53187
173186 53379
175473 55251
173107 53082
173298 53091
173181 53226
173192 53124
173157 53235
174799 54927
