237199 689265
237161 689303
237324 689140
237215 689249
237156 689308
237303 689161
237092 689372
237445 689019
237316 689148
237391 689073
237372 689092
236943 689521
237411 689053
237185 689279
237400 689064
237474 688990
237494 688970
237527 688937
237349 689115
237381 689083
237373 689091
237313 689151
237438 689026
237528 688936
237522 688942
237685 688779
237519 688945
237431 689033
237494 688970
237469 688995
237357 689107
237397 689067
237503 688961
237659 688805
237523 688941
237543 688921
237518 688946
237487 688977
237546 688918
237741 688723
237549 688915
237609 688855
237653 688811
237516 688948
237635 688829
237745 688719
237558 688906
237647 688817
237558 688906
237533 688931
237603 688861
237630 688834
237776 688688
237791 688673
237803 688661
237736 688728
237748 688716
237652 688812
237709 688755
237864 688600
237895 688569
237804 688660
237796 688668
237811 688653
237953 688511
237744 688720
237836 688628
237775 688689
237723 688741
237862 688602
237827 688637
237854 688610
237750 688714
237886 688578
237927 688537
237656 688808
237901 688563
237797 688667
237779 688685
237849 688615
237832 688632
237968 688496
237785 688679
237863 688601
238125 688339
238089 688375
237944 688520
237807 688657
237682 688782
237951 688513
237932 688532
238085 688379
238072 688392
237990 688474
238049 688415
238038 688426
237948 688516
237906 688558
238011 688453
237800 688664
