161936 476528
161817 476647
161967 476497
161894 476570
161889 476575
161795 476669
161807 476657
161967 476497
161779 476685
161969 476495
162056 476408
161989 476475
162008 476456
161853 476611
161901 476563
162138 476326
161920 476544
162177 476287
161964 476500
162027 476437
162027 476437
162331 476133
162183 476281
162024 476440
162065 476399
162169 476295
162044 476420
161938 476526
162074 476390
162223 476241
162225 476239
162115 476349
162186 476278
161875 476589
162174 476290
162256 476208
162259 476205
162075 476389
162175 476289
162359 476105
162217 476247
162300 476164
162349 476115
162124 476340
162305 476159
162312 476152
162207 476257
162345 476119
162106 476358
162238 476226
162102 476362
162264 476200
162466 475998
162497 475967
162174 476290
162152 476312
162238 476226
162420 476044
162528 475936
162351 476113
162346 476118
162394 476070
162466 475998
162546 475918
162429 476035
162367 476097
162510 475954
162505 475959
162598 475866
162398 476066
162424 476040
162683 475781
162472 475992
162570 475894
162577 475887
162410 476054
162428 476036
162489 475975
162562 475902
162669 475795
162596 475868
162375 476089
162676 475788
162636 475828
162696 475768
162633 475831
162592 475872
162497 475967
162665 475799
162510 475954
162493 475971
162592 475872
162651 475813
162469 475995
162385 476079
162598 475866
162391 476073
162689 475775
162467 475997
162587 475877
