145735 428729
145859 428605
145791 428673
146044 428420
145974 428490
145934 428530
145778 428686
145949 428515
145958 428506
145848 428616
146051 428413
145933 428531
146074 428390
145948 428516
146202 428262
145844 428620
146222 428242
146085 428379
146241 428223
146167 428297
146002 428462
146005 428459
146082 428382
145990 428474
146072 428392
146093 428371
146099 428365
146162 428302
146035 428429
146289 428175
145992 428472
146233 428231
146221 428243
146120 428344
146142 428322
146218 428246
146307 428157
146249 428215
146336 428128
146389 428075
146282 428182
146185 428279
146221 428243
146359 428105
146184 428280
146148 428316
146272 428192
146125 428339
146432 428032
146379 428085
146342 428122
146409 428055
146456 428008
146409 428055
146180 428284
146389 428075
146626 427838
146487 427977
146555 427909
146506 427958
146447 428017
146598 427866
146363 428101
146460 428004
146401 428063
146407 428057
146639 427825
146647 427817
146407 428057
146483 427981
146704 427760
146510 427954
146565 427899
146458 428006
146484 427980
146527 427937
146574 427890
146583 427881
146631 427833
146375 428089
146412 428052
146637 427827
146672 427792
146641 427823
146572 427892
146699 427765
146532 427932
146600 427864
146449 428015
146640 427824
146603 427861
146495 427969
146804 427660
146523 427941
146610 427854
146846 427618
146557 427907
146731 427733
146668 427796
146706 427758
