310184 90555
310017 90414
310046 90390
310164 90684
310026 90603
310103 90627
309885 90276
309881 90147
309952 90525
310590 91566
309831 90519
310035 90723
310085 90741
309986 90294
310746 91497
310252 90351
309959 90162
309974 90411
310009 90612
310353 91275
309861 90048
310351 90885
310164 90348
310254 90414
310029 90018
309893 90519
310487 90492
310161 90282
310128 90381
309999 90282
310538 90909
309703 89772
309984 90513
310528 91422
310154 90783
310106 90279
310568 91176
309801 90171
309929 90042
310085 90402
310086 90264
310331 90792
311086 91971
309712 90288
312211 92181
310827 90432
309958 90474
310179 90558
310229 90693
309888 90147
310502 90831
310620 90879
309842 90462
311403 92544
310277 90477
310194 90276
310064 90462
309815 90030
310864 91644
310227 90390
309850 90075
310844 91014
310267 90675
310012 90402
310523 91281
310678 90807
309751 90318
311325 92067
309995 90141
310032 90321
310692 90666
310893 90663
310478 90927
310025 90117
310052 90354
310551 91332
309889 90507
311796 91968
310060 90423
311251 92334
309777 89943
311435 91881
309735 90504
310036 90255
311439 92793
310022 90282
310149 90468
310295 90366
311472 91278
310068 90339
311452 91629
310883 90756
310312 90270
310103 90228
310214 90468
310814 91119
310405 90513
310130 90273
310006 89973
310195 90384
