294443 866485
294401 866527
294437 866491
294364 866564
294381 866547
294592 866336
294292 866636
294689 866239
294522 866406
294562 866366
294620 866308
294722 866206
294598 866330
294457 866471
294690 866238
294588 866340
294667 866261
294620 866308
294422 866506
294689 866239
294510 866418
294805 866123
294634 866294
294563 866365
294569 866359
294576 866352
294672 866256
294776 866152
294926 866002
294745 866183
294722 866206
294700 866228
294654 866274
294732 866196
294712 866216
294833 866095
294813 866115
294902 866026
294682 866246
294763 866165
294536 866392
294939 865989
294964 865964
294679 866249
294960 865968
294695 866233
294772 866156
294919 866009
294750 866178
295033 865895
294786 866142
294865 866063
294739 866189
294941 865987
294947 865981
294623 866305
294929 865999
294876 866052
294977 865951
295055 865873
294848 866080
294857 866071
294925 866003
295022 865906
294889 866039
294940 865988
295059 865869
295086 865842
294922 866006
294831 866097
295214 865714
294832 866096
294867 866061
295170 865758
295324 865604
294945 865983
294787 866141
295175 865753
294976 865952
295135 865793
295210 865718
294970 865958
294926 866002
295086 865842
295182 865746
295237 865691
295134 865794
295280 865648
295326 865602
295183 865745
295076 865852
295124 865804
295216 865712
295090 865838
295115 865813
295013 865915
294794 866134
295090 865838
295309 865619
295211 865717
