33 36
30 33
39 33
37 33
58 33
35 36
41 30
35 39
36 33
31 33
32 42
32 33
34 33
36 30
41 27
44 30
39 33
41 33
39 33
36 36
31 33
34 36
35 36
35 30
33 33
38 39
33 33
43 30
40 30
32 27
36 33
31 36
33 45
32 33
39 33
33 30
40 27
42 27
49 36
31 36
32 30
33 30
31 30
35 39
32 33
32 39
41 36
43 30
43 33
31 30
37 30
28 30
32 36
30 33
31 33
35 39
37 33
36 42
38 39
43 36
42 27
36 39
29 30
40 36
29 33
33 33
33 33
35 36
38 33
32 30
35 33
44 27
42 33
30 30
34 33
30 30
34 33
34 39
35 36
37 39
44 30
44 27
46 21
36 30
38 33
36 33
29 30
31 33
33 36
36 33
43 36
40 33
38 36
44 27
38 30
35 30
32 30
32 33
35 42
38 39
