212 162
209 153
207 168
220 162
210 156
206 141
219 159
255 189
207 165
235 162
238 174
223 129
205 153
220 156
228 162
225 144
242 159
236 153
234 156
271 198
301 153
258 147
243 171
238 138
228 147
230 150
268 183
237 150
247 168
226 156
223 162
219 174
215 150
205 150
214 168
223 153
204 141
224 153
200 153
203 147
210 159
207 156
219 156
200 147
206 153
207 171
230 192
210 156
216 156
218 168
225 147
226 177
235 144
221 165
238 153
237 159
236 159
234 147
247 159
312 186
238 153
273 156
259 156
227 153
293 195
236 156
238 159
221 156
222 156
226 180
231 150
225 144
227 159
225 144
211 150
206 144
208 156
208 150
196 159
202 150
196 156
203 153
213 168
206 159
204 150
218 171
210 159
221 159
224 153
259 186
214 153
228 144
220 150
219 144
227 150
233 156
293 204
221 138
244 156
235 150
