86759 28443
86797 28545
86864 28659
86854 28575
87011 28629
87058 28815
87005 28482
86966 28515
86949 28548
87082 28839
86963 28740
87340 29346
86987 28551
86902 28380
86812 28323
86997 28581
87035 28698
87094 28860
86868 28464
87344 29169
87018 28596
87232 28941
87014 28644
87071 28719
87225 28923
87164 29034
87474 29163
86997 28518
87309 28902
87075 28677
88149 29751
87002 28560
86903 28761
87342 29676
86892 28509
87091 28662
87025 28635
87469 29277
86773 28398
86905 28473
86940 28464
86940 28665
86878 28668
87337 29085
87057 28668
86964 28575
86958 28710
87832 29610
87060 28623
86795 28428
87521 28623
87356 28911
87096 28749
86989 28662
87254 29337
86925 28698
87745 29166
87226 28713
87878 28893
87286 28704
87257 29019
87111 28401
87199 28593
87082 28524
87138 28611
87033 28638
87336 29028
87549 28755
86995 28671
87849 29688
87094 28539
88137 29265
87072 28563
87607 29163
87027 28416
87079 28518
87298 28968
87055 28530
87092 28512
87036 28557
86846 28665
87525 29034
86975 28500
87238 29100
87026 28626
87120 28650
87331 29265
87481 28959
87298 29181
87074 28563
86964 28668
86866 28641
86905 28509
87767 29598
87504 29424
86990 28422
86817 28614
87059 28497
88261 29079
86950 28623
