499875 138594
499772 138960
499806 138711
499768 138471
499926 138681
500013 139758
499712 138405
499767 139221
499997 138852
499919 138978
499939 138846
499726 138663
500302 139113
499823 138321
500205 138633
499792 139182
500759 139770
499676 138747
499803 138429
500014 138711
500895 140679
499430 138393
499819 138849
500323 139560
499696 138357
500003 138489
499686 138558
499821 138576
501154 139821
499578 138360
500173 138675
499739 138684
499823 138819
499786 138783
500737 140046
499799 138435
499396 138426
501452 139866
499314 138549
500443 140001
500053 138720
500263 139302
499810 138642
499632 138840
500075 138960
500941 140331
499754 138870
500590 139719
500768 139797
499811 138819
499357 138363
500025 138654
499883 138675
500497 139125
499963 139431
499980 138546
500220 138606
500857 140157
499993 138936
500756 139518
500057 139590
499742 138735
500341 139041
500268 139368
502617 141867
499776 138672
500048 139269
502745 141291
500008 138984
499993 139239
500866 139833
500339 139149
501213 140673
499877 138570
500810 138879
499611 137895
500213 138705
500077 138756
501305 140766
499945 138939
500636 139392
502186 141939
499717 138192
500065 138834
500846 138768
500200 138750
500656 140208
500919 139506
500201 139209
501331 141165
500080 138804
499778 138837
501607 141444
500051 138945
500022 138714
499962 138711
499997 138681
501954 141177
499802 138636
501184 139506
