136 108
157 126
148 132
143 117
148 117
172 153
171 117
143 117
154 126
156 117
156 114
217 126
164 111
168 105
161 102
211 114
181 102
168 114
191 141
167 108
153 120
157 102
153 114
148 114
166 126
150 108
145 120
151 123
145 120
141 120
144 123
139 111
148 120
144 117
158 138
150 117
143 108
150 129
156 129
146 111
204 129
159 117
165 102
154 105
235 117
200 114
199 102
182 111
168 99
162 117
148 108
168 126
152 123
160 108
156 96
154 108
164 111
136 117
144 117
139 111
146 117
143 120
134 108
139 111
135 117
150 114
149 126
153 108
173 132
155 111
157 114
149 105
162 111
150 108
159 123
187 126
184 111
200 108
209 138
162 102
171 117
155 99
162 105
162 99
154 117
166 138
146 117
156 108
139 111
143 105
144 123
133 114
142 126
139 108
141 111
140 105
143 114
149 123
152 132
144 111
