372711 1094217
372743 1094185
372687 1094241
372792 1094136
372904 1094024
373043 1093885
373320 1093608
372909 1094019
372838 1094090
372785 1094143
372874 1094054
372938 1093990
372712 1094216
372850 1094078
372871 1094057
373056 1093872
373208 1093720
372936 1093992
372894 1094034
373119 1093809
372779 1094149
372661 1094267
373422 1093506
372913 1094015
373253 1093675
372948 1093980
373091 1093837
373164 1093764
373110 1093818
373134 1093794
373143 1093785
373115 1093813
373147 1093781
373253 1093675
373248 1093680
373258 1093670
373221 1093707
373323 1093605
373415 1093513
373380 1093548
373151 1093777
373221 1093707
373463 1093465
373387 1093541
373120 1093808
373321 1093607
373202 1093726
373208 1093720
372982 1093946
373267 1093661
372894 1094034
373306 1093622
373378 1093550
373196 1093732
373254 1093674
373454 1093474
373361 1093567
373295 1093633
373274 1093654
373176 1093752
373171 1093757
373460 1093468
373446 1093482
373380 1093548
373738 1093190
373646 1093282
373427 1093501
373365 1093563
373281 1093647
373652 1093276
373431 1093497
373177 1093751
373502 1093426
373608 1093320
373758 1093170
373598 1093330
373361 1093567
373889 1093039
373504 1093424
373766 1093162
373383 1093545
373672 1093256
373772 1093156
373532 1093396
373513 1093415
373553 1093375
373566 1093362
373748 1093180
373540 1093388
373524 1093404
373715 1093213
373635 1093293
373556 1093372
373705 1093223
373242 1093686
373611 1093317
373543 1093385
373703 1093225
373563 1093365
373695 1093233
