357053 102402
356656 102459
357013 102930
356845 102306
356686 102528
356587 102255
356623 102429
357139 103425
356660 102546
356759 102240
356364 102333
356732 103011
356711 102606
356681 102690
357127 103602
357128 103017
356603 102510
356715 102210
357529 104142
356662 102333
356520 102669
357038 103644
356643 102669
356694 102366
357461 103644
356957 102357
356564 102165
356609 102378
356803 102732
356760 102393
357207 103527
356890 102468
356642 102336
356762 102693
357830 103563
356583 102150
357130 103050
356582 102576
356538 102747
357172 103236
357462 103803
356533 102558
357024 102978
356852 102594
358171 104211
356752 102594
356804 102681
356993 103677
356454 102378
356825 102606
357014 102321
356848 102369
356799 102516
356441 102321
357571 103221
356453 102333
356592 102009
357723 103629
356677 102396
357260 103104
356643 102570
356749 102183
356757 102570
358479 104544
356522 102519
357793 103026
356690 102948
359514 106014
356562 101949
358469 104643
357238 102717
356645 101997
356886 102666
357303 103512
357023 103116
356492 102408
357383 103173
356682 102546
356905 102675
357853 103809
357593 103050
357440 102882
356226 102168
356710 102765
356480 102300
356368 102012
356296 102105
356582 102447
356664 102708
358729 104577
356550 102138
356503 102489
357590 104091
356825 103029
359840 104484
357317 103188
356653 102492
357129 102882
356593 102315
358528 104130
