294337 85977
294681 86652
294768 86346
294340 86424
294458 86271
294644 86277
294313 86070
294703 86574
294688 86814
294669 86484
294582 86460
294476 85818
294658 86376
295159 86946
294334 85899
294498 85902
294507 86631
295242 87504
294661 86349
294984 86328
294608 86154
294615 86388
294579 86367
294644 86466
295425 87414
294245 85911
294536 86220
294436 86382
294643 86367
295091 87297
295275 87090
294594 86364
295072 87120
294422 86328
295625 87666
294612 86139
294426 86076
294607 86205
295660 87513
294450 86418
294632 86343
294755 86613
295262 87348
294769 86265
294669 86070
294911 86436
294773 86466
295048 87522
294679 86280
294613 86505
295396 86742
295649 87549
294596 86304
295565 88047
294361 86172
295628 87600
294395 86163
294779 86391
295649 87993
294556 86112
294652 86736
296298 88320
294522 86307
295521 87414
294371 86130
294657 86334
294571 86391
295536 87849
295044 86961
294403 85980
294681 86220
294797 86982
294473 86364
295607 87675
294289 86283
295373 86931
294315 86055
294572 86367
294846 87096
294729 86319
295196 87069
296784 88179
294313 86172
294586 86310
295361 87546
294866 86124
295785 87468
294439 86058
295511 86979
294967 86223
294717 86124
295893 87978
294965 86757
294735 86160
294873 86262
296175 87897
294500 85632
294767 86310
295333 86646
294552 86220
