515840 142584
516386 143241
516162 143151
516185 143103
516621 143514
516169 143280
516213 143517
516272 143172
516286 143322
516372 143016
516741 143835
516720 143904
515798 142581
515758 142917
516482 144138
516134 143142
516011 142959
516852 144000
516334 142935
516456 142959
516192 142989
516384 143148
516458 143013
516622 143778
516088 142947
516258 143172
516520 143481
516288 143055
516253 142971
516100 142878
515843 143064
517637 146031
515746 142974
517311 143787
516259 142842
516244 143382
517245 144405
516357 143328
517593 145095
516001 143103
516559 143361
516715 143454
516322 142740
516933 143895
516194 142599
516831 143919
515785 142782
516971 144525
516211 142836
517678 144453
517358 143862
516255 143226
516735 143508
517239 144081
516258 143004
517370 144381
516131 143487
517699 145116
516176 143094
515895 143010
516148 142974
516035 142932
516757 144282
516103 142908
516173 143139
517606 145017
516355 142986
517617 144867
516338 143031
516162 142824
515844 142617
517144 144585
516241 142626
516453 142557
516504 143319
517794 144801
517157 143550
515980 142629
517048 143883
516060 142692
517570 144288
516637 143442
517561 144171
517000 144174
516302 142968
517370 143847
516493 142911
516385 142881
516448 142983
516233 142938
518759 144804
516111 142869
516598 143556
515975 142620
517378 144165
516478 143370
516210 143022
517676 143607
516467 143340
517383 144036
