355110 1043818
355196 1043732
354925 1044003
355239 1043689
355182 1043746
355120 1043808
355284 1043644
355296 1043632
355409 1043519
354974 1043954
354835 1044093
354980 1043948
355378 1043550
355197 1043731
355184 1043744
355159 1043769
355347 1043581
355139 1043789
355283 1043645
355339 1043589
355201 1043727
355059 1043869
355090 1043838
355359 1043569
355270 1043658
355184 1043744
355236 1043692
355083 1043845
355518 1043410
355438 1043490
355277 1043651
355394 1043534
355416 1043512
355586 1043342
355475 1043453
355361 1043567
355663 1043265
355480 1043448
355310 1043618
355729 1043199
355434 1043494
355604 1043324
355453 1043475
355496 1043432
355662 1043266
355417 1043511
355548 1043380
355439 1043489
355500 1043428
355569 1043359
355612 1043316
355562 1043366
355564 1043364
355580 1043348
355490 1043438
355531 1043397
355557 1043371
355640 1043288
355675 1043253
355576 1043352
355524 1043404
355644 1043284
355618 1043310
355479 1043449
355757 1043171
355775 1043153
355865 1043063
355651 1043277
355651 1043277
356038 1042890
355725 1043203
355864 1043064
355693 1043235
355672 1043256
355453 1043475
355669 1043259
355578 1043350
355616 1043312
355928 1043000
355729 1043199
356030 1042898
355895 1043033
355711 1043217
355947 1042981
355803 1043125
355945 1042983
355988 1042940
356130 1042798
355655 1043273
355768 1043160
355474 1043454
355677 1043251
355758 1043170
355805 1043123
355968 1042960
355737 1043191
356021 1042907
355780 1043148
356045 1042883
356070 1042858
