202761 61290
202774 61224
203106 61716
202771 61134
202656 61332
202878 61212
202805 61860
203088 61938
202490 60765
202714 61101
202968 61479
202744 61251
202682 61026
202819 61179
202938 61542
202938 61500
202737 60954
203032 62028
202960 61116
202701 61272
203507 62589
202772 61071
203332 61950
202576 60846
202698 60780
202776 60972
202682 61107
202556 61098
202822 61377
202742 61200
203414 61935
202842 61083
203137 61455
203334 62139
202701 60942
202849 61179
202898 61377
203106 62172
202888 61323
202643 61350
203740 62532
202801 61143
203229 61803
202727 61152
202914 61227
203339 61881
203093 61311
202594 60942
202971 61524
202715 61005
202573 61080
203553 62475
202689 61413
202674 61404
202702 61440
202783 61332
204847 63144
203083 61263
202759 61140
203225 61698
202929 61194
204081 61335
202945 61293
202861 61143
203096 61791
203629 61404
202995 61134
203021 61383
202993 61212
202767 61062
203093 61344
202784 60837
202814 61113
204470 62187
202882 60867
203326 61536
202936 61266
202908 61539
202810 61026
202779 61155
202855 61206
203445 61707
203017 61380
202880 61185
203059 61497
204036 62874
202849 61134
202659 60993
202863 61239
203883 62328
202955 61170
202766 60891
204472 63588
202708 61011
202965 61302
204066 61830
203256 61440
202613 60855
202873 61326
203992 62427
