9648 4119
9669 4143
9668 4077
9616 4065
9631 4044
9756 4380
9618 4056
9634 4104
9623 4068
9649 4053
9837 4317
9540 4023
9674 4104
9609 4035
9649 4122
9839 4470
9641 4026
9637 4086
9710 4179
9741 4233
9664 4080
9730 4194
9633 4074
9656 4113
9900 4134
9659 4068
9714 4158
9600 4050
9793 4212
9792 4182
9629 4083
9727 4149
9640 4107
9827 4473
9736 4032
9991 4359
9737 4032
9687 4062
9874 4374
9732 4086
9755 4254
9724 4080
9763 4257
9680 4068
9791 4278
9779 4134
9750 4056
9676 4071
9823 4320
9714 4050
9715 4098
9731 4131
9802 4230
9734 4065
9728 4200
9657 4041
9666 4098
9701 4080
10314 4482
9645 4065
9713 4116
9886 4323
9704 4077
9831 4350
9701 4077
9887 4356
9664 4119
9752 4233
9861 4323
9660 4062
9818 4239
9796 4116
9900 4080
10093 4278
9920 4128
9872 4038
10340 4338
10157 4164
9861 4092
9945 4182
10041 4269
10179 4326
9827 4071
10346 4437
9867 4155
9905 4176
10092 4290
9845 4020
9820 4137
9872 4032
10092 4467
10200 4311
9834 4083
9864 4074
9836 4116
9882 4164
10284 4674
9891 4206
9870 4032
9993 4341
