325657 94389
325552 94695
325436 94344
325626 95157
325801 94683
325671 94854
326062 95883
325424 94554
325320 94332
326656 96786
325434 93966
325567 94485
325982 95235
325366 94461
325389 94476
325456 94491
325452 94332
326503 95646
325387 93975
326067 95283
325664 94749
325628 94743
325325 94221
325605 94524
325404 94524
326147 94815
325565 94563
326441 95787
326325 95982
325693 94572
326025 95304
325872 94602
326231 95838
325461 94470
325592 94260
325669 94473
326536 96144
325591 94209
325390 94380
326271 95001
325380 94230
325486 94293
326473 95772
326623 95706
325382 94146
325773 94203
326471 95211
325572 94017
325450 94506
325422 94275
326439 95217
325727 94485
326976 96378
325639 94590
326721 96261
325442 94230
326736 96258
325418 94146
326722 95244
325654 94356
325649 94626
325638 94470
326980 96045
325521 94131
326441 95514
325860 94644
325588 94410
325667 94251
325834 95166
327024 95469
325592 94647
325697 95106
325580 94662
326062 95577
325545 94506
326610 95361
325528 94209
325526 94260
325485 94299
327206 96207
325334 94014
325533 94479
326435 95202
325527 94404
326869 95967
325365 94656
327021 96594
325414 94191
325406 94404
325876 95121
326119 95031
325880 94653
327101 95628
325743 94650
325749 94479
327120 96735
325723 94635
325769 94209
326031 94800
325590 94809
