270091 788837
270084 788844
270370 788558
270213 788715
270270 788658
270195 788733
270280 788648
270279 788649
270257 788671
270211 788717
270367 788561
270104 788824
270184 788744
270535 788393
270416 788512
270383 788545
270412 788516
270129 788799
270407 788521
270495 788433
270555 788373
270275 788653
270378 788550
270432 788496
270352 788576
270447 788481
270501 788427
270331 788597
270602 788326
270425 788503
270540 788388
270447 788481
270544 788384
270346 788582
270526 788402
270420 788508
270485 788443
270445 788483
270541 788387
270488 788440
270395 788533
270560 788368
270630 788298
270446 788482
270578 788350
270446 788482
270598 788330
270498 788430
270691 788237
270696 788232
270509 788419
270894 788034
270778 788150
270557 788371
270782 788146
270554 788374
270666 788262
270670 788258
270876 788052
270803 788125
270726 788202
270654 788274
270697 788231
270810 788118
270814 788114
270847 788081
270940 787988
270755 788173
270848 788080
270648 788280
270716 788212
270816 788112
270788 788140
270685 788243
270848 788080
270785 788143
270629 788299
270964 787964
270878 788050
270863 788065
270681 788247
270827 788101
271048 787880
270935 787993
270781 788147
270922 788006
270923 788005
270964 787964
271016 787912
270858 788070
271047 787881
271029 787899
270835 788093
270884 788044
271127 787801
270970 787958
270845 788083
271050 787878
271107 787821
271205 787723
