321418 941510
321333 941595
321436 941492
321240 941688
321009 941919
321798 941130
321708 941220
321435 941493
321783 941145
321598 941330
321650 941278
321491 941437
321436 941492
321557 941371
321465 941463
321455 941473
321565 941363
321577 941351
321671 941257
321849 941079
321783 941145
321646 941282
321528 941400
321775 941153
321774 941154
321684 941244
321703 941225
321619 941309
321584 941344
321695 941233
321808 941120
321865 941063
321720 941208
321593 941335
321854 941074
321911 941017
321860 941068
321705 941223
321799 941129
321704 941224
321625 941303
321722 941206
321789 941139
321780 941148
321915 941013
321862 941066
321908 941020
321871 941057
322033 940895
321901 941027
321742 941186
321840 941088
321915 941013
322025 940903
321895 941033
322198 940730
321864 941064
321824 941104
321901 941027
322107 940821
322142 940786
322229 940699
322087 940841
321958 940970
321954 940974
322000 940928
322166 940762
322098 940830
321767 941161
321706 941222
322009 940919
322025 940903
322070 940858
321951 940977
322392 940536
322377 940551
322193 940735
322190 940738
322075 940853
322226 940702
322178 940750
322044 940884
322072 940856
322169 940759
321934 940994
322225 940703
322168 940760
322107 940821
322240 940688
321853 941075
321958 940970
322063 940865
322479 940449
322466 940462
322156 940772
322100 940828
322276 940652
322170 940758
322193 940735
322252 940676
