263775 77784
263634 78054
263711 77799
263899 78069
263670 77646
263503 77799
263711 77817
263952 78393
263744 78225
263532 77676
263433 77802
263858 77865
263501 77700
263993 78270
263365 77982
263581 77787
263835 77871
263792 78195
263612 77910
263863 78105
263971 77637
263444 77709
263513 77763
263812 77889
263956 78492
263700 77733
263658 78069
263569 77673
263650 77886
263656 78045
263715 77931
264200 78750
264181 78021
264269 78666
263453 77610
263612 77718
263560 77925
263515 78147
265124 80328
263734 77634
263898 78075
263711 77682
264409 78627
263675 77619
263885 77937
264545 79497
264157 78393
263841 78084
263892 77880
263526 77790
264506 79326
263775 77706
263948 78054
263292 77877
263656 77658
263286 77670
264143 78039
263887 78039
263697 77766
263797 78075
265299 79530
263590 77847
265006 79368
263372 77955
264007 78498
263572 77502
263779 78045
264748 79188
263830 77910
264034 78750
263726 78267
263801 78189
263542 77784
264020 78060
264672 78243
263648 77799
264576 77826
263530 77472
263912 77691
264914 78579
263934 77553
263889 77667
263864 77748
263649 78024
265069 78819
264340 78381
263858 78168
263735 77970
264276 78780
265403 79119
263811 77673
263863 77682
264851 78693
264438 78300
263987 77661
263818 77754
263654 77598
265412 79122
263692 77883
263699 77532
