713550 192915
713638 192912
713813 193212
712995 191838
713314 193329
713928 193956
713490 192939
713500 193311
713213 192846
713465 193329
714493 194796
714812 195663
713539 192519
713628 192807
713347 193152
713720 193146
714077 194049
713869 193344
713691 193251
713922 193077
713268 192636
715077 195471
713803 192840
713931 193689
713541 193398
715556 195960
713189 192660
713554 192939
714059 194424
714396 193650
713475 192777
713219 192483
713654 193287
713162 192423
713731 193227
715261 195465
714512 193731
713292 192819
713408 192663
714437 194610
713658 193170
713341 192678
713722 192774
713550 192801
713612 193497
714402 194256
713682 193104
713495 192492
713819 193194
715843 194829
715246 195060
714024 192663
713541 192936
714959 193809
713598 192969
713217 192333
714528 194454
713688 192816
713541 193305
714141 193020
714042 193341
713875 193224
713716 192786
713538 193050
716349 196155
712983 192312
713838 192882
715101 195138
713227 192786
715000 194388
715322 195261
713658 192432
713647 193035
715556 195237
713387 192837
713567 192567
714513 193470
713908 193659
713523 192627
713470 193296
715804 195801
714274 193929
713583 193005
713757 192804
715532 195027
713835 193104
713540 192585
713472 192873
715065 194289
713561 192762
716196 196893
713103 192045
713520 192966
715105 194943
713617 192873
715265 194934
713941 193734
715200 193830
713996 193002
713856 193233
