516279 143304
516379 142848
515973 142683
516197 142977
516124 142755
515984 142686
516232 142623
516157 143238
516798 144105
516566 143016
517286 145137
516439 143190
516151 143100
516109 143355
516401 143781
516173 142821
516339 142779
517192 144522
516185 142986
516481 143616
516330 142947
516196 143208
517391 144975
516538 142875
516293 143388
516922 144720
516088 143139
516173 142821
516164 143064
517840 144714
517012 144018
516057 143010
517546 144516
516929 143241
516565 143079
516614 144030
516244 143010
518306 146262
516317 142782
516501 143538
515972 142746
516382 143394
518334 146475
516038 143157
516039 142944
516919 144267
516407 143646
516330 143010
517349 144993
515943 142950
517121 144057
516741 143316
516122 142863
516144 142974
516353 143316
516377 143037
518049 145485
516253 143787
516106 143208
516754 143532
516185 143052
516308 143193
516584 143220
516349 142875
516681 143805
516725 142932
515881 142446
517141 144156
517616 144705
515994 142422
516436 143274
516914 143616
516576 143076
518123 145278
517414 143697
516290 143184
516406 142746
516311 142911
517859 144864
515946 142785
516074 142509
517039 144291
516429 143391
516305 143631
516070 143025
516401 143046
516399 143325
516688 143538
517385 145521
517175 143736
516532 143052
516368 143421
516962 144288
516317 143043
516272 143322
516780 143694
516220 142869
516379 143154
518781 145452
516357 142353
