100737 32580
100986 32886
100878 32607
100886 32595
101042 32838
100896 32700
100975 32577
100866 32607
101106 33024
100879 32442
100786 32616
101007 32619
101245 33150
100868 32466
100926 32676
100871 32862
101360 33378
101532 33480
100859 32523
100927 32556
100903 32601
100754 32436
100905 32772
101484 33840
100864 32538
100973 32604
100848 32640
100914 32775
100769 32427
101056 32940
100930 32556
101320 33351
100868 32325
100971 32859
100832 32640
101928 33669
100882 32439
101698 33357
100921 32664
101331 33111
100961 32532
100789 32556
100911 32688
101544 33708
100910 32376
100960 32730
101100 32805
100883 32736
101586 33390
100854 32556
100697 32442
100875 32580
101421 33168
100922 32613
101050 32658
100924 32736
101077 32922
101240 33246
100890 32664
100830 32523
100872 32742
101064 32541
100976 32799
101149 32718
101031 32772
101200 32913
101565 33213
101770 33327
101076 32559
101433 33555
101165 32736
101112 32643
101287 32859
101025 32772
101872 33471
101330 32790
101011 32544
102928 33612
101045 32439
101387 33366
101117 32586
101097 32745
102139 33273
100997 32535
101660 33327
100940 32601
101575 33444
100976 32703
101437 33228
100941 32556
101427 33024
101056 32772
101153 32748
100961 32586
102489 33120
101072 32526
101087 32715
102770 33177
101730 33201
100989 32520
