647312 175941
647372 176388
647937 176430
647275 176427
647733 176262
647530 177129
647510 176700
648086 177531
647581 177147
648394 178029
647144 176637
647792 177612
647524 177102
647429 176895
647856 177069
647629 176613
647424 176400
647173 176814
648643 178977
647416 176481
647405 176490
647883 176952
648177 178221
647751 176526
647791 177006
647644 177078
647188 176856
647468 176697
647144 176727
647194 176118
648302 177924
647359 176877
647934 177108
647297 176109
647458 176313
648939 178671
647189 176241
647581 176037
647177 175983
647640 176895
647431 176487
647266 176961
647397 176565
648425 177855
647445 176832
648681 178605
647585 176769
647890 177501
647826 176562
647903 177405
648598 178917
647640 176658
648591 177426
647648 176688
647317 176295
647511 176325
647915 177309
647781 176697
647416 177105
647935 176718
648675 178935
647750 176769
648575 178200
647428 176256
647752 176541
648206 177945
647659 176556
648448 177903
647328 176631
648309 178392
647717 177480
647140 176475
647201 176847
650101 179151
648626 176718
647081 176433
649605 178914
647714 176901
648237 178044
647741 176601
648691 177960
647539 176565
647714 176832
648803 178899
647465 176442
650027 179883
647876 176307
649509 177054
649310 178200
647545 176403
647733 176133
648296 177474
647463 176415
648072 176862
647586 175965
647765 176547
650279 179220
648236 176790
647373 176016
647962 176229
