232707 69147
232995 69246
233319 69492
233090 69837
232958 69408
233102 69480
233033 69369
233440 70299
232934 69420
233020 69609
232828 69402
233780 70626
232898 69225
232994 69387
233101 69732
233396 70098
232963 69288
233950 70809
232979 69243
233214 69378
234494 71619
232892 69399
232974 69396
233712 70185
233144 69531
233131 69531
234127 71055
232990 69342
232948 69339
233184 69507
234108 70821
232730 69567
233515 70251
232854 68997
232891 69267
233015 69621
233624 69723
233078 69360
233419 70008
233567 69522
232933 69384
233342 69762
233027 69507
233030 69639
233753 70335
232822 69027
233688 69438
233076 69537
233874 71445
233114 69291
234034 70857
233484 69996
233066 69372
233419 69663
233322 69876
232925 69471
233439 69678
232940 69546
234003 70548
233139 69597
233185 69801
232723 69072
233165 69594
233222 70059
233518 70068
232839 69579
233296 70359
233259 69513
232945 69315
233985 70782
233162 69309
233074 69231
233210 69345
233606 70182
233108 69696
233390 70206
233221 69855
234861 70359
233019 69246
233985 70821
233257 69123
233352 70176
233099 69546
234115 70665
233147 69438
233372 69687
233104 69543
233410 69693
233351 69486
232952 69387
233323 70065
233411 70611
232994 69210
232889 69282
234368 70248
233984 70014
232958 69231
232899 69468
232835 69276
234328 70374
