248114 73389
248346 73713
248380 73677
248471 73800
248250 73629
248632 74235
248376 73551
248280 73689
248334 73590
248098 73275
248602 74295
248306 73446
248248 73746
248875 74271
248304 73557
248223 73524
248983 74841
248409 73671
248828 74487
247981 73344
248231 73599
248590 74208
248516 73812
248250 73698
248371 73785
248770 74313
248334 73788
248365 73584
248231 73626
248871 74256
248427 73896
248298 73581
248263 73659
249697 74910
248091 73479
248312 73794
248809 74109
248168 73479
248383 73638
248854 74088
248415 73875
249070 74871
248214 73218
248525 73578
248766 74136
248259 73698
248460 73776
248033 73497
248535 73542
248433 73743
248381 73572
248234 73554
248458 73788
248346 74607
248400 73752
248618 74211
248140 73587
248628 74649
250032 75816
248333 73662
248327 73938
250243 75840
248384 73791
248529 74367
248490 73962
248480 73764
248792 74256
248150 73740
249801 74934
248215 73335
248162 73416
248340 73458
248526 74235
248431 73551
248408 73455
249704 74742
248465 73554
248325 73824
249428 73971
249121 74526
248235 73389
248579 73707
248358 73470
248139 73434
248375 73758
249803 74898
249418 75096
248410 73632
248740 73917
249087 74463
248314 73500
248752 74205
248457 73677
248638 73704
248430 73719
248974 74481
248494 73722
248456 74178
250120 76209
248391 73536
