729909 196479
730161 197061
730318 196794
730046 196917
731004 198732
729739 196515
730051 197124
730700 198660
730229 196623
729591 196134
730409 197643
729561 196482
731069 198549
730137 196551
730034 197097
730246 196971
730324 196587
730662 197907
729866 196491
730449 197265
730133 196731
730094 197457
730444 197217
730623 197901
730025 196848
731184 198018
730146 196881
730224 196884
731237 198501
730132 196614
730838 198186
729964 196740
729701 196626
730890 197370
730186 197445
730243 197118
730184 197007
731525 198768
729617 197001
730337 196986
730624 197655
729958 196842
730865 198015
730005 196746
731122 198432
730083 196632
730189 197091
730520 197259
730866 197760
730560 197724
730142 196845
729909 196485
730183 196512
731981 199338
730476 196971
730330 197193
730201 197010
729677 196359
730220 197178
730461 197523
730576 197283
731802 198750
730259 197145
730174 196830
731490 198831
730097 196986
730764 198516
730559 197193
730201 196851
730837 198303
730144 196353
730199 196602
731814 198687
730232 197136
731958 199122
730265 196758
730140 196809
729935 196773
733455 200256
730116 196983
730668 198252
730605 197772
732576 199506
729918 196818
732677 199233
730233 197043
732984 200409
730414 196752
729918 196698
729961 196905
730368 196827
730353 197160
729777 196707
732219 198138
730382 197181
731261 198183
730548 196983
729918 196542
730842 197973
731856 197424
