548813 151074
548847 151164
548774 151299
548723 151233
548644 151446
549324 152598
548607 151581
549313 152070
549335 152184
548915 151263
548935 151413
548290 150978
549609 152367
548821 151836
549526 152835
548843 151362
549701 152886
548843 151323
548922 151671
548599 151122
548651 151191
548794 151164
549754 152982
548716 151113
548898 152067
550190 154287
548845 151755
550073 153513
548899 151188
549249 152289
548899 151446
548892 151227
548733 151026
549291 151725
548614 150738
548768 151566
549663 152508
548932 151575
549097 151665
550004 153465
548640 151212
548366 151221
549582 152193
548577 151104
549043 151662
550492 154236
548593 151623
548812 151533
550785 152784
548970 151314
548838 151338
550396 153102
548767 151257
549169 151719
548926 151566
549845 152850
548790 151590
548876 151398
548955 151569
548874 151545
549252 152397
549978 152556
548799 151812
549292 152337
548920 151566
550933 153795
549154 151857
548731 150957
548913 151434
551391 155001
548287 151074
548809 151329
549104 151521
548369 151344
551098 153819
549180 151512
550309 152736
549166 150993
549065 151482
548932 151470
550013 152439
549115 151515
549102 151809
551205 153723
548966 151119
549157 151710
550575 153648
550690 152985
548680 151290
549826 152235
548473 151014
550875 152364
548848 150885
548997 151212
549621 152046
548779 150870
549602 152136
548993 150891
549973 152142
549198 151953
