269 207
268 201
272 189
287 204
275 198
287 207
277 225
270 213
286 192
302 231
303 207
320 234
302 195
297 180
295 183
306 195
310 210
281 189
309 246
321 213
411 252
345 210
313 198
319 195
378 216
339 201
335 198
333 225
321 189
304 204
356 288
301 186
299 192
305 192
293 198
301 192
305 216
304 189
304 177
280 198
298 237
284 198
308 204
269 195
272 207
279 198
276 186
265 207
275 195
268 195
267 213
264 186
271 192
270 195
297 222
281 195
306 207
274 222
286 261
281 201
310 216
286 195
313 201
298 189
282 171
309 195
293 189
299 189
416 258
307 213
303 201
342 228
305 210
310 189
306 198
372 198
340 183
330 192
320 222
297 192
301 183
322 228
296 189
305 183
292 189
306 189
308 195
298 192
287 198
304 192
288 234
275 174
277 186
281 204
271 180
288 213
277 192
274 201
271 213
272 183
