467489 130641
467295 129759
467388 130602
467604 130536
467275 130023
467564 130653
467437 130551
468223 131883
467407 130110
467587 130230
467569 130590
467117 130176
467243 130173
467940 131178
467550 130497
467330 130551
467967 131616
467294 130221
467877 130524
467759 130677
467618 130392
467637 130428
468044 131394
467252 130473
467307 130383
467251 130461
467553 130581
467803 130704
467281 130257
467350 130281
467689 130839
467443 130245
467408 130290
468195 131313
467575 130755
468162 131310
467914 130473
467689 130560
467305 130395
467358 129972
467483 130344
468332 131730
467515 130809
469059 132567
466829 130188
468104 130707
468593 131250
467552 130710
467897 130872
467337 130098
467279 130305
467982 131349
467608 130401
467515 130947
467613 130944
467505 130560
468672 131292
467863 131004
466964 130098
467422 130509
467550 130758
467024 130461
467622 130629
467540 130575
467787 130362
468293 130974
467889 130746
467827 131187
468295 131325
467451 129861
467951 130602
467882 130683
467685 130392
467916 130476
468308 131469
467635 130323
467742 130449
467748 130731
469004 132051
467819 130422
468754 131730
467377 130182
468068 131277
467307 130173
467364 130500
469415 132477
467717 130278
467194 129666
467454 130110
467397 130614
468606 132513
468156 131301
467305 130032
467581 130599
467289 130632
467977 131757
467161 129924
468798 131595
467391 130446
468384 131634
