597935 163686
598240 164421
597925 163665
597915 164136
598441 165345
598473 163983
597615 164184
598355 164352
597898 164022
598261 164814
598019 164100
597989 164328
598135 164160
598411 164454
598553 164607
598457 164286
598226 164235
598223 164487
598019 163872
598088 164295
598643 164874
598278 163671
597928 164022
597924 163953
598486 164238
598676 165117
598202 164463
598024 164007
600014 166662
597794 163317
598056 163947
597865 163752
598127 164142
598131 164001
598028 164130
598677 164724
597815 164097
597660 164061
599265 166113
598180 163962
598240 164082
599456 165414
598421 164550
597879 163722
598189 164217
599081 164724
598356 164301
597945 164064
598176 164106
597857 164382
597996 164298
598283 164424
599427 166488
598271 163872
597920 163890
598511 165168
600331 166131
598215 163983
598276 163818
599635 165441
598057 163932
597954 163917
598326 164076
599993 165852
599353 165804
598165 164313
601008 167301
597883 163740
597881 164181
600756 167307
598447 163836
598227 164565
597845 164085
598184 163698
597820 164064
598203 164772
597975 164202
600060 166488
598442 164478
598579 164892
597991 164058
599882 165504
598495 164670
599584 166119
599427 164691
598127 163653
598582 164352
598172 163680
599589 165927
598339 164634
599667 165039
598201 163998
598698 165177
598520 164409
600641 166071
599293 165276
597893 163209
598316 163938
597921 164271
598913 165090
