279086 81729
278877 82188
279268 82344
279109 82179
279118 81975
278803 82089
278842 81948
278648 81864
278982 81828
279397 82818
279198 82365
279112 82161
279500 83136
279157 81804
278940 81966
279516 82707
279004 82128
278968 82161
280151 83460
279115 82008
279011 81834
278975 81714
279055 81891
279607 83181
279151 82269
279002 81783
279862 83709
280085 83853
279074 81852
279959 83427
278990 82020
279487 82593
279280 81957
279995 83514
279451 82590
278947 81939
279707 82455
278751 81861
280268 83745
279348 82239
279837 82866
278924 82065
279013 82257
279784 82983
279575 82548
280207 83733
278961 82068
279080 82080
279751 83067
278958 82161
279266 82368
279077 82335
280079 83109
279073 81975
279027 81897
279040 82110
279681 82473
279474 82098
279302 82296
279466 82569
278971 81867
280343 83970
279361 81777
278955 82044
280540 83064
279148 82203
278895 81810
279225 82455
279039 81999
279157 82572
279021 82287
279359 82899
279342 82203
279578 83007
279386 82284
278921 81900
278980 82092
279215 82617
279075 81936
280483 83430
279323 81684
279373 82170
280211 83895
278938 81873
279511 82329
279861 82311
279612 83061
279748 82350
279175 81918
279606 82632
279343 82401
278988 82146
280498 83061
279067 81714
279997 82686
280019 82728
279316 82083
279198 82050
279521 82710
279454 82560
