59706 20427
59878 20505
59785 20640
59893 20559
59680 20412
59697 20478
59913 20580
59828 20451
59701 20436
60003 20880
60121 21009
59743 20340
59727 20454
59743 20559
60021 20904
59776 20433
60042 20985
59765 20481
59729 20562
60034 20904
59890 20727
59908 20553
59828 20520
59675 20565
60146 21600
59779 20415
59856 20571
59716 20574
60274 21216
59835 20358
59630 20322
59668 20481
59821 20553
59843 20685
59890 20529
59973 20808
60517 21342
59838 20406
59843 20688
59865 20562
60289 20931
59791 20451
60455 21228
59872 20589
60543 21297
59789 20412
59993 20604
60636 21441
59903 20625
60870 21711
59759 20484
60248 21162
59821 20325
59823 20484
59837 20757
59861 20640
60337 20877
59915 20745
59822 20337
59910 20415
59767 20574
59689 20424
59840 20490
59774 20472
59794 20478
60391 21261
59952 20559
59799 20538
60714 20877
60070 20808
59777 20544
59686 20493
59762 20481
59729 20403
61012 21534
59746 20526
59907 20655
60723 21243
60921 21072
59767 20436
59859 20568
60034 20694
61206 21951
60087 20544
60288 20958
59800 20436
61036 21498
59935 20565
60354 21162
59970 20541
60084 21099
60036 20490
61246 20826
59843 20355
60378 21165
60028 20400
60013 20526
60524 21060
59857 20514
60242 21258
