419141 118059
419574 118230
419484 118500
419562 118071
419682 118635
419903 118722
420201 118671
419445 118497
419740 118338
419405 118257
419390 118419
419594 118617
420533 120354
419522 118770
419628 118608
419828 119199
419425 117972
419399 117873
419662 118251
420016 118980
419724 118089
419151 118020
419809 118875
419584 118182
419120 117756
419039 117609
419376 118272
419379 118281
419602 118437
420083 118983
419558 118002
419871 118839
419818 118332
419924 118920
419618 118122
419764 119022
419531 118560
419947 118317
419318 117822
419569 118155
419459 118749
422503 122085
419583 118149
419773 118572
420618 120405
419493 117867
420773 119493
419290 118263
419245 118044
420431 119385
420588 118881
419384 118491
419938 118695
419675 118254
419740 118254
419439 118479
420735 119748
421304 120333
419752 118368
420322 118665
419837 118446
420804 119589
419746 118383
420678 119163
419827 118254
419648 118407
419802 118857
419671 118398
420095 118974
419562 118545
420617 121005
419947 118719
419463 118200
420789 119730
419732 118215
419817 118692
419885 118404
419982 119334
419691 118410
420534 119520
420057 119544
419392 117900
419361 117879
419504 118356
419369 118023
420673 119628
419637 118071
419434 118230
419693 118515
420224 119799
419519 118530
419294 118299
421749 120228
419719 118533
419944 118944
419384 118413
419988 119115
419254 118113
419965 118578
419748 118137
