387772 110001
388205 110406
387893 110556
387935 110415
388062 110586
388121 110676
387728 110286
387946 110184
387683 110022
387930 110520
388738 111327
387801 110460
388017 110655
388776 111807
387744 110289
388209 110796
387851 110385
387863 110229
387864 110295
388414 110721
387883 110133
388171 110517
388161 110220
388391 111063
388689 110871
388495 110913
388060 110295
387840 110223
388374 110985
388126 110442
388839 111411
387921 110214
388016 110514
388567 110976
388986 111906
388159 110235
388688 111327
388342 110691
388733 111387
389137 112221
387536 110199
388039 110643
388052 110385
387681 109986
388023 110409
388068 110448
388282 110604
387941 110601
388038 110418
388980 111642
388184 110586
387789 110082
388522 110730
389146 112170
388197 110361
390128 112476
387929 110073
387947 110415
388344 110742
388253 110595
388212 110556
388904 111585
387978 110541
388184 110466
388345 110508
388328 110736
388818 112089
388179 110199
388095 110517
389221 111672
387953 110412
388218 110535
388315 111159
388360 110550
388480 110727
387793 110493
387952 110118
388172 110298
389129 111285
388225 110841
388216 110427
387977 110655
388448 111399
388546 110724
387562 109827
388083 110598
388998 111273
388094 110706
388783 111168
388164 110196
387837 110460
388013 110163
388847 111195
387648 110019
388779 111309
387737 110451
388902 111555
387843 110289
388454 110898
387674 110022
