614720 167721
614397 167760
614191 167892
614810 168762
614605 168552
615264 169698
614571 167943
614872 168468
614626 168183
615367 169878
614419 168129
614688 169044
614290 168132
614251 167904
614896 168882
614605 168201
614551 167856
614653 168387
614667 168369
615315 168759
614120 167664
614526 167940
614226 168330
615456 169953
614497 168339
614273 168186
616524 171405
614441 167703
614753 168228
614745 168516
615329 168972
614933 169116
614276 167868
615345 169767
614135 168132
614141 168498
615002 168705
614514 168345
615429 169581
614227 167718
615036 168384
614488 169005
616062 169794
615902 169653
614411 168024
614853 168780
614622 168171
614978 168456
615855 170874
614065 167889
614812 167997
614457 168381
615372 169920
614830 168510
614568 168303
615109 169287
614243 168084
614360 168162
614566 167865
614717 168474
615385 169713
614699 167982
615652 170103
614531 168033
614726 168042
614554 168270
614046 168114
614734 168447
616134 169758
614114 167793
614933 168915
614260 167979
614689 168384
614363 168309
614262 167937
614556 168840
614503 168144
615786 169842
614553 168288
614183 168084
615398 168747
616138 169320
614965 168120
616056 168516
614450 168117
616189 169566
614764 168261
617254 170394
614747 168573
615828 169251
614653 168120
615767 170178
614886 168735
616587 170196
614646 168402
616619 169227
614412 167715
616236 170046
614667 167622
614413 167973
