341008 98133
341030 98301
340886 98562
340872 98661
341420 98943
341038 98166
340981 98589
341238 98655
341486 99522
341284 99138
340813 98565
341381 99210
341186 98637
341780 99330
341254 98595
341783 99528
340674 98133
342095 99756
341325 98487
341032 98232
341793 100038
340834 98100
340814 98133
341457 99306
341284 98592
341036 98394
340990 98283
342230 100440
341161 98415
341578 99048
340947 98490
340960 98502
341107 98481
340983 99078
341175 98046
341850 99369
341196 98484
341128 98922
341059 98319
341586 99375
340884 98286
341857 99102
340930 98094
341156 98388
340975 98421
341708 99321
341100 98820
342741 100479
341165 98379
341064 98124
341077 98436
341241 98772
342086 99780
341193 98646
341356 98604
341321 98355
340896 98535
342461 100542
341041 98424
341211 98661
343158 100485
342077 98526
341281 98286
341078 98715
341043 98826
341280 99138
341423 98754
341328 98673
342023 100131
341325 98589
342638 100509
341616 98787
341016 98481
341146 98499
342155 99987
341284 98100
341412 98724
342871 100956
341117 98307
341409 99219
341141 98481
341225 98607
341182 98514
343101 100878
340958 98103
341071 98100
341517 99060
340978 98610
341437 98529
341705 99039
341250 98433
341065 99084
341063 98649
342550 99492
341399 99339
341458 98742
344705 101910
341366 98673
342166 99789
341341 98328
