9575 4071
9680 4203
9634 4083
9623 4059
9614 4074
9583 4155
9683 4131
9739 4263
9674 4074
9697 4101
9637 4161
9651 4182
9907 4464
9747 4167
9599 3957
9661 4080
9674 4098
9677 4101
9658 4026
9832 4257
9756 4122
9617 4005
9657 4038
9735 4158
9641 4086
9676 4191
9907 4584
9750 4248
9633 4014
9671 4101
9613 4095
9777 4182
9623 4101
9685 4116
9786 4215
9767 4212
9722 4014
9719 4050
9676 4107
9677 4047
9707 4125
9861 4293
9691 4020
9831 4182
9821 4335
9769 4074
9712 4128
9700 4104
9721 4092
10051 4563
9694 4014
9704 4071
9716 4041
9761 4164
9663 4071
9796 4227
9705 4089
9686 4140
9990 4503
9641 3987
9733 4131
9686 4095
10410 4503
9674 4044
9629 4092
9930 4638
9629 4053
9653 4074
9691 4137
9856 4362
9806 4230
9806 4113
10292 4386
9962 4131
9855 4137
10475 4320
9964 4164
9837 4050
9928 4212
10104 4287
9853 4098
9986 4263
9844 4038
9933 4185
9858 4083
9854 4083
10237 4311
9861 4140
10967 4419
10274 4407
9850 4083
9844 4116
10200 4413
9825 4110
9870 4083
9911 4191
9803 4074
10177 4623
9838 4125
9815 3987
