138 108
140 114
151 126
145 114
148 123
160 105
151 117
156 123
159 105
156 108
153 114
159 105
157 102
166 111
178 114
203 111
187 111
158 108
172 123
149 114
164 111
164 114
154 111
152 141
151 117
155 120
145 114
131 126
148 120
140 114
136 108
136 129
149 126
149 111
148 123
153 120
156 108
157 120
145 108
157 111
158 108
175 132
156 102
163 114
179 114
191 117
174 114
213 126
161 123
182 114
152 114
187 132
159 108
165 114
153 120
156 147
139 132
143 120
154 120
143 132
136 114
147 120
136 111
137 111
142 108
151 105
151 111
148 108
155 111
183 135
156 102
187 132
161 114
163 105
222 117
168 120
187 102
192 108
163 108
158 111
168 120
195 141
173 120
155 114
146 114
162 147
149 114
152 111
148 111
138 114
139 105
135 105
141 126
145 135
148 111
148 108
144 108
149 120
154 114
154 108
