202643 60906
202533 61035
202772 60867
202589 61023
202658 61137
203073 61608
202896 61020
203159 61995
202762 61038
202763 61356
202960 61374
202745 61266
203687 62868
202407 60741
202658 61023
202581 60858
202750 61077
203261 61866
202837 61074
202710 61074
203080 61536
202826 61428
203218 62037
202760 61821
202779 61170
202502 61080
203130 61605
202711 61176
202638 61002
202760 61374
203439 62163
202704 61155
202910 61488
203915 63357
202876 60948
202572 60912
203556 62175
202595 61083
202844 60999
202667 61059
202706 60993
202824 61296
203446 62124
202892 61110
202496 61011
202820 61311
203407 61563
202894 61149
202925 61263
202762 60948
202865 61323
203457 62265
202823 61326
203966 63039
202509 60990
202901 61368
202633 61098
202753 61386
203899 62670
202963 61158
203469 61788
202695 61113
203111 61695
203063 61116
202918 61431
203330 62136
203296 61149
202854 61059
203920 62106
202950 61305
204068 62829
202765 60984
203847 62517
202779 60936
202473 61026
203224 61947
203399 61893
202856 61053
202825 61263
204217 62532
202768 60867
202931 61617
203664 62616
203928 61737
202906 60885
204149 62004
203200 61569
202810 61110
202845 61047
204137 62787
202860 61158
202633 61050
202854 61164
204377 62160
202734 61041
202762 61182
203363 62565
202922 61017
202810 61260
203230 62127
