581451 159126
581590 159360
581567 159720
581446 159897
581767 160380
581524 159963
582016 160980
581620 159885
581778 160524
581543 159435
581468 159561
581926 159939
581296 159474
581262 159591
582401 160767
581621 159957
582279 161202
581081 160083
582192 160764
581766 160122
581841 159411
581628 159780
581616 159759
581866 160197
582033 161073
581744 159624
581937 160542
581844 160305
581732 160335
583045 162327
582100 160575
582177 160029
582626 160683
582832 161670
581700 160353
582224 160998
582966 161925
581814 159726
581695 160116
582242 160263
583488 161778
582145 160182
582143 160704
581670 159876
582561 160926
581996 159996
581677 159942
581543 159708
582770 161253
581994 160302
581390 159753
582248 160461
581620 159996
581775 159756
581394 159831
583619 161907
581804 160098
582747 161157
581507 159756
581784 159873
581324 159405
583204 163269
581464 159882
581977 160230
581812 160338
582318 160767
581702 159810
581542 159972
582970 160938
582189 160692
582341 160140
581428 159945
581547 159903
581308 159771
583368 161211
581539 159462
581568 159918
582121 160005
582552 159873
581733 159807
581976 160161
583701 161301
581826 160002
584112 162657
582233 159948
581820 159894
586727 165708
581759 160071
583452 162099
582149 160014
582036 159744
583741 162066
581660 159735
582541 160482
581835 159942
584650 162282
581530 159984
581707 159906
583267 162630
581801 159738
