696895 189213
697172 189096
697122 188943
697027 189156
697053 188202
696893 188760
697406 190017
697056 189342
696911 188382
697166 188889
696788 188916
697689 190095
697682 189855
696658 188655
696446 188526
697275 189198
698028 189813
696876 189249
697090 189378
697636 190041
696791 189129
696748 188649
698024 190629
696980 188787
696927 188415
697435 189816
697032 188721
698031 190260
697120 188865
697687 189210
697141 188538
697574 189852
696755 188766
697466 189432
696869 188961
696900 188955
696238 188280
699190 190971
697201 188853
696834 188685
697986 190353
698917 191643
696681 188817
698449 190911
697890 189945
697194 188505
697222 189066
697302 188790
697340 188850
697463 189420
697286 188769
698736 191139
697214 188670
698138 190356
696911 188745
697425 188979
697007 188820
697270 189021
699954 192048
696846 188634
696881 188835
697484 189678
697687 189894
696637 188622
696648 188865
698419 190752
697054 189291
697191 188499
699341 191529
696809 188427
697336 189540
696443 188448
699715 192120
696986 188277
696958 188775
698748 190869
696951 189105
697481 189819
698416 190116
697092 188820
698379 190668
696850 188409
696866 188418
697174 188691
697598 189342
696603 188532
696830 188667
698686 191169
697302 188895
696891 188787
698319 189690
696927 188517
697118 188664
698016 189987
696899 189018
698987 190221
697281 188376
698541 190593
697195 188751
697186 189207
