46397 16233
46488 16365
46635 16512
46480 16389
46461 16407
46370 16233
46652 16764
46510 16272
46486 16134
46473 16305
46423 16353
46550 16347
46721 16764
46423 16413
46637 16377
46424 16335
46473 16446
46445 16335
46487 16269
46702 16593
46443 16320
46417 16338
46468 16248
47022 17085
46314 16278
46653 16545
46457 16296
46508 16212
46822 16767
46539 16467
46499 16455
47013 16569
46592 16500
46508 16257
46578 16347
46496 16623
46467 16446
46915 16944
46485 16236
46336 16119
46554 16377
46457 16311
46392 16191
46700 16515
46569 16344
46419 16335
46492 16398
47077 17433
46429 16182
46505 16419
46798 16956
46481 16380
47029 17061
46645 16578
46495 16344
47003 16647
46673 16329
46719 16581
46510 16410
47557 16524
46456 16326
46483 16326
46443 16386
47908 17601
46915 16647
46784 16392
46849 16473
46956 17079
46551 16386
47718 17235
46728 16251
47457 17271
46688 16437
46603 16323
46945 16812
46745 16449
47833 17196
46546 16263
46470 16119
46551 16320
46845 16791
46986 16422
46673 16410
46798 16809
46625 16353
46484 16239
46962 16800
46652 16329
46543 16275
47213 17202
46550 16320
46549 16344
46862 16575
47038 16698
46598 16404
47034 16878
46572 16332
47485 17133
46540 16158
46498 16365
