483713 134067
483500 133848
483591 133956
483564 134706
483655 134541
483721 135135
483402 134334
483441 134919
483768 135624
483559 134340
483494 134472
483207 134013
483424 134700
483921 135138
483985 134685
485092 136281
483894 135165
483724 134106
484024 135102
483677 134310
483659 134622
484143 134979
485800 137454
483559 134454
483802 135081
484357 136239
484856 135939
483422 134433
484017 135081
484041 134817
484417 135432
483567 134283
483359 134373
483970 135108
483493 134400
483727 134469
484802 136794
484052 134451
484838 135942
483674 134763
484754 136377
484441 136062
483426 133980
483765 134352
484343 134700
483539 134496
483463 134130
485242 136107
483752 134484
483508 134421
484167 135117
483754 134715
484058 135357
484576 135714
483365 134112
483752 134973
485807 136449
483532 134583
485296 136626
483271 134190
483821 134115
483477 134268
484431 135630
483714 135240
488452 139638
483621 134262
483686 134598
484508 135483
483664 134499
483661 134730
484871 135675
483904 134895
483801 134466
483669 134802
484897 135570
484372 135465
483873 134589
484751 135723
483615 134679
484975 135552
483689 134475
485222 136272
485022 135936
484019 135120
483866 133998
483739 134211
484408 136137
483825 134490
483795 134802
484810 136686
483893 135114
484467 135414
484213 135051
483840 134538
483564 134523
483770 134217
483942 135033
483602 134502
483631 134580
484729 135606
