115235 36948
115329 37065
115271 36879
114989 36693
115175 36939
114906 36888
115349 37122
115376 37176
115121 36852
115522 37155
115117 36786
115404 37113
115336 37329
115034 36684
115089 36819
115724 37560
115104 36885
115168 36930
115374 37125
116217 38388
115220 36792
115392 36978
115188 36708
115281 36951
115484 37467
115117 36684
115677 37389
115299 36660
115540 37635
115115 36573
115119 36762
115263 37101
115268 36936
115092 36741
115147 36759
115283 36831
115137 36801
115225 36870
115499 37641
115880 37350
115147 36663
115653 37341
115230 37014
115237 36687
115218 36825
115531 37389
115294 37092
115392 37152
115480 37287
115272 36723
115156 36801
115331 36903
115147 36822
115096 36762
115353 36861
115240 36996
115514 37491
115459 37302
115137 36936
115041 36612
115687 37377
115243 36720
115115 36654
115269 36867
115749 37875
115198 36825
115060 36867
117065 38214
115142 36687
115044 36960
115526 37017
115754 37845
115792 37737
115827 36810
115256 36750
116275 37629
115411 36885
116410 37560
115447 36816
116810 38253
115848 37368
115392 36786
115355 36990
116381 37740
116563 37821
115266 36657
115318 37032
116445 37965
115568 36894
115123 36762
115370 36855
116521 38502
115289 36783
115259 36768
115353 36978
117536 37884
115209 36834
115274 36834
116471 37617
115106 36561
