33651 12207
33662 12288
33633 12348
33650 12321
33816 12627
33646 12360
33676 12375
33654 12312
33701 12399
33587 12282
33623 12387
33649 12261
33836 12486
33837 12255
33686 12324
33776 12531
33668 12300
33777 12570
33732 12363
33840 12534
33641 12303
33907 12531
33713 12393
33998 12897
33821 12405
33701 12294
34061 13044
33758 12225
33715 12147
33729 12315
33706 12444
33842 12468
33836 12402
33624 12405
33813 12837
33639 12204
33828 12489
33825 12492
33713 12711
33621 12258
33641 12360
33599 12198
33634 12351
34111 12969
33678 12183
33699 12450
33663 12207
34272 12861
33721 12324
33865 12429
33851 12264
33737 12294
34355 12981
33811 12324
33870 12294
33833 12312
34380 12963
33737 12267
33765 12306
33859 12633
33745 12273
33915 12798
33750 12228
34604 12978
33707 12090
33650 12207
33810 12450
33852 12420
33706 12369
33780 12339
33862 12480
33776 12402
34159 12840
33700 12138
33733 12240
33711 12213
34530 12789
33690 12312
33706 12348
34754 12798
33759 12357
34198 12888
33898 12528
33655 12168
33704 12255
34064 13041
33863 12297
34116 12591
33674 12288
33627 12258
33684 12336
33678 12366
34141 12777
33745 12321
34093 13113
33771 12390
34649 12948
33733 12429
33840 12510
34920 12858
