34 36
31 33
35 33
38 30
41 33
38 33
38 30
38 36
32 30
33 33
32 36
34 36
36 33
37 33
38 30
44 30
59 30
36 33
36 33
32 33
31 33
35 39
33 33
29 30
34 39
44 30
35 36
43 30
40 30
38 36
33 30
33 33
32 39
33 33
31 33
42 42
36 27
43 30
50 30
33 39
34 33
33 36
29 36
35 39
30 33
34 39
34 33
43 30
39 30
48 24
39 33
29 30
36 39
31 33
31 33
35 39
32 42
34 36
49 33
35 33
41 36
39 30
41 33
35 33
31 39
32 33
34 33
30 33
38 30
45 30
43 30
49 33
36 30
34 30
34 30
32 36
33 33
35 39
33 30
36 30
45 30
41 30
49 24
42 33
41 36
38 36
30 36
33 33
31 33
33 30
36 36
34 30
40 36
42 27
40 39
32 33
34 33
34 36
32 33
31 33
