356663 102309
356663 102501
356431 102411
356799 102933
356557 102519
356608 102687
356490 102828
356681 102420
356696 102588
356547 102384
357172 103272
356593 102315
356567 102507
357103 102819
356626 102255
356450 102138
356549 102471
356851 102585
356757 102693
357263 103308
356668 102279
356602 102408
356672 102552
357184 103146
356592 102519
357908 104181
356823 102465
357242 103278
356829 102951
356913 102558
357780 103884
356655 102273
356790 102480
357166 103113
356749 102648
356850 102795
358131 105162
356749 102663
356668 102699
356673 102510
357119 103236
356614 102459
356524 102477
356995 102819
357269 102936
356752 102564
357325 103176
356810 102609
357682 103647
356289 102177
357900 103890
357582 103077
356601 102681
357901 103095
356849 102357
358280 104298
356987 103053
357648 103941
356418 101997
357037 102696
357449 103944
356611 102150
357903 103197
357456 103365
356826 102408
356491 102270
356674 102216
356517 102393
356825 102885
357722 103956
356984 102510
356480 102165
356875 102300
356702 102399
356924 102702
357300 102834
356671 102231
358989 104253
356961 102471
356691 102333
357177 103452
357933 102978
356415 102063
357575 103842
356926 102825
356620 102363
356810 102648
357040 103059
357081 102897
356570 102222
358702 104364
357015 102669
356694 102393
357941 103407
356388 102072
356765 102414
356695 102636
356925 103530
356656 102252
357310 103239
