325594 94344
325516 94668
325471 94533
325376 94353
325560 94389
325833 94938
325799 94659
325859 95253
325734 94887
325575 94074
325567 94713
325410 94146
325767 94752
325367 94410
325417 94131
325609 94482
325399 94515
325210 94290
326334 96030
325608 94221
326164 95463
326015 95127
325802 94230
325819 94770
325513 94272
325569 94236
325455 94755
327144 97227
325513 94398
325643 94518
326192 95754
325518 94569
326055 95106
325603 94557
325804 94446
326207 95436
325423 94692
326154 95073
326291 95283
325394 94089
326183 94734
325353 94311
325364 94107
326837 96015
325489 94425
326998 96240
325756 94221
325676 94485
325750 94575
326199 94965
327184 97119
325511 94164
325593 94599
325530 94422
325647 94446
326087 95037
325602 94707
326629 95034
325612 94551
326829 95100
325592 94443
326043 94842
325585 94479
325729 94572
326063 95577
325655 94476
326377 95712
325960 94911
325480 94116
325529 94125
327429 96198
325301 94098
325881 95043
325494 94245
326799 95610
325337 93897
325464 94218
325631 94437
325569 94488
326061 95118
325535 94221
325493 94806
325794 94662
325583 94866
325663 94518
327495 95685
325633 94545
327356 97311
325526 94575
325675 94581
325742 94506
326001 94968
325678 94401
325618 94062
327243 96279
325750 94026
325477 94116
325893 94332
328227 96930
325816 94512
