217695 64734
217697 65031
217665 64935
217597 65280
217897 65406
217967 65964
217828 65679
217751 65406
217867 65613
217800 65433
217800 65448
218293 65925
217725 65091
218000 65805
217782 65544
217913 65289
218770 66933
217765 65253
218251 65421
217674 64752
217768 65325
218104 66363
217809 65379
218399 66096
217969 65541
218237 65598
217686 65262
218302 66045
217646 65106
217735 65166
218046 65550
217991 65700
217779 65115
218245 65481
217836 65202
217649 65571
217802 65055
217902 65427
218609 66471
218375 66051
217841 65073
217855 65319
217763 65193
217753 65169
217737 65208
218521 66027
217735 65208
217637 65727
217981 65481
217886 65574
217879 64998
217871 65328
218072 66093
217513 65163
218030 65805
218229 65739
217894 65103
217755 65490
218262 65796
218160 65661
218820 66204
217522 64866
217866 65229
217843 65292
217974 65256
218021 65349
218756 66639
218071 65355
217988 65232
217954 65142
218760 66012
218072 65241
218198 65676
218145 65172
218141 65370
218064 65199
218138 65718
217944 65163
219338 66798
218094 65274
219355 66723
218311 65982
217785 65265
218541 66177
217973 65418
218239 66297
217894 65544
218839 67056
217851 65154
217826 65370
218543 66987
217898 65394
218969 66786
217814 65241
218570 66042
217691 65253
218048 66585
218064 65736
218500 66384
217778 65007
