207 159
204 153
204 165
210 156
210 147
207 150
216 153
237 153
236 144
208 144
216 180
217 153
244 195
213 150
306 186
222 147
297 174
233 153
239 153
264 150
271 156
241 144
260 156
244 162
232 159
226 147
226 153
229 147
248 186
231 147
237 153
235 144
222 165
242 168
208 153
203 141
212 162
215 159
211 159
202 153
203 159
200 162
199 159
218 162
200 144
219 159
204 150
211 162
248 186
225 147
226 162
263 186
216 147
233 159
225 141
225 153
215 171
314 177
226 141
233 156
269 156
279 168
291 189
267 159
280 195
227 162
233 147
225 138
225 156
229 153
233 141
231 141
225 141
221 156
219 156
209 144
206 150
203 153
205 150
203 156
197 144
206 159
197 177
217 180
202 153
204 153
209 162
218 162
217 159
214 159
224 153
252 174
226 150
239 150
232 153
232 156
224 159
218 150
358 189
229 147
