144113 45396
144122 45465
144061 45342
143951 45291
144310 45729
144207 45483
143869 45036
144714 46551
143932 45084
144197 45573
144090 45030
143973 44922
144088 45231
143997 45318
144073 45216
144814 46254
143937 45072
144100 45318
144041 45117
144835 46545
144008 45060
143890 45069
144185 45504
144145 45219
143937 45000
144102 45402
144095 45066
144355 46002
144012 45411
144060 44958
144077 45396
144853 46287
143907 44952
144113 45063
144643 45774
144099 45219
144431 46044
144911 45924
144048 45282
143941 45150
143902 45120
144371 45570
143991 45084
144071 45168
143971 44973
145245 46440
144194 45243
144089 45201
144960 45906
144090 45105
144168 45366
144699 45648
145058 45798
144066 44961
144195 45636
144263 45147
144503 45420
144126 45165
144039 45150
144071 44997
144140 45003
144802 45297
144204 45222
143993 45135
144485 45534
144074 45219
144595 46017
144016 45207
144482 45801
145320 46440
144114 44964
143951 45093
143943 45204
144084 45654
144207 45474
145254 46266
144003 45333
144175 45378
143983 45267
145340 46530
144159 45096
144662 46224
143992 45129
144545 45396
143966 45078
144036 45186
144705 45753
144228 45186
144328 45324
144282 45297
144372 45213
144811 45897
144309 45198
144539 45891
145142 45606
144467 45270
145078 45549
144370 45171
144302 45087
144240 45186
