372111 106356
372157 106491
372123 106458
372337 106881
372383 106665
372326 106626
372340 106572
372872 107100
372463 106809
372947 107652
372534 107079
372192 106485
372592 107292
372963 107784
372464 106545
372962 107340
372231 106185
372594 106608
373329 107655
372462 106599
373036 107430
372129 106167
372959 107145
372432 105903
372191 106224
372287 106398
372779 107022
372420 106380
372179 106176
372143 106248
372690 106944
373155 107607
372340 106389
372724 106833
372862 106920
372189 106389
374119 108708
372299 106131
372396 106437
372270 106617
372957 107301
372771 106791
372399 106428
372922 106893
373145 107592
372297 106026
372244 106293
372460 106776
372264 106164
372258 106158
372258 106698
373171 107133
372768 106740
372433 105996
372760 107070
375469 110973
372027 105951
372150 106170
374310 108687
372300 106179
372496 106629
373394 107487
372672 106521
373334 108018
372603 106392
373312 107811
372233 106386
372962 107610
372416 106389
373204 106941
372415 106719
372467 106425
373129 107553
372391 106821
372239 105972
372570 106605
372341 106362
374024 109098
372214 106125
372549 106740
372400 106869
372661 107352
372499 106401
372396 106491
372182 106215
373807 108270
372087 106137
372394 106386
372745 106986
372627 107271
372142 106194
372026 106314
375131 108660
372086 106050
372041 106107
373542 106833
372184 106353
373385 106746
372290 106695
372855 106764
