565292 155856
565475 155868
565309 155499
565022 155694
564756 155199
564802 155424
565095 155391
565307 155502
565680 156435
565266 155730
565718 156204
565198 155703
565127 155493
565335 155772
566263 157995
564885 155325
565326 155922
565169 155913
566353 157719
564978 155358
564961 155556
565550 156099
565328 155544
565172 155604
565538 155643
564838 155868
565452 156714
565364 155766
566038 157155
564705 155088
565203 155634
565558 155934
565984 156930
564863 155487
565660 155865
566610 156519
565005 155430
564907 155151
565031 155664
565258 155679
566331 157866
565365 155724
565405 155316
565758 155865
565127 155799
566754 157761
565057 155160
565933 156768
564855 155379
566430 157887
565677 156189
565213 155400
565567 156504
565365 155907
566258 156333
564857 155997
567440 157839
565256 155850
566734 157197
564922 155130
565438 155706
565101 155808
566283 156852
565155 155208
565626 156294
565186 156252
565326 155505
565258 155412
565400 156258
565054 155730
566188 156981
564897 155415
567134 157092
565569 156090
566758 157896
565532 155589
566502 156651
565531 156342
566388 156960
565503 155370
565530 155892
565099 155826
567126 157656
565245 155241
565386 155457
567226 157272
565356 155325
565413 155673
566689 157197
565325 155370
565499 155769
565218 155526
567271 157458
565433 155859
565840 156174
565256 155550
566111 156582
565318 155349
565334 155787
566450 158217
