294427 86259
294419 86046
294575 86310
294524 86154
294779 86451
294504 86187
294897 87054
294500 86304
294433 86448
295562 88167
294404 86313
295266 87642
294463 86115
294784 86697
294383 86238
295113 87309
294455 86463
295527 87645
295260 87270
294443 86055
294819 86349
294546 86130
295158 87222
294695 86232
294765 86604
294662 86313
294422 86202
295419 87330
294692 86196
294850 86346
294603 86820
295314 87483
294488 86319
294428 86205
295738 88104
294383 86106
294276 86481
294517 85881
294532 86130
294432 85944
294443 86022
294595 86556
296235 88299
294425 86253
295160 87219
294691 86217
294545 86379
294477 86130
295009 86817
294495 86142
294404 86199
295171 87063
294293 86058
295229 87507
295469 86760
294590 86013
294889 86982
294603 86172
294655 86223
295871 86760
295916 87237
294483 86160
294546 86013
294536 86232
294492 86256
294802 86430
295675 86709
294706 86700
294442 85767
295536 87279
294440 85929
294691 86415
294664 87051
294553 86364
294991 86487
295758 87993
294815 86130
295021 87483
294258 86097
294874 86568
294459 86178
295627 87660
294655 86019
294723 86319
295415 87219
296096 87420
294655 86016
294715 86079
294608 86241
295195 86847
294772 86529
295969 87495
294767 86106
294742 86007
294686 86145
294397 85830
296548 88068
294660 86052
295654 86994
294999 86943
