129661 41091
129462 41091
129492 40983
129506 40995
129469 41151
129424 41001
129757 41541
129708 41346
129772 41184
129621 41079
129510 41007
129670 41091
129799 41241
129600 41037
129564 41001
129451 40956
129423 40941
130142 41700
129339 41079
129815 41223
129655 41052
129493 41115
129833 41466
129927 41274
129916 41157
129585 41139
130453 42420
129517 40968
129625 41268
130028 41340
129719 41136
129624 40782
129528 40854
129646 40845
129499 40974
129932 41445
129592 41112
129398 41217
129533 41295
129418 40749
129692 41256
129544 41040
129986 42006
130484 41418
129591 41019
129531 40755
129673 41046
129640 41286
129564 40833
130399 41580
129454 40758
130314 41880
129490 40929
129889 41724
129813 41004
129665 41031
129796 41157
129472 40971
129592 41013
129579 40983
130026 41781
129579 41052
129413 40746
129538 40968
130290 41493
129510 41274
129468 41130
130500 41886
129657 41004
129684 41166
129420 40824
129826 41982
129836 41136
129356 40902
129534 41298
129551 41094
130807 42405
129962 41397
129516 40878
129577 41070
129870 41658
129849 41169
130914 42666
129714 40989
129820 40848
129698 41082
131722 43143
129742 40923
130516 41961
129750 40851
129883 41082
131140 42324
129736 40944
129830 41016
130347 41877
129578 40935
130177 41343
130839 41907
129668 41088
130889 42375
