531954 146448
532572 147174
532410 147378
532499 147348
531976 146817
532467 147120
533204 148392
532222 146862
532539 147468
532407 147063
532497 147447
533676 149046
532517 147474
533110 148773
532468 147456
532924 147675
532404 147357
532361 147210
533476 148671
532226 147021
532568 147462
532334 147354
532327 146952
532374 147168
532978 147927
532138 146907
532641 147213
532870 147657
532831 147450
532482 146598
532729 147675
532482 147120
532947 147684
532405 147216
532381 146913
532298 147477
533101 148344
533110 147672
533009 147228
532657 147522
533252 147747
532601 147255
532829 147846
533743 148710
532535 146913
532509 147255
532951 147753
533338 148227
532719 147204
535266 150060
532500 146712
532366 146730
532978 148386
532503 146859
532494 146859
532484 147234
532621 147330
532822 147867
532476 147357
532534 147111
532898 148023
532448 147411
533703 148779
532249 147060
534050 148410
534307 149337
532350 147222
534281 148086
532278 146895
533583 148401
532247 146688
532626 147411
532920 147618
533205 148026
532652 147360
533831 149118
532633 147381
533941 148503
532286 147141
533370 147471
532396 147129
533778 148005
532583 147000
532893 147660
532659 147333
534554 147825
532763 147165
532789 147456
532637 147267
534993 149376
532610 146958
532313 146955
533667 148401
533039 148500
532598 147264
533833 148149
532842 147180
532582 146925
532653 147258
532398 147015
