763088 204468
763380 204915
763335 204603
762496 204759
764017 206067
763108 205032
763875 207015
763029 204774
763832 205614
763159 204810
763020 205002
763922 206199
763391 205437
763314 205014
763459 205170
765304 208794
763257 204612
763172 204942
763659 205635
764181 206094
763300 204999
762762 204954
763057 204804
765242 207606
763113 204651
763356 204603
763203 204840
763838 206043
763314 205518
764303 206886
763402 204918
764373 206535
763215 204687
763325 204795
763358 204885
763965 206163
764823 205914
763122 204294
763537 204933
763170 204981
763280 205281
765194 208602
762899 204675
763226 204909
765501 207735
763445 204990
763533 205521
765926 208779
763579 205143
764855 206793
763947 205215
763505 204684
763641 205041
763550 205218
763273 204576
765084 207531
763119 205095
764222 206040
763365 205206
764457 205899
763700 205215
763144 204306
764787 206655
763110 204627
763240 204411
764032 206082
762861 204528
763755 205155
763250 204618
763050 204558
763253 204987
766475 207891
763106 204885
763118 204627
763903 205554
763248 204996
764387 205638
764795 206211
763266 204927
766494 208731
763130 204633
763896 205560
763481 206208
764299 206349
763170 205287
763217 204681
763361 205377
763236 205215
767769 210414
763052 204630
764484 205980
763403 204684
763407 205854
765764 208698
763299 204606
763162 204891
762997 204429
763877 205782
763484 204783
763991 206094
