279092 81858
279133 81936
278897 81738
279144 82260
278854 82077
279313 82383
279024 82203
279588 83058
278714 81519
279143 82011
278941 81705
279111 82194
279183 82701
278918 81849
279269 82446
279257 82278
278966 81933
280009 83721
278962 81663
279211 81837
279384 82548
279187 82023
279343 82404
279075 81942
279457 82557
279233 81900
278913 81756
279049 82065
279469 82911
279086 81885
279022 82227
279244 82302
278763 82149
279212 82071
278870 82005
279377 82572
279941 83010
279432 82524
279255 82176
279181 82134
279778 83085
279277 82155
279604 82875
279034 82077
279472 82236
279062 82413
279345 82521
279115 81855
278984 82017
279581 83055
279068 82110
279097 82125
280244 83208
278882 82029
279327 82176
279578 83295
279245 82902
279323 82572
278772 81963
279361 82992
278980 81600
279042 82107
279476 82482
279038 82458
279063 81855
278959 81837
280264 83196
278994 81801
279470 82401
279042 82137
280470 82833
279079 82137
279088 82218
278937 82002
279272 82416
278915 82317
280897 83583
279606 82326
279364 82458
278940 81834
279131 82077
279652 82971
279453 82233
278999 81960
279169 82098
279380 82509
279280 82338
279357 82290
279220 82389
280368 84468
279801 82332
279135 81810
279338 82329
279108 82317
280487 83538
279220 81933
279804 82239
279332 82035
280509 83643
279389 82137
