85 72
86 69
82 72
91 78
86 69
88 66
90 72
94 78
112 75
95 72
115 63
97 69
99 72
85 69
88 78
95 75
85 69
90 75
90 78
85 78
81 72
85 72
86 69
89 75
88 72
99 72
101 69
101 75
97 72
102 72
102 60
125 75
103 69
105 75
93 78
93 69
86 75
87 69
78 63
90 78
84 81
88 75
84 78
85 72
93 84
92 75
82 72
94 72
94 75
90 66
132 87
96 72
109 78
103 69
95 72
98 84
91 78
91 84
87 78
83 75
87 84
81 75
88 84
84 75
86 78
81 72
87 66
88 63
86 72
102 75
92 72
105 72
118 69
110 69
92 66
104 75
106 96
85 69
89 78
95 81
82 66
94 93
80 69
84 78
85 75
79 78
88 93
80 78
95 75
99 66
92 72
99 75
100 75
129 81
113 63
127 72
90 72
102 75
88 72
99 75
