499813 138990
499850 138738
499845 139020
499742 138612
500277 139518
499885 138501
500101 138948
499845 138480
499878 139029
499734 138306
499813 138630
500041 138903
500088 138858
499795 138801
499696 138324
500055 138825
499692 138762
500290 139455
500699 140361
499743 138864
500414 138951
500745 140112
500212 139014
499713 138390
500626 139716
499965 138951
499378 137838
499879 139152
500833 139938
500082 138960
500423 139257
499940 138531
499789 138594
499701 138390
500238 139569
501005 140106
499835 138471
500126 138366
500875 139881
499621 138879
501004 139998
501110 139224
500014 138570
500019 138510
499975 139005
500221 139095
499882 138447
499736 138609
500869 139947
499897 138975
499832 138696
500501 138987
500002 138762
501375 140106
499764 138381
500227 139044
500210 139137
499762 138480
500865 140109
499733 138819
501302 140325
500984 139971
499876 139170
500265 139011
500265 139215
499948 138405
501432 140496
500096 138459
500952 140436
499942 138843
500308 139323
500040 138891
500430 138912
499880 138651
500704 139251
500096 139434
499843 138840
501381 139659
499930 139002
500084 138804
500939 139788
499885 138690
500829 139170
499860 138375
499918 139119
499877 138765
500718 139509
501232 140748
499850 138600
499684 138867
500636 140139
501428 140472
500052 138648
500053 138417
500037 138717
499945 139209
501178 140103
499923 138603
500154 138624
500906 139536
