187718 56691
187757 57036
187771 57162
188155 57477
187911 57135
188083 57360
187702 56700
187965 57087
188459 57990
187830 57132
187983 57261
187794 57153
188437 58785
187750 57054
188710 58428
188034 57279
188051 57597
187860 57303
187903 57225
188014 57255
188281 57525
187758 56700
187961 57153
187845 57135
187753 57180
188018 57516
188294 57699
188032 57255
188082 57669
188023 57375
188386 58050
187943 57201
188555 57648
188055 57162
188257 57720
188150 57477
187739 56913
187900 57225
187920 57090
188485 58122
187731 57054
187889 56982
188224 57405
188601 58242
187993 57666
188343 58308
188136 57420
188095 56931
187825 57048
187833 57033
188638 58080
188049 57237
188572 57300
187831 57156
187965 57462
188060 57201
187945 57327
188747 58260
188479 57795
188005 56919
188756 57654
188052 57144
188678 57600
187996 56781
189318 58905
187967 57186
188830 57975
188044 57450
189018 58095
188999 58032
187846 56988
188068 57363
188598 58209
187856 56814
188055 57348
188937 57627
187900 56973
188071 57066
187972 57036
187884 57213
188298 58218
187809 56832
188069 57189
189659 58368
188123 57306
188525 57507
189273 58551
187897 57039
188310 58245
188542 58353
187853 57027
188234 58161
187919 57015
188865 58416
188673 57555
187688 56946
188073 57384
189725 58707
187967 57066
188183 57585
