73280 24774
73340 24660
73260 24666
73479 24900
73181 24618
73649 25398
73366 24777
73290 24603
73252 24633
73385 24918
73313 24588
73362 24660
73490 25137
73198 24678
73326 24477
73628 25245
73294 24612
73286 24372
73221 24633
74010 26154
73375 24516
73595 25260
73294 24768
73251 24567
73265 24666
74011 25776
73340 24645
73825 25362
73323 24462
73401 24711
73417 24615
73194 24576
73708 24867
73698 25149
73253 24672
73439 24525
73743 25335
73335 24660
73774 25635
73367 24759
73649 25146
73227 24330
73637 25269
73249 24384
73306 24588
74426 25443
73249 24555
73390 24612
73397 24972
73392 24696
73536 25206
73862 25062
73484 24873
73483 24603
74294 25086
73369 24519
73765 25113
73367 24504
73504 24846
73544 24579
73682 25083
73417 24483
73390 24618
73343 24636
73497 25167
73270 24645
73331 24684
73264 24714
73794 26001
73373 24486
73165 24489
74272 25596
73367 24474
74443 24978
73334 24495
73440 24804
73401 24519
73421 24819
74128 25308
73322 24546
73190 24609
73459 24969
73569 25026
73211 24507
74162 25116
73257 24570
73152 24528
73413 24597
73243 24645
73184 24510
74098 25479
73331 24645
73821 25134
73252 24558
74003 25563
73137 24687
74676 25068
73525 24579
75366 26028
73571 24615
