158405 49038
158695 49260
158612 49572
158465 48978
158573 49332
158522 49041
158720 49443
158402 49227
158494 49380
158660 49386
158583 49287
158570 49266
159364 50721
158655 49239
158731 49455
158375 49101
158538 49140
158676 49191
158733 49485
158572 49134
158704 49554
158756 49473
158773 49560
158501 49275
159998 51363
158544 49104
158845 49491
158612 49203
158913 49557
158804 49314
158500 49029
158478 48873
158532 49440
158656 49353
158616 49170
158581 49296
158823 49884
158592 49329
158637 49533
158530 49317
158676 49599
159085 49746
158611 49047
158508 49071
158783 49446
158541 49029
159168 49809
158803 49281
158672 49275
159343 50118
158697 49389
159004 49833
159389 50334
158661 49113
158525 49215
159133 49980
158675 48936
158633 49128
158527 49026
159244 50307
158613 49011
158735 49131
158525 49269
158856 50208
158795 49527
158611 49293
158534 49329
159187 50364
158550 49314
158646 49305
159259 50445
158551 49443
158984 49656
159727 51174
158445 49047
158660 49155
159587 49941
158594 49182
158703 49200
159735 49944
158747 49374
158472 49371
160842 51321
158646 49296
158744 49458
158426 49329
159979 50895
158552 49062
158645 49335
160752 51192
158535 49209
158604 49443
158411 49188
159174 50235
158857 49257
158563 49077
158982 49200
158754 49074
158555 49089
159282 49374
