173100 53406
173156 53202
173056 53193
173076 53256
173410 53859
173208 53313
173117 53307
173460 53535
173129 53379
173706 54027
173114 53244
173205 53364
173610 53856
173040 53070
173178 53073
173655 53793
173083 52950
173325 53220
173391 53286
174620 55272
173065 53328
173501 53655
174086 54870
173140 52974
173087 53469
173133 53163
173195 53307
173129 53157
173708 53601
173571 53871
173231 53280
173312 53448
174316 54408
173810 54219
173274 53142
173172 53295
173152 53547
174303 54786
173210 53211
173429 53790
173106 53139
173767 54030
172987 53001
173206 53601
173107 53136
173359 53265
173223 53166
173289 53607
173080 53043
173770 53907
173936 53922
173159 53127
173828 54150
173297 53175
173038 52968
173336 53229
173571 53691
173427 53193
173911 54090
173243 52977
173407 53496
173879 54561
173251 53229
173129 53118
173535 53454
173631 53934
173278 53295
174433 54390
173059 52839
173293 53382
173368 53235
173482 54099
173219 52998
173324 53256
173834 54357
173079 52977
173073 52971
173267 53343
173142 53184
173479 53610
173810 53862
173333 53406
173267 53160
173153 53229
174951 55194
173169 53136
173566 53535
173208 53250
173465 53862
173200 53364
173136 53337
174053 54429
173122 53127
173488 53409
173253 53304
173698 54093
173095 53127
173096 53142
173733 53934
172973 52983
