663777 180705
664052 180789
664235 181068
663885 180669
664597 181650
663848 180552
664336 181566
664067 181065
664063 180804
663633 180747
664500 181311
663855 180444
663866 181014
664110 181047
663656 180381
664668 181884
664297 180555
663863 180333
663771 180510
664776 181653
663711 180294
663930 180546
663809 180462
665319 182688
664144 180879
663863 180333
664138 180777
663868 180507
665236 182427
664406 181578
663902 180552
663889 180807
664120 180996
663924 180516
664301 180810
664738 181467
663734 180261
666018 183279
664337 180471
664758 181530
663360 180069
665509 182628
663795 180258
664024 180447
664260 180657
664110 181392
663784 180300
665316 182499
664307 180639
664973 181647
664034 180192
663795 180744
665318 182592
664063 180681
665220 181878
664381 181182
664145 180903
663949 180345
664223 180915
665787 182328
663860 180639
664331 181155
665930 182643
664105 181437
663788 180561
664085 180414
665161 181989
664107 180705
663579 180507
664929 182757
663707 180483
665147 182115
664881 181467
663822 180861
664621 181338
663647 180621
665822 183252
664032 180669
663801 180804
665955 183492
663921 180924
665181 181914
663957 180894
663826 180666
664011 180561
665139 182187
664237 181209
664369 180966
668905 184917
664001 180582
665754 181905
664140 180543
663921 180627
665244 181935
663970 180738
665020 181440
663999 180324
665141 182364
664243 180423
664639 181227
