630711 172806
631166 172761
630784 171885
630998 172002
630749 172107
631089 172245
631267 173067
631333 173076
630899 172578
630923 172101
631148 172587
630911 172317
631611 173298
630848 172776
632693 175599
630959 172401
631029 172137
631911 173385
630725 172458
632043 173919
631342 172338
630666 171945
632182 174447
630877 172248
632118 174006
630504 171888
631072 172548
631119 172566
630685 172119
630743 172098
631149 172497
631364 172935
630955 172461
631094 172278
632168 174018
630809 172857
631199 172497
631021 172140
632231 174423
631051 172572
633539 175032
631051 172494
631589 173679
631029 172269
632024 173445
631402 171990
630928 172308
631084 172683
632725 174342
630647 172416
632060 172908
631135 172200
631363 172458
631418 173283
631640 172857
630675 171972
632313 173886
631002 172350
632708 173646
631067 172332
631074 172224
630884 172521
631455 172308
633943 175179
630829 172641
630703 172728
630976 172590
631007 172461
632412 174180
630900 172140
630887 172335
631772 173253
631263 172791
631392 173016
630890 172197
633248 175317
633195 174714
631218 172449
632101 173208
630633 172398
632462 174894
631046 172743
631488 173223
631266 172896
631340 172791
632369 173811
631537 172593
632414 173340
631193 172017
630992 172290
632657 174165
630735 172722
634014 174249
633002 174615
631208 172338
630983 172407
633378 175095
631200 172362
631565 172629
632319 174126
