435609 122616
435724 122778
435445 122181
435136 122328
435547 122670
435390 122448
435086 121920
435620 122310
435750 123030
435546 122439
435481 122391
436382 123984
435218 122331
436457 123885
435359 122202
435061 121875
435367 122514
435815 122757
435248 122244
435053 121842
436398 123435
435526 121851
436326 123348
435194 122289
435612 122406
437915 126192
435371 122127
435626 122799
435784 122568
435604 122433
435999 122412
435577 122154
435347 122463
435520 122178
436332 123429
435805 122130
435633 122433
435677 122355
435319 122379
435420 122130
435502 122472
435591 122784
435371 122241
435581 122529
435749 122781
435670 122418
436949 123726
435393 122490
435336 122472
435557 122634
435907 122829
435448 121989
435399 122304
436449 123894
435487 122169
435446 122709
436995 123909
435379 121896
434971 121935
435175 122145
437094 123846
435600 121833
435731 122316
435776 122556
435302 121836
435927 122403
436595 123552
435447 122187
435274 121881
435649 122640
436323 123399
435574 122241
437063 123690
436440 122745
435634 122295
435660 122604
435976 123201
436358 123228
435430 121941
435523 122319
437390 124593
435229 122106
435478 122388
435563 122163
436631 124002
435499 122055
435777 122811
435324 122337
438231 122727
435188 122100
436775 124515
435280 121956
436204 122784
435146 121662
437022 123081
435663 122646
437757 125049
436077 123543
435694 122748
435413 122430
