451584 126288
451493 126804
451175 126312
451729 126840
451392 125997
451779 126189
451546 126801
451493 126300
451413 126282
451250 126381
451360 126192
452742 128634
451522 126108
451504 126282
451587 126099
452638 128013
451292 126198
452173 127680
451196 126627
452272 127956
451480 126582
452351 127875
451441 126720
451867 126942
451871 126465
451993 126939
451421 126609
451473 126150
452725 128244
451102 126204
453087 128967
451240 126498
451425 126405
452112 127581
451514 126120
451936 126711
452558 127359
451280 126192
451705 126435
451170 126324
451657 126819
451450 126369
451120 126261
451785 126453
451293 126381
451871 127836
451667 126084
451357 126000
451512 126264
451559 126042
451729 126612
451440 126156
452242 127317
451314 126051
451495 126084
451348 126057
451462 126360
451411 126417
453602 128883
453254 127032
451555 126264
451628 126477
451501 126219
452528 127425
451333 126123
452786 128157
451669 126561
451696 126318
452454 127155
451150 126261
452993 127254
451597 126552
452146 126834
451494 126072
452549 127413
451361 126255
451390 126369
452367 127839
451512 126198
451540 126654
453414 127662
451884 126774
451492 126027
451510 126057
451711 126225
451688 127287
451708 126387
452623 127914
451554 126258
451871 127248
451109 126252
451360 126588
453264 128724
451342 126384
451188 126039
452398 127341
451455 126102
451659 126264
451180 125958
452060 127989
