746785 200970
746762 201180
746606 201372
747061 201498
746482 200925
746926 201246
747017 201108
747160 201264
747081 201399
746547 200682
746483 201198
746789 200817
747440 202743
746056 200631
746872 201666
746541 201066
746499 200925
746798 201120
746492 201195
746452 201399
748351 204048
746577 200775
747173 202047
746785 201237
746999 201351
746375 200394
746946 200943
746962 201228
747759 202749
745979 200526
747133 201462
747672 202242
746950 201141
746424 200892
747513 201927
746563 201396
747103 201330
746572 200952
747116 200451
746359 200352
748719 202956
746280 200745
746436 200724
746461 201294
748869 204117
746501 200853
747014 200895
747103 201813
746327 200931
746858 201159
746456 200622
747634 202149
747096 201465
747527 201960
747431 201711
746647 200652
747058 200760
747204 201378
746829 200823
747253 201492
749270 204498
746875 201072
748586 203898
746661 200880
747192 201600
746582 200844
746402 201003
747181 202356
747063 201252
748355 202653
746464 200793
746616 200919
748507 204174
746715 200889
746641 200784
746722 201159
747940 201456
746407 201015
747076 201366
747966 201657
746917 201057
746448 200325
746265 200466
747020 201870
746403 200694
746354 200475
747175 201378
746804 200721
749037 203991
746213 200688
746422 200613
749084 203076
746100 200616
746403 201219
748460 202377
746795 200856
748263 202575
747102 201120
748351 203151
746871 200520
