309808 90030
309963 90000
309985 90156
309910 90309
310219 90741
310045 90459
310599 91311
310154 90852
310174 90615
310191 91137
309986 90303
310000 90333
310210 90351
310583 91062
309884 90255
310126 90315
310668 91842
310070 90306
309998 90414
309955 89934
310643 90852
309966 90546
311450 92694
309978 90237
310664 91533
310084 90504
310336 91329
310491 90540
310999 92166
309874 90294
309919 90546
310049 90312
310224 90654
310790 91203
309834 89868
310606 90504
309988 90030
310200 90453
309931 90441
310087 90366
309982 90114
309979 90492
309910 90435
311067 91539
310313 90531
310559 91452
310545 90477
310947 91845
310016 90270
310034 90495
310236 90939
311200 91338
309903 90231
310224 90363
310816 91026
310199 90234
310734 91677
310244 90348
310287 91080
310236 90279
309759 90390
310593 90681
309989 90177
310078 90228
310392 90663
310256 90744
310762 91257
310615 90999
309894 90126
310187 90120
309856 90543
311558 92211
309880 90138
309990 90186
310407 91182
310144 90354
310769 90930
309901 90339
310155 90720
311388 91812
309949 90105
309902 90639
310072 90540
309887 90060
311321 91530
310266 90528
311338 91386
310302 90126
310270 90318
310040 90318
310305 90492
310413 90459
311564 91794
310247 90594
313413 93186
310225 90516
310088 90408
310851 91311
311716 92088
309977 90240
