680531 185058
680258 185211
680701 185769
680365 184665
681052 186123
680570 184764
681074 185907
680965 185898
680386 184629
681012 185526
680370 184662
680556 184869
680681 184836
680957 185175
680068 184440
680666 184686
681002 185505
680822 185262
680778 184695
680312 184818
681097 185625
681122 185490
680641 184857
681639 186162
680259 185136
680658 184797
681105 185547
680289 184527
680657 185004
681506 186279
681208 185757
680132 184428
680274 184641
680595 184827
680356 185112
682785 187452
680402 184239
680113 184560
681817 186162
680334 185037
680711 185028
682111 186867
680809 185127
681711 186339
680368 184671
681160 185772
680791 184857
680721 184926
680455 184968
681833 186141
680318 184407
682086 186651
680733 185169
680786 184650
680697 184503
680683 185196
681311 186681
680567 184605
680520 185037
681181 186348
680318 184191
680708 184443
680643 185061
683893 190059
680544 184455
680893 184995
680750 185337
680406 184704
680195 184824
680548 184485
680771 184791
680139 184467
682666 186528
680671 184848
681323 185547
680805 184782
680184 184950
681184 185952
681351 186099
684617 187758
680737 184638
680518 185025
680172 184284
680699 185304
681562 185595
680626 184899
680722 184821
680100 184650
681543 185760
684001 187974
680790 184254
680999 185190
680581 184167
682488 186699
680962 184932
680881 184872
682010 186087
681132 185832
681594 186030
680633 184461
