403588 114192
403451 114237
403391 113982
404016 114702
403759 114561
403781 114261
403629 114030
403934 114585
403661 114990
404359 115173
403624 114156
403789 114417
403647 114210
403942 114150
404019 114186
404212 115074
404048 114774
403671 114351
403875 114831
403840 114717
403836 114348
403726 114324
404284 114915
403533 114159
403906 114633
404814 115683
403604 114189
403861 114189
403780 114792
404086 114939
403821 114345
403827 114117
403727 114093
403525 114153
404393 115038
403926 115308
403810 114504
404734 115506
403687 114489
404370 115608
404702 115662
403773 114279
403382 113880
403735 114180
404246 115239
403804 114279
404155 114570
403590 114240
404370 114945
403581 114567
403947 115116
403407 114033
403766 114780
403675 114501
405574 116550
403707 114390
405061 115533
405004 115731
403588 114024
403871 114024
404677 115062
404000 114570
403747 114162
404421 114975
404652 115299
403940 114207
404970 115305
403681 114369
405531 115518
403688 114423
405330 116061
403978 114432
404850 116454
403691 113829
403956 114192
404107 115476
403808 114315
403919 114411
403957 114516
403810 114990
404189 115347
405290 114525
403815 114357
403699 114258
404943 115386
404148 114660
404239 114294
403827 114510
403569 114156
403722 114339
404078 114993
406184 117177
403696 114315
407228 118014
403925 114042
405758 116328
403665 114345
403694 114060
403791 114414
403981 114675
