86817 28593
86969 28602
86981 28584
86975 28491
86920 28470
87179 28974
86933 28701
87007 28542
87355 29397
86900 28620
87025 28704
87389 29481
86940 28545
86957 28734
86915 28503
87002 28584
87016 28620
87281 28968
86964 28572
87169 28971
87068 28758
86958 28791
87320 29568
86990 28626
86916 28419
86906 28464
86840 28461
86903 28623
87525 29349
87263 28818
86845 28557
87046 28767
87070 28767
87966 29925
87053 28656
87449 29331
87103 28716
86924 28899
87329 28965
86970 28527
87433 29394
86867 28680
87042 28662
87011 28698
87028 28635
86848 28530
87068 28611
88126 29946
87131 29082
86874 28383
86936 28611
87854 29505
87015 28698
86791 28641
87672 29859
86982 28476
87065 28683
87636 29916
87051 28569
87182 28635
86995 28554
87894 29880
87148 28695
87741 29283
86989 28551
87105 28437
87220 28824
87141 28668
87779 29844
87051 28668
88044 29358
87209 28674
87122 28554
86932 28488
87460 29238
86968 28602
87248 29616
87200 28584
88003 29451
87087 28686
87159 28923
88312 29331
87070 28977
87465 29139
86912 28569
87074 28506
87084 28587
87901 29658
87059 28395
86986 28524
87741 29217
86906 28641
87968 29277
87084 28551
87026 28647
86889 28620
87007 28677
87701 29355
87236 28935
87333 28752
