176630 342629
200446 341395
199239 341672
199649 341622
199442 341742
199333 341629
199389 341648
199818 341524
200192 342620
199238 341596
199361 341318
199625 341400
199575 341502
199477 341637
199695 341397
199808 341484
199554 341621
199703 342125
199389 341627
199060 343031
199515 341914
199148 341688
199393 341747
199647 342941
199475 341643
201427 343192
199180 341612
199721 341484
199156 342761
199004 341636
199598 341779
199216 341655
199670 343001
201279 343143
199651 342505
199564 341534
199373 341596
199126 341496
199465 341520
199428 341583
201282 343085
199663 341535
199620 341464
199229 341534
199036 341667
199309 341548
199740 341540
199044 342710
199222 341669
199238 342341
199694 342416
199360 342722
199389 341689
199689 341714
199732 341606
199557 341605
198840 341772
199154 341510
199081 341694
199088 341669
199064 341504
199170 341516
199598 342479
199277 341408
198633 341928
199001 341534
199890 341407
201624 342931
201045 343004
200063 342519
199731 341486
198801 341528
199515 341795
199132 341716
199585 341627
199567 341627
199338 342699
199277 341560
199361 342131
198935 341456
200908 343248
198971 341562
201313 343097
199419 341455
200690 343056
198980 341465
199313 341585
199525 341645
198611 341832
199115 341670
198600 341589
201365 342810
199421 342606
201137 342805
199500 341633
198911 341678
199218 341480
201280 342825
198847 341666
201163 342781
