55370 109723
63566 109277
63334 110115
63530 109693
63340 109494
63110 110017
63158 109472
63185 109326
63470 110060
63304 109544
63423 109569
63369 109219
64515 110219
63294 109441
62833 109841
63256 109339
63384 109384
63536 109477
63110 109712
63446 109520
64023 110156
63232 109390
63077 109814
63318 109252
63092 109814
63429 109404
63383 109965
63202 109883
63690 109974
63305 109385
63326 109417
63444 109753
64027 110146
63170 109555
64247 110248
63353 109625
63396 109436
63060 109843
63409 109438
63486 109963
63346 109420
62866 109338
63236 109412
63364 109924
63545 109788
63202 110021
63473 109806
63333 109713
63513 109569
63299 109964
63320 109374
63219 109688
63351 109822
63040 109581
63287 109257
63119 109798
63300 109309
64364 109924
63237 109791
63116 109334
63231 109612
64152 109954
63201 109851
63289 109380
64142 110282
63119 109338
63245 109554
63282 109962
63229 109453
62954 109491
63311 109342
63089 109431
63877 110144
64113 110054
63335 109765
63013 109768
63448 109790
63143 109475
64332 110107
63344 109337
63459 109432
63183 109306
64074 110084
63175 109369
63123 109330
63186 109677
64124 109817
63199 109354
63136 109312
63062 109772
63084 109450
63953 110014
62985 109385
63215 109365
63041 109372
63839 109861
63231 109609
63845 110163
64063 110028
63165 109460
