78555 152947
89499 152696
89337 152691
89560 153096
89594 152960
89700 153076
89674 152865
89508 152941
89605 152728
89535 152656
89395 153214
89713 153482
89361 152684
89664 152969
89957 153144
89521 152734
89755 152716
89619 152858
89645 153283
89503 153021
89518 153251
89634 153126
89392 153038
89561 152896
89484 152829
89733 153326
89580 152837
89380 152713
89566 152676
89516 153123
89547 153009
89401 152830
89400 153134
89181 152902
89735 152828
89651 152877
89209 152862
89603 152948
89425 152834
89421 153256
89652 152950
89340 152796
89273 152956
89478 152902
89418 153046
89299 152732
89564 152685
89437 153156
89008 152942
89768 152895
89506 152733
89372 152693
89455 153232
90037 152929
89235 152653
89741 152946
89086 152949
89374 153113
89354 153166
89644 152813
89621 152927
89793 152989
89486 152894
89381 153078
89422 153312
89432 153185
89659 153251
89663 152996
89599 153183
89612 152847
89849 152840
89499 153071
89372 153158
89394 152963
89222 152821
89138 152732
89593 152788
89690 153006
89261 152950
89812 152858
89296 152976
89146 152902
89324 153277
89817 153017
89616 152820
89177 153137
89365 152933
89195 153146
89132 152760
89359 152905
89427 152608
89368 152810
89281 152765
89429 152808
89613 153144
89502 152989
89603 153059
88972 153143
89364 152827
89396 152768
