376689 728930
421973 729236
421455 729028
422426 729178
422878 731538
422508 729120
422058 732144
422868 729046
422090 729150
422977 731872
422115 729001
422312 729241
422522 728975
421907 729350
421839 731506
422138 729095
422038 729196
422867 729149
421569 729225
422055 729460
421830 729524
422373 731648
421429 729274
422650 731752
422730 728928
421826 729115
422648 729052
422198 728991
425605 732469
422558 731640
421950 729198
422030 729146
421270 728912
422456 729129
422377 731902
421724 729439
422352 729306
420806 729401
421999 729029
422515 729297
426230 732267
422561 732152
422356 729355
421878 729105
427008 732336
421407 729139
422131 729093
421983 729193
421959 729020
422352 729240
422637 729082
421730 729106
421927 729331
422060 729068
421471 729183
422416 729604
421983 728938
422210 729328
421812 729073
421990 729170
421240 729123
422024 729201
421847 729200
425597 731993
422184 731843
421794 728863
421169 729362
421967 729097
422180 731631
422473 729302
422479 729276
421755 731672
425955 732021
421988 729340
422360 729185
425332 732302
422070 731784
421846 728831
425924 732281
421768 731551
421958 729447
422072 728961
421675 729251
421858 729629
425832 732343
421974 731314
421964 728934
421900 729612
421884 729127
422035 731737
422191 731812
422165 729004
425137 732212
421687 729085
421141 729356
421626 729658
421271 729804
421637 729027
421774 728954
421737 729004
