134874 264763
152983 265224
152919 265393
152791 265763
152856 265348
152488 265062
152806 265600
152622 265008
152247 265137
152915 264994
153250 265558
152567 264894
152100 265137
152352 265398
152829 265745
152693 265216
152891 265439
152890 265107
152968 265553
152434 265240
152627 265075
152543 265398
152259 265387
152509 265011
152821 265710
152649 265898
152690 265954
152451 265097
152371 265010
152399 265390
152532 265133
152566 265326
152432 264955
152466 265022
152819 265984
152497 265374
152603 265045
152735 265333
152472 265871
152383 265759
152406 265048
152308 265380
152787 265904
152505 265132
152901 265400
152442 265712
152657 265943
152646 265450
152818 265723
152689 265309
156155 266104
152450 265365
152280 265471
152617 265020
152961 264922
152767 265488
152260 265790
152141 265456
152851 264857
152879 265499
152554 265654
152441 265023
152713 265337
153198 265619
152296 265347
152964 265731
152813 265492
152273 265754
152758 265458
156109 266235
152859 265689
152296 265320
152757 265281
152404 265491
152462 265258
152523 264950
152481 265040
155806 266181
152639 264903
152550 264977
152517 265569
152527 265046
152240 264800
152348 262791
152527 265721
152442 265401
152360 265310
152873 265635
151784 265434
152659 265556
152419 265158
152428 264971
152709 265000
152329 265328
152063 264804
152371 265308
152440 265079
152520 265286
152544 265174
156465 265808
