119 228
161 228
135 219
144 229
159 236
146 226
156 224
134 223
138 224
146 232
146 236
132 214
122 200
151 230
136 227
115 199
143 222
146 231
150 237
104 195
149 227
158 218
145 227
128 221
124 228
144 232
134 222
115 230
135 232
141 231
136 228
140 229
144 232
136 226
130 226
129 236
126 228
124 225
113 228
123 233
114 237
112 230
144 222
150 239
156 237
145 225
140 223
143 222
148 226
144 227
150 220
128 223
157 232
146 224
138 225
168 216
154 224
157 230
159 234
130 229
147 229
170 229
141 230
145 234
151 223
149 236
137 230
155 236
142 227
148 226
142 224
152 223
131 222
145 234
136 234
123 199
123 231
127 224
120 222
113 229
110 228
124 237
120 216
153 231
151 222
136 226
137 218
150 224
142 226
163 226
134 212
140 237
161 222
148 235
149 222
163 226
120 195
131 230
151 232
153 226
