385568 746358
431861 746544
432282 746666
432184 745880
432808 745952
431702 746254
431440 746545
432652 746426
431605 746358
432036 746184
433106 746657
431708 746291
432426 745648
432213 745950
431602 745963
432324 746319
431701 746253
431046 746173
432559 746296
432340 746269
432503 746458
431991 746065
431575 745751
432417 746371
432117 746285
432102 745972
431893 746408
431590 745900
432226 746464
432749 746127
431358 745817
432412 746464
431606 745670
431967 746308
432184 746437
431452 746454
432292 746004
431249 746330
431658 746175
431792 746159
431983 745953
432594 746553
432216 746229
431409 745922
432058 745801
432099 746126
431870 746070
431907 746654
431749 746079
432713 746842
430811 746025
431470 746108
431699 745717
432351 746077
431846 746334
431598 746187
431446 746315
430892 746589
431175 746039
431903 745960
431664 746106
432218 746082
432294 746365
431907 745723
431751 745968
432650 745596
432116 746163
433032 746627
431856 745818
431706 746274
430921 745994
431508 745772
432763 746636
431456 745974
432318 746226
431498 746630
431411 745883
432020 746087
432365 746386
431581 746142
432271 745901
432804 746499
431743 746188
431318 745984
431773 746094
431531 746267
431565 746170
432063 746391
432878 746272
431218 746250
430822 746217
432438 746167
432584 746536
431503 746014
431781 746688
431611 746407
431924 745906
431935 745927
432409 745946
432659 745919
