253511 504307
285475 503856
285655 504687
286041 504406
289638 504897
286112 504249
285668 503772
286186 503985
286229 503909
285109 503243
286466 504155
285657 503584
286453 504541
286050 504763
286142 501296
285914 504162
284983 503559
285937 501622
285852 503691
285705 501571
285589 501705
285530 501600
285748 501513
285427 503819
286312 504100
285102 503910
285905 503756
285945 503933
285833 504570
285809 504403
285934 503963
286293 504488
286391 504500
286041 501752
286202 501657
285977 504550
285472 504193
285425 501215
286244 504439
285888 504428
286132 503846
285372 503908
285790 501539
285700 504415
289571 504705
286122 501496
286030 503726
286085 504523
289473 504847
285838 501429
285712 503770
285966 501877
285676 503774
289568 504549
286006 504409
285930 504151
285704 501710
286098 501305
286083 501727
285861 503758
285316 503693
285367 504416
285767 503554
286251 504097
285804 504510
285647 503772
285817 504227
288520 504735
285371 501573
285880 501352
285284 501409
285246 501657
285010 501319
285825 504060
285514 501369
285931 501621
285251 503735
285396 501691
285797 501239
289568 504791
289568 504307
285505 503279
285900 503353
286065 504181
289508 504538
289559 504817
285075 501594
285595 501751
285738 501525
285739 503841
285529 501411
289268 504316
285552 500983
289725 504759
289255 504437
285339 502171
285102 501644
285591 501716
285561 504309
285788 501774
