44 94
57 89
64 92
68 98
56 90
66 96
62 94
40 80
62 94
65 92
43 97
61 96
64 98
63 99
43 92
48 94
51 98
62 98
46 95
51 91
48 88
45 98
62 98
63 91
63 98
60 92
63 96
49 91
56 96
61 91
68 97
58 92
60 93
54 97
66 93
57 94
54 94
28 76
55 98
48 96
50 89
52 87
50 92
64 94
57 80
59 99
59 94
62 96
55 91
68 93
54 96
57 85
58 97
57 95
67 92
54 95
62 94
41 97
58 98
53 96
49 97
48 94
56 98
41 96
57 88
58 90
60 92
65 97
60 97
55 90
69 94
65 95
49 80
58 94
57 94
44 91
48 91
59 96
59 88
52 91
48 95
46 90
51 80
51 97
47 80
65 91
65 95
64 94
62 96
61 98
55 92
71 95
69 94
68 100
61 89
62 99
51 98
58 94
54 96
56 96
