341001 658262
384882 657977
383826 658153
384178 657882
382724 658068
382527 658277
382824 658326
382538 658069
383065 658172
383577 658018
383714 658057
383170 657992
382748 658034
383168 657964
383620 657842
382777 658158
384185 658202
383110 658035
382559 657942
383548 657907
383184 657911
382332 658034
382795 657876
383706 658082
383203 657816
383422 658037
383158 658126
383459 657963
384649 658067
383325 658010
382423 658102
383611 658092
383089 658055
383205 658137
382961 657962
383562 657869
382901 658174
382834 657958
383277 658175
383206 657978
382546 657923
384214 657991
383746 658105
383789 658062
384352 658118
382683 657977
384090 658063
383342 658153
383042 657978
383127 658161
382840 657990
383310 658059
383105 657816
382782 658233
382335 658228
383319 657940
383489 657917
382796 657979
382432 657748
383399 658392
381887 657997
382937 657951
382674 658021
383446 658573
382197 657867
383263 658084
383444 658115
382835 658239
383061 657998
383969 658249
383129 658007
383249 657864
382486 658128
383558 657906
382847 658034
383344 658429
383125 657940
382478 658066
382187 657847
382866 657892
382970 658126
382225 658013
383168 657955
383824 658030
383777 658272
382481 657927
382749 658232
383203 657979
383281 657889
383059 657962
383101 658534
383134 658136
382829 658072
383047 658213
382590 657960
382751 658160
383158 658184
382767 658062
383017 657935
383340 658225
