70600 136467
80454 136706
80270 136884
80104 136627
80559 136587
80712 136723
80371 136902
80268 136726
80237 136627
80434 136597
80723 136703
80420 136645
80562 136711
80350 136729
80353 136707
80369 136547
80690 136579
80319 136774
80755 136809
80332 136704
80633 136646
80370 136593
80336 136730
80686 136754
80277 136646
80338 136772
80142 136927
80593 136703
80194 136549
80502 136761
80560 136656
80560 136596
80139 136660
79983 136791
80464 136800
80522 136742
80199 136712
80207 136650
80500 136786
80452 136910
80159 136732
80316 136632
80215 136751
80514 136566
80493 136629
80158 136994
80017 136516
80677 136655
80196 136817
80143 136663
80154 136612
80409 136624
80196 136824
80203 137021
80116 136808
80348 136691
80274 136789
80087 136784
80263 136811
79997 136762
80534 136914
80163 136704
80351 136778
80619 136787
80421 136605
80436 136804
80489 136932
80355 136787
80218 136576
80598 136482
80290 136700
80065 136827
80315 136708
80100 136849
80360 136842
80173 136621
80279 136560
80516 136790
80406 136766
80239 136620
80245 136628
80176 136584
80376 136738
80457 136843
80463 136815
80139 136699
80110 136586
80303 136824
80122 136877
80074 136940
80113 136501
80225 136862
80100 136545
80327 136883
80513 136774
80127 136718
81082 137070
80094 136890
80365 136728
80280 136809
