160118 307932
181485 308006
181034 308174
181028 308020
181273 307932
181079 308115
181046 308057
181734 308049
180612 308157
180492 308046
181259 308034
180534 307911
181040 308025
180996 308093
180868 307927
181382 307920
180912 308036
180994 307903
181440 307930
181009 307913
181070 308023
181251 307988
181257 307985
181016 308024
181101 307966
181442 308066
181569 308150
180783 307971
180550 307907
181223 308054
181162 308230
180983 308074
181101 308062
180480 307920
180830 308056
181092 307963
180857 308031
180933 308013
181446 308398
181199 308010
180763 308113
181395 308091
181102 308150
181176 308082
180925 308000
180873 308212
181320 307850
180802 308142
180403 307895
180702 308231
181297 308055
180675 308101
180985 307974
181065 308030
181032 308041
180814 308038
180399 307749
181303 308093
181345 307855
181052 308078
181187 307918
180644 307848
181186 308080
181433 307944
181208 308307
180362 307945
180272 307798
180898 307953
180685 308028
180481 307862
180358 308057
180905 308053
180758 308097
180648 307978
180891 308087
180785 308107
181115 308295
181298 307912
180875 308046
180959 308225
180713 307982
180767 308230
180572 307910
180564 307951
181316 314195
180758 307946
180902 307989
181047 307972
180347 308105
181045 307946
180999 307969
180597 307895
180762 308019
180792 308276
181208 308029
180566 307988
180596 308059
180974 307997
180603 307972
180947 308063
