394490 761946
442005 761314
442141 760848
442304 760824
441917 760948
443027 761737
442306 761961
442267 761033
442852 761930
442559 762473
442884 762321
442872 762548
442915 762395
441654 762011
442617 762272
442125 761429
442550 762496
441473 760910
442200 760907
442206 761624
442212 761713
442499 762047
442488 761736
442855 762387
442823 761993
443369 762249
442693 761815
442007 761094
441247 761715
442320 761039
442490 762002
442266 760825
442283 762194
442441 760977
442080 761835
442263 762179
443385 761008
442506 761747
441990 761449
442368 761000
442000 762419
443025 761771
443722 761443
443697 762560
442520 761548
441880 761153
442064 762137
441772 761089
442292 761926
442760 762040
442403 762009
442150 761121
442738 762102
441388 761914
443980 762573
443572 762532
441931 761637
442270 762253
441656 761126
444078 762280
442020 762098
442635 761964
442310 761180
442384 760987
442217 761643
441704 760841
442130 761375
442422 761774
442324 761810
441929 760991
442060 760884
441802 761808
442546 762005
441876 761701
441905 761798
441967 760980
441980 761547
443010 761581
442622 761397
442374 761981
442428 761836
441783 761738
442332 760969
442387 760968
442302 762117
442329 761921
441998 761388
441778 760872
442111 762201
444060 762614
442118 762195
444088 762217
442364 761779
440787 761153
444053 762283
442705 761720
442171 761867
442019 760822
441281 761046
441267 761227
