358705 699570
402298 700567
401682 699164
402346 699769
401503 699322
402793 699393
402745 699344
402666 699152
402817 699919
402546 699452
402274 699233
401962 699139
402002 699726
402993 699387
401921 700013
402762 699286
402273 699392
402350 700229
402595 699344
403419 699062
402989 699587
402858 699142
402189 699651
402608 698964
402708 698807
402489 698951
402367 699602
402253 698973
403156 699494
402588 699086
402933 699454
401776 699135
402563 699073
402579 700028
401585 699661
402490 699724
401756 700466
402370 699496
402054 699372
402614 699413
402509 699390
402127 699489
402161 699411
402042 699414
402921 699671
402245 699869
402560 699749
402306 699690
402188 698997
402492 699281
402270 699606
402349 699555
402388 699135
402069 699856
402376 699664
402117 699494
402307 699608
402513 700345
401878 699371
401850 699072
402460 699421
402038 699299
401890 699170
402416 699604
402493 698812
402389 699827
402305 698916
403172 699774
402117 698961
402557 699450
402205 699317
402529 699668
402266 699883
402126 699737
402311 699505
402252 699794
402171 699578
402622 699874
402736 699906
401899 699039
402138 699597
402223 699880
402271 699913
402398 699498
402279 699811
402999 701108
401389 699669
402775 699702
402455 699921
402450 698988
402150 699815
402406 700310
401591 700232
401752 699796
402395 699147
402297 699092
402556 698877
402232 699607
402255 698954
403053 699760
