84 166
108 150
94 162
104 146
107 165
96 148
105 147
114 170
97 149
88 150
118 172
89 148
109 172
85 150
99 150
94 150
93 145
104 150
113 172
94 150
115 170
106 150
97 171
90 150
108 170
102 169
101 171
91 169
86 174
94 170
83 149
83 176
111 150
100 145
134 176
101 147
105 160
95 149
101 149
96 146
100 149
92 149
111 174
101 168
102 148
102 150
109 174
96 148
114 168
82 149
102 147
101 147
90 148
96 171
94 150
92 171
99 168
101 170
91 150
77 165
90 176
86 150
94 172
96 168
99 156
95 148
103 150
94 146
98 150
97 150
107 166
102 150
125 174
97 148
111 171
106 164
105 168
88 150
81 138
114 171
106 171
99 170
100 176
91 150
86 148
91 150
104 150
96 174
97 174
92 144
89 150
86 174
92 168
94 172
110 165
108 165
108 164
82 144
126 173
98 145
