5445 10683
6410 10666
6399 10664
6409 10715
6343 10746
6398 10710
6384 10753
6355 10665
6512 10768
6337 10701
6398 10720
6303 10655
6452 10725
6259 10664
6416 10710
6400 10706
6346 10651
6422 10732
6498 10830
6371 10734
6402 10711
6343 10673
6403 10655
6347 10650
6378 10772
6392 10686
6419 10788
6308 10661
6331 10671
6403 10722
6411 10746
6379 10756
6454 10664
6366 10610
6414 10679
6391 10741
6430 10752
6349 10760
6304 10716
6228 10688
6373 10737
6344 10638
6376 10716
6386 10704
6365 10715
6297 10688
6361 10732
6500 10733
6383 10756
6418 10766
6365 10667
6336 10776
6446 10683
6392 10660
6312 10675
6297 10749
6371 10803
6345 10758
6360 10662
6292 10727
6311 10699
6336 10707
6237 10683
6303 10749
6278 10714
6247 10763
6318 10718
6286 10761
6256 10664
6397 10704
6401 10652
6366 10634
6292 10691
6359 10650
6345 10728
6340 10667
6249 10745
6375 10645
6282 10660
6288 10681
6380 10650
7255 10757
6338 10730
6263 10677
7237 10731
6348 10693
6246 10697
6230 10631
6296 10703
6232 10631
6316 10629
7149 10727
6358 10648
6154 10663
7195 10723
7234 10723
6163 10701
6429 10681
6313 10708
6292 10636
