151206 293586
170937 293449
170662 293200
171051 293419
171061 293465
171354 293536
171098 293414
170771 293126
170905 293688
170325 293699
171002 293203
170631 293809
171001 293990
170862 293492
170848 293285
170960 293477
171165 293439
170823 293469
170664 293312
170815 293529
171065 293355
171148 293379
170992 293585
171034 293373
170604 293386
171015 293511
171180 293737
170794 293471
171021 293757
170478 293483
170624 293297
171398 293337
171126 293141
170917 293524
170674 293446
170899 293489
170921 293397
171002 293369
171057 293180
170944 293184
170663 293604
170610 293833
171079 293058
171150 293388
170729 293341
171104 293507
170395 293111
170175 293675
170780 293322
170604 293624
170761 293417
170781 293379
170620 293331
170529 293475
170959 293450
170882 293202
170692 293445
170612 293430
170576 293768
170871 293210
170576 293505
171353 293219
170617 293427
170946 293588
170140 293354
170743 293507
171094 293610
171162 293265
170701 293521
170421 293190
170650 293444
170717 293198
170812 293653
170691 293221
170918 293582
170790 293382
170830 293402
170831 293348
170406 293442
170905 293664
170820 293603
170790 293353
170724 293415
171104 293233
170559 293563
170314 293434
170892 293588
170784 293439
170480 293176
170806 293242
170505 293329
171008 293482
170556 293342
170576 293525
170734 293450
171132 293460
170782 293681
170555 293655
170818 293322
171012 293562
