194447 374105
219835 374350
219505 374137
219399 374692
219527 371502
219453 374476
219399 371421
219118 374222
219267 374497
219782 374132
219309 374585
218894 374193
219863 374084
219701 374232
218928 371474
219127 374167
219155 371332
218766 374089
219552 374090
219639 373980
219050 371414
219129 374622
219475 374495
220079 374197
219464 373766
219532 373979
223279 374879
219560 374757
219757 374356
219481 374084
219105 374220
219616 371360
219252 374578
219494 374515
219357 371351
218968 374186
219202 374114
219512 374450
219456 374132
219287 374250
219227 371411
219009 374540
219524 373686
219272 374182
219132 371422
219032 374351
222532 374880
219215 371476
218748 374067
219558 374670
219856 374229
219400 373954
219583 374217
218644 371471
219155 374185
219395 374351
219433 374229
219504 373974
218604 374160
219491 374146
219001 374298
218853 374314
219543 374053
219297 374443
222791 374934
218108 371402
219090 374490
222437 374900
218959 374247
219163 374529
219231 373833
218890 371428
218670 373740
219587 374467
219121 374186
219461 374328
219346 374210
223306 374592
219107 373687
218562 371493
219213 374072
222605 374829
223100 374683
218501 373755
222515 374782
218444 371360
219178 373755
219418 374460
219159 374536
222511 374912
222312 374837
222705 374640
219101 374030
222772 374911
219147 374501
219125 374154
219480 374368
218905 371490
218555 374364
219600 374059
