158 294
202 294
204 297
262 342
206 294
213 332
196 298
199 296
246 345
180 296
217 345
188 296
178 290
231 342
193 300
164 298
213 300
183 298
178 300
191 300
173 298
168 298
199 298
201 296
196 296
175 298
192 290
182 292
167 298
206 300
183 300
189 298
190 298
200 286
162 298
217 345
174 287
184 298
187 333
179 322
194 300
179 298
188 300
179 298
188 299
177 298
160 296
159 278
160 292
152 285
142 283
172 338
190 283
193 289
192 292
190 288
173 289
193 294
200 299
216 345
178 299
183 297
179 279
196 292
189 298
187 294
183 297
170 299
172 297
202 299
201 345
201 296
194 345
194 292
165 294
197 293
182 300
176 297
203 298
183 293
214 338
186 297
176 294
181 296
195 297
182 295
196 291
185 293
181 285
176 300
181 298
184 293
204 300
179 295
182 300
183 298
171 296
181 290
160 292
163 294
