212944 404774
239055 404607
239496 404130
239465 404264
239629 404264
239455 404331
239329 404611
239530 404550
239034 404356
239327 404433
239090 404187
239411 404244
239829 404528
239475 404277
239259 404302
239359 404439
239458 404127
239183 404314
239322 404133
239554 404312
239688 404400
240010 404232
239199 404517
238705 404284
239797 404352
238993 404398
239399 404210
239388 404400
239517 404064
240232 404422
240995 404912
239724 404545
239063 404345
238846 404424
239694 404442
239647 404222
239887 404214
239606 404180
239314 404371
239153 404436
238891 404143
239313 404562
239796 404474
239008 404300
239395 404177
239691 404320
238632 404382
238947 404331
239365 404432
239235 404296
238931 404130
239685 404251
239651 404157
239704 404352
238970 404242
239458 404204
238777 404488
239152 404322
238797 404521
239324 404413
239573 404171
239780 404215
238870 404311
238739 404189
240034 404372
238879 404269
239343 404372
239445 404470
238978 404170
238666 404406
239475 404271
239347 404139
239120 404134
239096 404271
239135 404324
239333 404460
239760 404226
239353 404248
239176 404412
239950 404242
239587 404234
239310 404150
239544 404223
238568 404602
238602 404221
238575 404273
239338 404349
239286 404453
239639 404363
239615 404171
239209 404116
239495 404241
239476 404149
239639 404274
239153 404227
239939 404239
239043 404448
239501 404178
239440 404181
239659 404233
