119319 234665
134669 234738
135051 236159
134957 235803
134793 234950
134944 234944
135007 235815
134904 234983
134801 234734
134965 234838
134356 235557
135038 234750
134836 235147
134926 236020
134963 234881
134657 236207
134845 234693
136893 236380
134589 234943
134808 234801
134900 235996
134534 236273
134886 235765
134400 235477
135044 234725
134958 235905
134650 235345
135154 235678
134996 234866
134647 235743
135105 236045
135100 235690
134954 235077
134569 235566
134784 235992
136321 236242
134701 234636
134988 235923
134591 234926
136319 236350
136277 236177
134409 235334
134840 235273
134727 234851
134565 235653
135117 235732
134746 235498
134991 235646
134322 234710
134916 235750
136235 236528
134750 234844
134400 235162
134482 235887
134738 235676
134634 235385
134552 234725
136831 236257
136442 236010
134839 235250
134298 235178
134798 234578
136618 236433
134366 234951
134405 234876
136211 236207
134755 234646
134591 234958
134774 235967
134699 235275
136128 236235
134747 234567
134498 235863
134537 234791
134462 236099
134711 235490
134643 235891
134770 234769
134242 234989
136214 236153
134710 235904
134717 234834
134818 235917
136717 236140
134591 234572
134640 234819
135902 236274
134895 234789
134341 235823
134856 235875
134738 235613
134503 234575
134232 235751
136633 235965
136495 236073
136292 235982
134698 235868
134403 234438
134908 235838
134440 234725
