32629 63422
37666 63355
37759 63469
37746 63371
37760 63267
37726 63361
37866 63240
37719 63335
37499 63412
37812 63283
37678 63415
37676 63280
37811 63376
37702 63514
37851 63219
37762 63426
37779 63294
37540 63230
37685 63387
37596 63369
37764 63451
37768 63309
37579 63381
37711 63407
37466 63398
37447 63343
37763 63461
37768 63273
37629 63311
37587 63336
37602 63344
37548 63328
37574 63447
37512 63272
37580 63390
37658 63371
37564 63388
37588 63331
37858 63310
37753 63272
37736 63395
37857 63445
37606 63283
37567 63300
37701 63366
37557 63380
37606 63348
37631 63449
37746 63423
37646 63410
37420 63427
37752 63289
37665 63377
37691 63292
37427 63408
37706 63284
37675 63427
37438 63383
37606 63314
37805 63355
37505 63344
37741 63266
37871 63407
37621 63365
37554 63294
37872 63490
37586 63324
38012 63453
37523 63432
37521 63365
37365 63329
37913 63434
37484 63307
37393 63387
37638 63341
37883 63511
37706 63302
37463 63347
37353 63393
37577 63338
37958 63416
37477 63506
37862 63439
37423 63286
37850 63411
37484 63343
37699 63454
37779 63416
37301 63252
37400 63414
37637 63396
37855 63426
37540 63270
37437 63354
37437 63414
37421 63274
37655 63379
37784 63618
37664 63367
37840 63465
