313012 610000
352368 613036
355878 613298
352021 609995
351666 611749
351980 613026
352415 612868
352204 609976
352403 613276
352358 613272
351716 612304
352650 612675
352699 609898
352118 612912
351468 610354
353216 610002
351891 610010
352841 612768
352615 609847
351605 609916
352043 612681
356154 613293
351590 610068
351954 610003
352574 612866
352500 610082
353198 612833
352711 613129
352781 612884
352195 612392
352285 612596
352512 612724
351753 612551
352074 609972
351806 609906
356481 613021
352275 613003
351951 610026
353057 609738
352186 609858
352908 613078
351656 612782
352702 612432
351956 609830
352047 609851
352464 612398
352107 610066
352282 610097
351927 610131
355341 613187
356154 613033
352324 612526
352376 612997
351831 610074
352651 609828
351851 612017
352591 610050
351643 610277
355543 613071
353016 612757
352555 612724
356260 613113
352581 612924
352505 609794
352222 609755
352461 612674
351958 609654
351443 609883
351786 612916
351491 609938
351760 610085
352084 612004
355793 613033
351342 609847
350781 610079
355753 613141
351326 609928
351845 609755
351432 610467
351403 609853
351730 609783
352088 612645
355436 613067
351595 612389
355303 612964
351546 609853
352243 609928
355485 613142
352009 609981
351502 612957
352369 610150
351915 610236
352024 609834
355741 613251
352164 610028
355699 613129
352518 612740
351828 609860
351330 609832
355193 612808
