95254 181197
108263 181378
107535 181358
108229 181059
108160 181127
107858 181275
108315 181272
107908 181395
107936 181279
108298 181208
107486 181246
108578 181108
108171 181253
108040 181425
107929 181086
107684 181253
107786 181437
107619 181260
108298 181285
108007 181228
108027 181373
107996 181162
107632 181182
108097 181223
107959 181177
107893 181399
108197 181329
108076 181374
108213 181219
107997 181281
108072 181140
107466 181191
107774 181177
107815 181240
108021 181213
107934 181321
107385 181111
107493 181292
107847 181219
107705 181203
108052 181256
107546 181120
107832 181099
107769 181228
108381 181427
108013 181187
108026 181196
107767 181392
107250 181188
107371 181168
107889 181391
107833 181128
108593 181168
108096 181209
107561 181278
107817 181149
108262 181465
107567 181307
107779 181182
108218 181127
108075 181376
107413 181156
107669 181286
108310 181235
107631 181259
107531 181294
107654 181321
107851 181385
107979 181334
108062 181350
107724 181272
107827 181359
107744 181163
107955 181116
108123 181286
107876 181257
108072 181221
108361 181156
108046 181416
107247 181086
107985 181545
107449 181266
107372 181230
108015 181469
107644 181292
107981 181226
107871 181144
107539 181205
107270 181297
107806 181184
108136 181232
107470 181137
107529 181145
107431 181228
108000 181164
107289 181153
107533 181224
108028 181328
108081 181258
107692 181285
