414312 798867
464180 798566
464121 799049
464281 799029
463599 799441
463757 799075
463671 798811
463339 792791
464050 798370
464300 798383
463707 799812
463464 798572
470850 799988
464646 799408
463671 798443
463824 799842
463803 799361
463729 798893
463736 799172
464390 798693
463927 799022
462867 798169
464409 799684
463205 798415
463852 798384
464451 799026
464101 799379
463674 799401
463359 799294
463853 798893
463800 798895
463842 798751
464772 798622
463804 798634
464391 799010
464454 798892
464102 797942
463617 798761
463899 799309
464001 798846
464082 799280
463466 798403
463932 798118
464505 798616
463912 798043
464045 799102
463131 797713
464393 799460
463639 798759
464027 798791
463927 799182
464091 799005
463135 798229
463897 798224
463747 798435
463835 792749
464119 798851
463629 798776
463167 798641
463513 799028
463418 798608
463751 798836
463387 798924
463803 799131
463939 798206
463912 799388
463343 798866
464304 798423
463487 799428
463642 798342
470755 799930
470908 799773
462698 798552
463342 798239
464383 798340
464261 798805
462926 798200
464098 798934
470665 799876
463820 798904
464498 798537
463699 798860
463874 799161
463299 798647
463328 798597
469910 799930
463901 798396
463393 798560
463275 798381
470733 799792
463437 798674
463064 792903
463545 798790
463824 798941
463642 798430
463485 798432
463220 792904
462828 798284
463968 798494
463305 798855
