222547 419843
249681 419598
250323 419587
250404 419827
250672 419820
250993 419821
250989 419986
250751 419884
250845 419605
249923 419837
250899 419779
249641 419665
250405 419579
250456 419896
249954 419623
250416 419601
250862 419793
251346 419956
250397 419610
250529 419876
249755 419646
249852 419634
250712 419837
250133 419866
250942 419877
250080 419643
250471 419807
250915 419886
250592 419787
250047 419689
250705 419803
250978 419774
249672 419569
250862 419824
249912 419589
250486 419603
249986 419560
250013 419653
250804 419837
249880 419560
250954 419905
250389 419782
250177 419803
249647 419508
250082 419593
250474 419867
250308 419580
250143 419561
250585 419776
250284 419702
250140 419866
250577 419832
250807 419830
249414 419653
250561 419882
251102 419817
249837 419600
250678 419784
249568 419627
250067 419572
250813 419829
250653 419768
249706 419573
249803 419613
250410 419820
249755 419633
250032 419599
250018 419904
250167 419599
249482 419574
250209 419766
249940 419653
250861 419877
250686 419986
250827 419993
249934 419794
250107 419593
249642 419557
249501 419589
249928 419941
249776 419554
250563 419768
250393 419790
249096 419558
249479 419640
250134 419628
250402 419855
250139 419588
249713 419633
250546 419886
250164 419792
250081 419547
249966 419533
249971 419816
250538 419784
249871 419564
249806 419829
249433 419574
249112 419660
249696 419688
