111413 222054
126426 221692
126401 221775
126850 222134
126430 221533
126620 221855
126322 222350
126394 222220
126459 221642
126454 222244
126642 221786
126366 221946
126217 221359
126619 221738
126427 221753
126504 222694
126387 222208
126561 221774
126487 221609
126611 222558
126061 221542
126708 222010
126416 221773
126065 221477
126705 222170
126640 222372
126535 221656
126506 221883
126345 222176
126294 221484
126116 221648
126278 221518
126464 221925
126328 221522
126079 221760
126443 222145
126214 221453
126401 221604
126631 221793
126592 222334
126565 221642
126726 221776
126299 221558
126369 221872
126416 221846
126111 222096
126361 221532
125945 221948
126876 222358
127203 221989
127295 222183
126201 221826
126321 221824
126267 221663
126197 221506
126193 222062
126543 221638
126195 221627
126456 221978
126294 222021
126464 221853
126291 221874
126522 222012
126197 222226
126586 222230
126639 221980
126056 221595
126375 221786
126378 221944
126560 222084
126813 222191
126392 222092
126531 221828
126144 221588
126123 221919
126275 221758
126056 221520
126282 221724
125897 222000
126840 222476
126395 221859
126844 222073
126329 221634
126229 222112
127252 222278
126234 221537
126316 221840
125865 221513
126246 221618
125821 221804
125897 221869
126213 221543
126498 222014
126387 221469
126160 221816
126731 221790
125886 221650
126343 221521
126109 221659
126321 221808
