245514 488024
276472 487666
276463 487237
276325 488069
277251 487576
275928 487863
276645 487155
276334 487665
276270 487261
276500 487556
276334 488148
276020 487877
276569 487614
276524 487641
276249 487997
276513 487902
276030 487395
276498 486675
276592 487450
276676 487585
276150 487608
276561 487756
276818 487235
276612 487087
276189 487307
276183 486947
276247 487561
276802 488225
276212 488212
277127 488064
276367 487344
276446 487694
276376 487922
276192 487532
276550 487067
275306 486744
276279 487316
276454 487205
275810 487667
277626 488183
276412 487564
277465 488149
276722 487654
276748 487581
277029 487281
275748 487473
277910 488536
275950 487819
277007 487732
276686 487339
275963 487296
276277 487828
275967 487081
276358 487888
277121 487690
276879 488000
276156 487161
276746 487486
276142 486986
276186 487166
276675 487638
275967 487185
276507 488315
275676 487511
276129 487815
275911 487421
277613 487912
276565 487369
275749 487342
276206 487921
276647 488144
276173 488236
276332 487311
276583 487417
276525 487505
276223 487325
276243 487851
275569 487460
275999 487148
276597 487455
276844 487970
276039 487345
276596 487514
276352 487635
276689 487744
276432 487880
276365 487691
276099 487531
276268 487720
275992 487264
276214 487727
275741 487824
276692 488002
277338 487531
277070 487628
276601 487290
276358 487232
276172 487785
277338 487804
276369 487441
