230732 460518
259908 460395
259502 459939
259690 461405
259271 460086
259864 461757
258961 459782
260545 461482
259796 460046
259738 460600
259742 460477
260287 460536
260032 459965
260290 462807
259320 460113
260323 460985
260255 461187
259210 460387
259599 460538
259495 461050
259832 461069
259871 460251
259268 459743
259349 460426
260204 460422
259675 460221
260598 461550
259886 461221
259081 460925
259481 460285
259651 460271
260005 461465
259798 461234
260007 460505
259121 460322
259609 461363
259770 460624
259742 460230
259104 460774
259574 461624
258932 460945
259940 460204
260166 460442
260081 461021
259060 460816
260204 461827
260063 461430
260606 461668
260217 460480
259446 460628
259651 460367
259961 460951
260379 461579
259808 461203
260253 461436
259845 460552
259881 461340
260138 462145
258449 459920
259489 460528
259836 461024
259712 460285
260053 461643
260198 461324
259933 460369
259767 461272
259822 460272
260432 461696
259255 460432
260287 462029
259713 460518
259882 461115
259502 460500
258630 460120
259390 460851
260108 460612
259355 461282
260127 461546
259866 461689
259909 461259
259572 460365
259024 460453
258915 460289
260105 461582
259017 459787
260077 461430
258854 459962
259126 459592
259510 461107
259641 460164
259639 461041
259675 460720
259469 460612
259517 460977
259838 460974
260556 461766
258805 460831
259942 461458
259430 460647
259990 461582
