19 34
27 40
22 30
25 38
12 29
27 38
22 39
15 28
17 30
18 37
17 30
21 39
22 30
18 36
19 26
19 30
20 30
22 39
14 38
18 38
14 20
19 36
22 40
23 36
25 37
26 38
20 38
17 36
25 40
20 30
18 37
11 29
21 38
18 30
19 30
26 37
19 30
17 28
19 34
20 34
22 39
16 20
17 36
24 47
17 34
24 37
23 38
11 20
25 35
25 38
19 38
19 36
17 30
18 38
17 38
22 37
24 37
17 27
19 24
17 36
22 40
24 39
25 40
24 39
18 34
11 29
23 47
23 36
11 20
25 47
24 37
22 38
19 36
16 27
14 38
16 28
18 38
23 38
17 26
18 30
22 36
22 35
22 36
27 40
17 30
23 38
20 39
25 40
19 36
19 32
16 30
26 40
19 38
25 38
21 39
14 30
21 30
16 26
19 37
18 38
