237926 474101
267219 473059
267988 474317
267999 473702
267835 473415
268073 474249
268096 473528
267997 474090
268211 474200
267952 473283
268345 473403
267923 473979
267776 474062
267861 473738
267870 474328
267649 473315
267993 472841
268440 474807
267454 473208
268299 474442
267881 472810
268423 473633
268034 473019
268163 474039
267873 474302
267682 474135
267457 473669
267766 473680
268219 473773
268097 473225
267820 473569
268228 473740
267842 474120
267647 473681
267998 473302
267456 473023
267876 473700
267801 473901
267472 472858
268222 474057
267464 472951
267968 473486
268094 473062
267819 473580
267838 473979
267686 473708
268021 473477
268115 473731
267992 472968
267506 473512
268015 474498
267713 474341
268097 473747
267831 473911
268096 473727
267625 473572
268011 473763
267560 473452
267759 474340
267152 473816
267721 473848
268198 473266
268415 474055
269708 474498
267396 472838
267491 473768
267677 473309
268495 472971
267447 472715
268011 472886
267794 474520
268023 473742
267401 473707
267776 473899
267684 473984
267792 473307
267691 474192
269168 474603
267357 473070
269383 474387
267920 473630
267852 472980
267419 473731
268130 474070
267644 473030
267924 473522
269715 474607
267580 474037
269127 474382
267975 473266
269334 474182
267894 473280
268317 473392
268494 474193
267793 473575
267543 473320
267583 473636
268899 474253
267383 473901
267321 473292
