18681 35598
21728 35610
21515 35615
21732 35571
21648 35544
21509 35529
21635 35557
21753 35568
21604 35557
21632 35583
21750 35624
21561 35587
21673 35598
21710 35587
21554 35649
21762 35603
21499 35592
21557 35579
21638 35574
21389 35621
21540 35615
21755 35609
21600 35568
21439 35589
21647 35554
21621 35594
21715 35588
21635 35568
21670 35587
21618 35623
21287 35602
21489 35524
21590 35631
21316 35567
21358 35587
21854 35968
21431 35609
21536 35598
21638 35569
21432 35585
21589 35595
21398 35539
21600 35740
21374 35754
21396 35572
21452 35531
21532 35586
21439 35596
21694 35565
21408 35534
21534 35561
21396 35573
21505 35551
21501 35616
21213 35577
21447 35633
21544 35660
21427 35660
21450 35546
21492 35556
21454 35529
21444 35584
21391 35612
21346 35557
21441 35615
21300 35539
21343 35606
21257 35558
21475 35656
21448 35544
21534 35657
21387 35598
21685 35630
21454 35599
21669 35527
21403 35640
21429 35556
21368 35617
21242 35546
21533 35561
21504 35621
21258 35575
21289 35618
21413 35576
21411 35599
21431 35605
21346 35549
21238 35589
21266 35638
21343 35556
21465 35607
21384 35749
21425 35670
21347 35590
21462 35569
21371 35532
21551 35565
21409 35580
21452 35569
21290 35538
