261490 517206
294617 517216
294580 517820
294768 516982
294332 517945
294365 517202
294516 517372
294902 517145
293989 516606
294503 517652
294375 517817
294481 516847
295452 518161
295523 518196
294309 516704
294921 517908
294990 517777
294310 518113
294659 517936
294439 517160
294312 517859
294122 516837
294666 517780
294014 517450
294716 517720
294316 517056
294543 517965
293930 517703
293874 516641
294525 517261
294925 517371
294099 517340
293880 516986
294523 517605
294273 517035
293891 516927
294773 517646
294954 517821
294057 516959
294168 516691
294702 517313
294688 517687
294019 517291
294557 517790
294094 517638
294155 516920
294956 517312
294781 518052
294512 516880
294376 517751
294349 517960
294421 516994
294696 517161
294685 517100
294752 516995
295315 518056
294917 518024
294339 517370
294445 517528
293767 516835
294305 517360
293933 517486
293806 517681
294549 516914
294094 517056
295449 517875
293294 517053
294532 517095
293816 517458
294207 517569
295033 516860
295519 517622
293561 516766
295037 517392
294364 517166
294311 517065
295585 518470
294959 517933
294381 517433
294261 517100
294348 516659
294094 516951
295125 517665
294816 517595
293598 517453
294258 517576
293987 516648
294165 517297
294043 517496
293847 516892
294878 518024
294187 517272
294133 517030
294767 517527
295118 517920
294425 516740
294635 516959
294997 517936
293749 517189
294196 517016
