322477 627521
361761 626844
362163 626424
361632 626733
362258 626902
362392 626718
362471 627132
361643 627358
362254 626735
361852 626933
362293 626948
361685 626854
361730 626904
362320 627556
361261 627525
362048 627112
362218 626791
362009 627268
362546 627064
361820 627014
362280 627090
361580 626505
361468 626818
361861 626926
362394 627326
361942 627186
363011 627335
361766 626705
361654 626740
361241 626831
361741 626373
362463 626643
362937 626606
362444 626791
361677 626905
361999 626801
361855 627153
361771 626588
361682 626526
361787 626986
361477 626900
361487 627182
361722 627094
362425 627306
361895 626696
361410 626720
361683 626789
362141 627025
361755 626718
362230 626995
361377 626816
362385 626506
362169 626430
362240 627293
361163 627155
361590 626562
361795 626709
361224 627085
361865 626779
362112 627279
361279 626785
361500 627064
361821 626740
361303 626970
361841 627144
362250 627139
361605 626945
362987 627326
361586 626684
361268 627091
361312 626800
361450 626771
362322 626888
362108 626916
361999 626872
362129 626903
361415 626773
361806 626929
362802 627322
362748 627353
361660 627046
361159 627195
362113 626719
361611 626720
362764 627287
362327 627298
361433 627059
361148 626537
361740 626995
361855 626935
362315 626594
361373 627146
361521 626948
362102 626825
361642 626369
362695 627386
361651 626741
361825 627269
361867 626667
361749 626875
