287363 566023
322970 566350
322719 566829
323269 566763
323629 566731
323758 567481
323071 566649
323496 566865
323539 566787
322672 566341
323417 567461
322866 566833
322629 565314
323531 567050
323167 565850
323290 566941
323627 567079
323589 565617
323772 566744
323099 566354
323439 567354
323756 566889
323337 566464
323070 566164
323427 565892
322988 566638
323342 566163
323561 566382
323697 567031
323936 566849
323095 566283
323035 566518
322718 565939
323144 567031
323155 565513
323248 566348
323478 566796
324039 567694
323423 566580
324344 567148
322837 566126
323775 567029
322913 566560
323836 567551
323816 566757
322974 566512
323542 567116
323515 566975
323244 568512
323912 566589
323586 566949
322676 565736
323376 566590
323084 566274
322417 566492
323387 566601
323613 566533
322917 566303
322881 566564
322758 566770
324242 566971
323170 566346
322682 566293
323089 566056
323483 566463
324120 567955
322736 565920
322929 566420
323343 566572
322861 566119
323723 567304
322626 565538
323842 567034
323478 566437
323286 567022
323075 565417
323665 567424
322736 566133
322729 566554
322818 567022
323039 566938
323512 567168
323578 567045
323403 566787
323448 567141
323172 566727
322991 567636
323294 566698
323308 567008
322996 566379
323065 566636
323119 566972
323320 566799
323768 566788
323332 567262
322025 566174
323289 566535
323208 566424
323486 566607
322802 566678
