86491 166258
98452 166508
98193 166215
98589 166193
98388 166360
98624 166216
98266 166351
98357 166187
98424 166292
98326 166164
98483 166302
98996 166494
98305 166313
98323 166508
98254 166337
97993 166457
99015 166601
98733 166624
98348 166407
98547 166390
98350 166246
98541 166270
98696 166380
99023 166592
98675 166315
98539 166477
98400 166233
98450 166478
98605 166457
98612 166344
98494 166344
97828 166381
98521 166493
98932 166589
98372 166235
98662 166593
98861 166653
98259 166261
98508 166460
98398 166495
98480 166396
98473 166262
98224 166248
98672 166566
98025 166328
99003 166553
98294 166278
98422 166250
98652 166598
98090 166328
98576 166400
98681 166648
98005 166273
98563 166354
98503 166240
98066 166181
98457 166450
98650 166502
98630 166359
98372 166249
98741 166543
98754 166547
98153 166301
98323 166276
98481 166212
98431 166360
98213 166421
98656 166441
98107 166269
98319 166224
98453 166435
98428 166286
98636 166552
98135 166458
98086 166480
98222 166353
98432 166646
98446 166625
97954 166288
98651 166620
98817 166434
98258 166263
98282 166325
98179 166390
98150 166281
98825 166561
98532 166447
98792 166366
98537 166469
97880 166303
98646 166470
98630 166606
99049 166474
98605 166518
98549 166478
98517 166399
98047 166276
98292 166231
97805 166309
97793 166308
