351083 685977
393114 685943
393793 686429
392791 686017
393569 685915
393444 685441
393062 685502
393827 685865
393741 686710
392708 685756
392695 686590
393771 686089
393752 685372
394212 686825
393590 686799
392703 685240
393863 685921
392423 685927
393333 685595
393119 685044
393591 685953
393306 685616
393323 685597
392949 685630
393070 686447
392976 685607
394221 686091
393309 685098
393560 686164
394220 686252
393061 685955
393833 673548
392941 685443
393441 685835
393277 686299
393299 684686
393899 685988
393886 686859
393365 686064
393563 686599
393365 686544
393761 686442
393304 686093
393484 686177
393305 686810
393513 687497
393800 685907
393632 686420
393649 685271
393569 686126
392375 685758
393158 685857
393797 686177
393585 686055
393349 686920
393299 686794
392436 685435
394068 685928
394000 686696
393794 686215
393601 686251
393803 685764
394246 686864
393936 686677
393925 687294
392623 685701
393563 686101
393270 685713
393481 685568
393813 685861
393489 685176
393524 687028
393737 686002
394059 686877
393076 685918
393440 686542
392312 684860
393559 686031
392462 685284
392679 686233
393419 685936
394066 685837
392379 685735
393617 686078
393231 686019
393694 686204
393068 685648
393522 686631
393047 686692
393327 685128
393457 686446
393644 687238
393144 685836
393604 686006
393680 686296
393713 686389
392805 685742
393227 686202
393605 686749
393189 686480
