168145 328007
189993 328281
190160 328208
190216 328123
190390 327374
190171 327758
190338 327545
190321 328404
190208 327885
190507 327724
190279 328079
190112 327941
190266 327848
189756 327904
190243 327577
189356 327706
190186 328012
190517 327459
190567 328191
189537 327897
190521 327672
190093 327868
190882 328257
190321 327846
190035 327881
190026 327799
190582 327665
190669 328072
190946 328170
190067 327752
190510 327358
190330 327547
190590 327843
190057 327688
190267 327597
190503 328114
190460 328131
189566 327304
190247 327843
190027 328128
189758 327663
190105 327809
190149 327925
190098 327868
190259 327567
190451 327872
189945 328310
189945 328065
189260 327819
190182 328213
189671 328144
190061 327436
190265 327666
190390 327933
190079 327935
189953 327324
189783 327773
190145 327687
189828 327429
190342 327973
190000 327910
190252 327781
190236 327345
189577 327947
190366 327780
190351 327975
189813 327525
190223 327707
189381 327752
189835 328194
190426 327714
189975 327894
190190 327541
190229 327822
190079 327681
189798 327878
190060 327687
190111 327812
191057 328018
190152 327506
189924 327850
189781 327592
189939 328139
190370 328354
189825 327175
190239 327853
189749 327930
189917 327826
190065 328368
189885 328018
189837 327869
190160 327626
190284 327861
189578 327877
189959 327681
190029 327457
190104 327611
189920 327778
189842 327422
190545 327909
