278883 546416
313121 546263
313579 546532
314101 546396
313285 546351
314262 546434
313722 546675
313696 546586
313696 546338
313848 546704
313839 546118
312908 546714
313893 546696
313819 546544
314396 546512
314152 546076
313650 546479
314168 546285
313949 546750
313391 546453
313434 546817
314127 546198
313621 546361
314138 546277
314497 546387
313534 546411
313848 546159
313949 546292
313717 546572
314368 546090
313657 546388
313293 546385
313580 546421
313242 546454
313788 546508
314288 546486
313822 546502
313461 546477
313903 546453
313661 546547
313965 546545
313490 546575
313375 546639
313138 546721
313420 546673
313240 546174
313904 546355
313551 546190
314157 546135
314049 546389
313295 546780
313494 546510
314391 546132
313944 546356
313711 546964
313570 546542
313438 546502
313716 546773
313553 546412
313680 546502
314071 546489
313925 546400
313531 546249
313861 545902
313872 546186
312963 547135
313535 546486
313305 546664
313163 546504
313624 546641
313753 546662
313274 546336
312979 546735
314093 546734
314097 546361
314078 546651
313744 546436
313097 546867
313121 546242
313879 546333
313279 546766
313647 546661
312698 546445
313778 546650
313498 546266
313557 546405
313706 546254
314318 546612
314234 546373
314054 546548
313903 546350
313610 546554
313148 546512
313671 546489
313641 546088
313775 546309
313387 546809
312306 546537
313282 546612
313745 546605
