403118 777246
452258 777151
452932 777180
453269 777338
453881 777282
453724 777218
453026 777149
452746 777305
453198 777402
452885 777302
452180 777369
452871 777146
452939 776991
452347 777005
453252 776939
453358 777532
453026 776969
453580 777092
452803 776969
453135 777159
453193 777249
453106 776998
453230 777726
453192 776913
453439 777705
452347 777236
451801 777299
452689 776903
452028 777100
452553 777216
454346 777454
453164 776943
453556 777677
453258 777092
453652 776831
453086 777259
453550 777379
452674 777316
453124 777072
453074 777035
453534 777031
453097 777087
452576 777163
452699 777037
452326 777280
452860 777309
452859 777247
453048 777452
452166 777412
452532 777035
453128 776993
452509 776976
452982 777259
452813 777045
451515 777132
453706 777003
452165 777020
452804 777063
453038 777531
452508 777488
452042 777117
452491 777219
452342 777094
453832 777556
451857 777050
452968 777154
453422 777129
453093 776997
452880 777029
452842 777397
452855 777156
453353 777198
453310 777242
452613 777470
452149 776884
452306 777261
452726 777309
452306 777160
452459 777242
452527 777351
453178 777725
452270 777133
453958 777013
453205 776952
452707 777225
453683 777408
452634 777293
452883 777077
452701 777171
452596 777121
453432 777078
453107 777665
452710 777098
453179 777296
451783 777176
452797 777552
453125 777228
453014 776848
453075 776925
452207 777292
