295712 580103
332012 580309
332871 580207
331640 580395
332587 580121
332285 580495
332445 580500
332575 580115
332580 579824
334175 581383
332583 581016
333098 580127
332847 580554
332614 580394
332201 580402
332826 580498
332026 580062
332530 580116
332295 580244
332308 580216
332032 579853
332609 580741
331976 580673
334351 581310
333190 580497
331953 580432
332392 580625
333020 579837
332316 580947
332374 580080
332267 580414
332063 580741
331652 580227
332091 579777
332840 579943
332328 580160
332170 580545
332410 580775
332340 580660
332055 580395
332048 580513
332426 579878
332385 580218
332559 579844
332709 580450
332639 580109
332313 579848
332363 579832
332844 580884
332080 580406
332783 580087
332647 580061
332874 580740
332660 580633
332665 580530
332145 580175
331680 580049
332620 580840
332082 579863
332335 579896
332479 579872
332175 580287
332382 580022
332309 580053
332120 579823
331914 580209
332156 580384
332075 580444
332574 580809
332171 579963
332463 580139
332111 579748
331657 580687
332075 580064
331941 580023
332427 580695
332253 580141
332461 580579
332242 580439
332916 579924
332398 580209
332440 580925
333165 580644
331641 580445
332032 580103
332636 580843
332204 580341
332477 580258
331982 580750
331615 579985
332253 579984
332616 580237
332063 580334
331930 580408
332242 580587
332307 580271
331962 579810
332597 580866
332736 580736
331746 579936
