40478 77204
46272 77147
46326 77156
46324 77169
46124 77195
46008 77274
46243 77161
45910 77244
45866 77099
46183 77181
46007 77163
46190 77181
46058 77287
46123 77089
46290 77115
46225 77184
46235 77180
46435 77242
46120 77147
46213 77127
46299 77099
46162 77179
46176 77156
45897 77186
46249 77282
45959 77089
46165 77171
46696 77281
46152 77166
46333 77142
46119 77251
46157 77173
46667 77160
45962 77138
46329 77143
46093 77178
45889 77216
46187 77153
46189 77249
45781 77144
46338 77235
45951 77206
46364 77261
46180 77174
46343 77198
45987 77180
46238 77128
46202 77185
46070 77072
45919 77223
46010 77151
46024 77213
46128 77178
45930 77160
45944 77193
46031 77296
46314 77207
46235 77170
46032 77186
46064 77264
46101 77202
46008 77252
46016 77045
45852 77191
46094 77113
46286 77176
46085 77171
46064 77151
45915 77146
46110 77260
46145 77321
45950 77200
45829 77236
46063 77170
46108 77222
46165 77198
46136 77111
45924 77110
46053 77133
46212 77170
46383 77199
45760 77137
45811 77138
46024 77101
45704 77138
45773 77189
45988 77172
46245 77189
45861 77133
46094 77174
46034 77024
45772 77156
45927 77288
46076 77173
45944 77173
46091 77292
45803 77159
46044 77248
45991 77169
46291 77304
