367720 714446
411864 714166
411783 713919
411458 714369
412472 714931
411653 714285
411820 714420
412119 714753
411195 714726
411852 714817
411923 714183
412062 714115
412115 715025
412370 714119
411432 714248
411773 714081
412633 714995
411836 714317
411025 715592
411533 713891
411007 714031
411821 714333
412191 715201
411846 714333
411868 715316
412066 714203
412146 713889
412423 714517
411565 714149
412473 714521
412080 714986
412238 715026
412192 714529
411201 714530
411537 714065
412160 714390
411810 714522
412014 714280
412162 714058
411790 714011
412241 713910
411299 713866
411570 714264
412559 714570
411744 714000
412224 714178
412157 714358
411961 714914
411999 714290
411921 714247
412425 714763
412389 714870
411325 714007
411821 714677
411512 714461
412343 713898
412164 714440
411973 714356
412204 714481
412076 714172
412252 714411
411917 714547
412366 714840
411693 714316
411828 715065
411801 714592
411892 715302
411792 714602
411279 714521
412089 714009
412186 714965
411499 714210
411272 715074
411836 714034
411517 714431
411788 714892
412205 713785
411938 714519
411922 715068
412602 714709
411841 714911
412083 715114
411911 714297
411753 714811
411853 714365
412145 714045
411779 714660
411757 714881
411199 714367
412055 713941
412048 714276
411741 714393
411745 714760
411376 714513
410990 714788
411222 714911
412005 713953
411960 714608
411496 714297
411960 714531
