126407 248834
143331 249055
143505 248954
143116 249092
143085 249143
143488 249043
143027 249115
143492 248886
143430 248885
143273 249217
143558 249252
143649 248752
143465 248997
143297 249339
143714 249222
143322 248673
143462 249423
143433 249107
143057 249453
143228 248397
143246 248911
143441 248932
144051 249185
143691 249025
144227 249518
143301 249048
143566 248780
143537 249359
143113 249279
144040 249451
143280 248708
143604 248923
143543 248782
143458 248975
143615 249026
143408 248817
143125 249183
143329 249246
144002 249449
143553 248956
142763 248556
143028 248963
143007 249020
143538 248920
143511 248891
143402 249034
143398 249415
143014 248666
143031 248929
143319 248951
143220 248692
143506 249308
143217 248953
143673 248948
143087 249177
143242 248908
143425 248976
143349 249098
143463 248716
144221 249396
143787 249538
143456 249108
143403 249120
143232 249084
144191 249446
143226 249435
143063 248735
143571 249163
143435 249086
143148 248891
143626 249172
143792 248959
144184 249243
143316 248935
143309 248721
142685 249068
143772 249279
144367 249322
143510 249115
142770 249130
143769 249214
143442 249094
143551 248757
143292 248723
142989 249106
143148 248962
143380 249176
144077 249356
143324 248635
143378 249102
143244 248934
143013 248829
143182 249002
143121 249042
143548 249289
143608 249272
143078 248875
143265 249106
143952 249553
144150 249340
