25652 50687
29716 50734
29681 50872
29670 50952
29553 50944
29445 50889
29465 50800
29742 51008
29809 50888
29574 50737
29694 50779
29645 50887
29550 50719
29490 50669
29657 50683
29680 50790
29697 50988
29566 50806
29566 50676
29700 50908
29615 50741
29613 50742
29654 50860
29485 50886
30115 50986
29750 50741
30074 51156
29498 50784
29635 50671
29911 51002
30002 51010
29746 50784
29421 50731
29657 50907
29550 50607
29591 50664
29680 50650
29559 50718
29513 50736
29598 50806
29488 50689
29957 51010
29583 50637
29983 50987
29536 50759
29473 50869
29414 50781
29553 50744
29949 50946
29661 50822
29597 50746
29251 50756
29537 50760
29581 50833
29490 50845
29443 50651
29620 50773
29382 50931
29681 50920
29778 51035
29893 50978
29430 50636
29576 50742
29452 50665
29880 51027
29603 50903
29411 50732
29984 50992
30164 50928
29503 50671
29391 50769
29980 51082
29585 50807
29235 50800
29420 50838
29790 50938
29911 50893
29771 50840
29520 50759
29873 50818
29719 50814
29964 51016
29597 50722
30067 50956
29536 50723
29865 51002
29852 50772
29444 50792
29428 50637
29792 51012
29411 50670
29543 50757
29494 50739
29451 50687
29555 50609
29481 50682
29829 51040
29409 50747
29564 50757
29283 50684
