105050 195952
118402 195960
118292 195751
118362 195902
117578 195938
117691 195577
117962 195828
117774 195753
117927 195809
118056 195766
117912 195832
117853 195817
117839 195829
118013 195777
118825 195988
118366 195971
118086 195909
118418 195902
118008 195778
117988 195896
118098 195939
118310 195895
118724 195990
117795 195881
118213 195904
118167 195880
118157 195788
118053 195949
117862 195837
118272 195766
117958 195988
118040 195776
118019 195966
118392 195993
117667 195779
117600 195798
118381 195970
117778 195829
117649 195798
118440 195928
117847 195805
118096 195906
118179 195771
117559 195758
117852 195895
118187 195926
118164 195866
118184 195949
117793 195794
118226 195895
117857 195852
118106 195917
118197 195947
117649 195815
117883 195938
118011 195810
117796 195833
117967 195982
118277 195968
117893 195914
117898 195808
117742 195801
117786 195826
117922 195888
118445 195998
117912 195909
117786 195786
117657 195948
118124 195899
117817 195831
118181 195949
118176 195869
117556 195780
117636 195946
118079 195949
117938 195973
117814 195780
118122 195933
117836 195806
118358 195904
117664 195884
117916 195893
118308 195963
118185 195874
118307 195924
117436 195819
118051 195812
117507 195806
117659 195972
117661 195780
118168 195983
117813 195958
117983 195789
117669 195893
118020 195886
118124 195966
118136 195897
118016 195902
118023 195942
117908 195779
