185204 357169
209258 356806
209626 357073
209416 356787
209287 357080
208636 356498
209147 356831
209480 357003
208841 356837
208474 356684
209091 356949
208950 356909
209132 356559
209259 357001
209219 356977
209210 356523
208814 356699
210132 357241
209456 356813
208805 356745
208634 356804
209410 356743
208877 356823
209202 356505
209461 356949
209302 356869
210071 357330
208888 357032
209149 356892
209059 357015
209304 356425
209236 356430
208989 356808
208883 357048
209353 356804
209797 357023
208743 356892
209760 356708
208672 356555
209378 357216
208724 356636
208849 356530
208660 356969
209378 356806
208853 356574
208715 356698
208885 356684
209212 356482
209831 357164
208944 356509
208699 356625
209667 357385
209346 356745
209677 356345
208764 356535
208874 356828
208956 356468
209776 357269
208919 356764
209582 356822
208979 356650
209808 357072
208382 356393
208514 356418
208479 356461
208793 357004
208068 356457
208843 356780
209116 356991
209217 357077
209026 357104
208910 356756
209768 357116
209601 356597
208911 356570
208757 356472
209360 357207
208986 356932
209001 356836
209184 356812
209526 357044
209544 356876
209174 357214
208666 356715
208624 356481
208639 356550
208874 356471
208406 356635
208793 356826
208787 356816
208854 356906
208602 356702
208485 356979
208525 356780
209662 356976
208309 356428
209141 356513
209401 357003
208491 356734
209024 357253
