150816 293662
171075 293435
171120 293449
170624 293577
170979 293362
171044 293475
170825 293510
170779 293756
171191 293476
171130 293280
170927 293236
171016 293670
171134 293749
170614 293522
170964 293409
170348 293487
170648 293328
170833 293525
171169 293275
171388 293737
170554 293956
170853 293630
170656 293382
170721 293500
171010 293555
170603 293251
170596 293520
170609 293587
170469 293388
170789 293902
171210 293426
170644 293374
170056 293391
170775 293444
171149 293380
171028 293655
170977 293452
170674 293583
170931 293432
171473 293661
170531 293579
170190 293550
170912 293156
171379 293480
171024 293404
171027 293751
171353 293649
170819 293489
171348 293641
171197 293579
171413 293052
171557 293616
170844 293464
170902 293348
170674 293555
170604 293723
171032 293195
170668 293301
171236 293568
171182 293168
170925 293368
170725 293595
171254 293570
171005 293278
170844 293583
170499 293367
171104 293726
170836 293416
170796 293529
170741 293257
170885 293684
170566 293379
171103 293400
170236 293969
170242 293299
170596 293493
171078 293376
171518 293441
170594 293441
170674 293468
171351 293634
171247 293561
171147 293655
171237 293523
171158 293482
170967 293442
171046 293669
170361 293338
170520 293966
171180 293812
170717 293375
171013 293424
170011 293609
169865 293419
170844 293409
170592 293556
170732 293669
170587 293321
171094 293329
170862 293210
