62836 123975
72181 123838
71900 123507
71725 123469
71844 123844
71773 122575
71425 123705
71822 123664
71935 123830
71749 123631
71922 123276
71789 123476
71662 123439
71702 123570
71389 122493
71806 123944
71775 123743
71767 122393
71862 123918
71724 123639
71953 123462
71851 123523
71899 123790
73854 124046
71885 123564
71691 123511
71362 123562
71602 123338
71911 123589
71725 123454
71590 123609
71511 122398
71653 123419
71714 123509
71967 123644
71575 123555
71613 123359
71938 123554
71874 123470
71742 123507
73599 124006
71726 123856
71673 123444
71671 123790
71695 122327
71684 123449
71762 123303
71670 123688
71781 123756
73456 124027
73691 124088
73345 123988
71802 123861
71828 123705
71796 123952
71223 123191
71504 123704
73679 123887
71403 123327
71822 123462
73660 124016
71657 123421
71893 123407
71786 123582
71701 123705
73428 124024
71694 122443
71767 123345
71678 123684
71386 123360
73469 123859
73512 123919
71641 123742
71373 123637
71464 123293
72219 123455
73335 123910
73133 124103
71809 123690
71679 123698
71721 123425
73159 124079
73442 123955
71470 123621
71731 123517
71474 123455
71684 123482
71571 123659
73304 123793
71869 123705
71554 122408
73278 124086
71458 123275
71462 123713
73393 123900
71668 123512
71394 122507
73483 123814
71812 123514
71752 123807
