270336 532575
304075 531733
303986 531678
304021 531342
303886 532372
303963 531419
304517 533109
304495 531436
303891 532450
303339 531723
303744 532262
304319 531356
304206 532229
303726 531478
304374 532648
304260 531761
303425 531723
303608 531835
303540 531702
304008 531671
304082 531903
304552 532419
303327 532007
304287 532440
303574 531435
304342 531411
303512 532256
303949 532250
303522 531507
304016 532112
303795 532574
304137 532322
303544 531931
304093 532465
304322 532396
303979 531847
303950 531444
303880 532452
304214 531663
303936 532229
303653 532587
303419 532479
303308 531702
303759 531717
303534 532201
303948 531518
303977 532427
303946 531762
303544 532461
303882 532376
303727 532366
303740 531817
303932 532836
303476 531771
303761 532519
304457 532146
303602 532450
303639 532222
303548 531193
303469 532389
304118 532392
303572 531647
303867 531988
304005 532537
304073 532364
303860 531805
302929 531686
303929 532164
304222 532278
303970 531941
305897 532779
303805 531215
304097 531579
303749 531996
304339 532437
303345 531139
304421 531825
303753 532376
303370 531532
303750 531605
304096 532053
303686 531906
303278 532498
303419 532225
303335 531845
303881 532375
303844 532214
305385 532972
303565 532950
303660 531523
303146 531686
303296 532216
303594 532045
303531 532301
304050 531835
303900 532349
303884 532428
303806 532078
303171 531509
303448 532173
