142753 278535
161265 278610
161913 278461
161523 278792
161513 278922
161228 278683
161391 278355
161492 278490
161357 278514
161252 278377
161404 278653
161603 278412
161602 278501
161388 278384
161793 278598
161345 278642
161433 278687
161413 279072
161175 278753
161935 278526
161878 278389
161709 278596
161505 279013
160877 278876
161436 278412
161389 278593
161779 278740
161449 278723
160915 278900
161009 278731
161963 278668
161839 278757
161474 278372
161363 279008
161054 278370
161122 278565
161187 278452
161177 278477
161601 278861
161751 278750
161067 278531
161286 278629
161372 278585
161637 278296
161527 278658
161332 278867
161595 278402
161379 278601
161050 278453
161514 278556
161299 278419
160918 278464
161294 278478
161289 278521
161673 278452
161038 278504
162106 278716
161678 278576
161232 278657
161090 278341
161814 278682
161413 278624
161514 278768
161059 278390
161322 278549
161749 278511
161524 278696
161105 278795
161215 278519
161363 278701
161229 278564
161124 278688
161254 278435
161168 278734
161370 278742
161563 278299
161460 278563
161172 278523
161546 278388
160771 278275
161262 278510
161508 278449
161400 278699
161418 278629
161313 278462
161251 278545
160972 278566
161020 278483
161365 278548
161416 278696
161093 279046
160924 278794
161120 278641
161583 278702
161474 278426
161199 278763
161542 278577
161301 278480
162094 278781
161275 278780
