304097 594677
342098 595154
342222 595193
341636 595219
342100 595306
341672 595535
341916 595027
341730 594926
341470 595215
341625 595103
341219 595376
341781 595392
342148 595058
342250 595222
341715 595725
342125 595357
341378 595238
341881 595393
342162 594755
342396 595168
341574 595733
343093 595122
341985 594840
341842 595219
342593 595253
341951 595102
341963 595172
342183 594974
340998 594705
342237 595266
341944 595301
341830 595164
341384 595150
342859 595564
341210 595090
341839 595015
342067 595066
342549 595371
342212 595258
342113 595275
341563 595075
341710 595547
342192 594924
341727 594900
341707 594770
342285 594772
341738 595336
341167 595075
341457 594855
343122 595484
341895 594871
341725 595285
341751 595609
341784 595194
342121 595695
341632 594826
341904 595121
341702 595505
341525 595506
341795 595382
341691 594981
342700 595098
342029 595064
341711 594655
341916 594921
341688 595398
341435 595227
342536 595461
341724 595459
341322 595280
341188 594899
341773 594629
341750 595565
341586 595254
342108 595180
341967 595021
341276 594795
342759 595232
341728 595211
341456 595044
341329 594986
342043 595337
342156 595388
342022 595324
342124 595327
342010 594970
341453 594806
341593 595071
341954 595134
342366 595363
341770 594704
341927 595253
342428 595722
342559 595500
341322 594710
341939 595740
341677 595012
341730 595254
342047 595067
341989 595325
