48680 90893
55721 90955
55470 90880
55590 90879
55474 90935
55548 90875
55628 90948
55446 90937
55489 90883
55870 90992
55318 90876
55630 90875
55283 90955
55576 90897
55417 90903
55740 90982
55571 90943
55266 90863
55858 90960
55705 90938
55440 90994
55334 90937
55349 90929
55167 90975
55482 90919
55574 90917
55467 90969
55461 90994
55480 90964
55734 90992
55581 90896
55316 90918
55531 90915
55301 90969
55336 90907
55438 90938
55177 90882
55609 90992
55362 90946
55239 90892
55364 90965
55512 90957
55243 90891
55221 90937
55139 90783
55106 90986
55474 90889
62653 97698
55214 90918
55287 90976
55351 90950
55410 90883
55529 90945
55510 90989
55374 90947
55460 90946
55672 90952
55576 90987
62355 97922
55780 97491
55250 90896
55140 90885
55059 90792
55318 90945
55323 90939
55198 90917
55172 90911
55274 90887
55269 90985
55152 90992
55407 90962
54669 90788
55419 90984
55261 90974
55578 90948
55248 90923
55049 90897
55084 90980
55367 90974
55330 90972
55315 90902
62254 97740
55354 90898
55177 90929
55510 90973
55572 90996
55191 90971
55491 90931
55333 90920
55320 90985
55165 90935
54831 90899
61911 97570
55124 90957
54787 90765
55271 90898
55032 90792
55102 90906
55166 90942
55168 90975
