330956 641841
372755 642817
372587 641690
371651 642703
372768 642451
372203 642593
371850 643072
372927 642997
372142 642563
372792 642555
372355 642528
372206 643031
372546 641922
372261 642342
371969 643345
371845 641955
371931 642757
372609 642366
372879 642406
372437 643063
371818 641941
371915 642546
372823 643211
372497 643226
372812 641757
372418 641858
371673 642614
372385 643274
372416 643128
372135 642122
371914 641859
371765 643301
372479 642655
371948 641978
371905 642503
372986 642712
372423 642570
372975 643240
372244 642351
372339 642897
371974 641724
371840 642952
372388 643153
371977 641713
372235 642443
372460 641873
372140 642861
371842 643069
372008 641725
372090 642732
372986 642576
372795 642967
372549 642379
371616 641790
371677 642746
372519 642691
373676 643323
373118 642553
372564 642784
371883 642827
372480 642742
372165 642597
372590 642873
373999 643279
373151 643451
372353 642779
371894 642452
371613 642120
371601 642599
372716 642912
372142 642771
371617 642930
374199 643426
371440 643097
371914 643267
372334 642409
372550 641703
371817 641872
371748 642673
371592 641738
372137 643114
372431 642605
371944 642628
372864 642571
373925 643147
371934 643096
372726 643108
372132 642963
372307 642416
372367 642633
372582 642807
372010 643033
372517 642758
372046 642479
372164 641912
372394 642230
374087 643167
371975 642808
372446 642812
372412 642980
