203620 388330
229375 388682
228901 388485
228788 388486
228701 388308
229350 388349
228926 388567
229089 388578
229024 388471
228962 388234
229051 388514
229410 388360
229488 388342
229633 388264
229410 388371
228965 388581
229415 388635
229208 388634
228809 388471
229486 388292
229643 388516
228903 388720
228609 388425
229561 388637
228869 388835
228515 388456
228777 388551
229621 388259
229121 388427
228518 388603
229316 388615
229070 388487
229352 388395
228724 388219
229312 388237
228843 388527
229469 388234
229194 388777
229072 388312
228611 388688
228806 388541
228679 388777
229097 388419
230113 388912
228779 388382
228994 388412
228856 388683
228988 388269
228640 388694
228309 388230
229082 388471
229001 388745
229207 388298
228932 388715
228824 388600
228781 388466
229894 388466
228794 388581
229022 388355
228715 388512
228641 388520
229634 388638
228714 388478
229317 388583
229197 388532
228607 388384
229416 388247
229754 388816
228742 388400
228808 388509
229826 388654
228903 388396
229369 388360
228934 388311
228911 388615
229545 388794
228889 388451
229031 388226
229101 388470
228782 388633
228908 388582
228891 388562
229385 388241
229212 388389
228729 388430
229964 388820
228755 388753
228544 388462
228305 388642
228552 388209
228635 388569
228740 388477
229235 388335
228718 388535
228838 388314
229826 388386
229639 388506
229483 388443
228711 388535
229511 388826
