55844 88590
55985 87600
56022 87510
56389 87735
56521 87630
56736 88035
56876 88086
57120 87906
57069 87849
57346 88149
57251 88071
57418 87969
57441 88419
57680 87891
57821 88005
57466 88314
57830 88413
57761 87906
57873 88383
57986 88323
57992 87798
58042 88491
57916 88176
57884 88323
57769 88299
57885 88311
57765 88197
57982 88179
58123 87969
58031 88515
58157 88191
58719 88215
58501 88512
58644 88230
58607 88401
58341 88191
58414 88170
58596 87960
59085 87945
58776 88743
58700 88335
58670 88071
58858 88206
58735 87870
58474 88323
58417 88152
58596 88716
58620 87849
58796 87927
58935 87957
59328 87870
58857 88515
59090 88362
59279 87984
59624 88179
59127 88509
59254 88476
59494 88446
59475 88692
58865 88887
59484 88494
59359 88443
59545 88698
59252 88167
59358 88578
59111 88332
58866 88281
58844 88383
59357 87918
59322 88821
58854 88395
59192 88578
58956 88389
59023 88629
58772 88494
59375 87948
58903 87984
59244 87639
59214 88428
59360 88170
59337 87939
59726 88053
59494 88209
59709 88989
59828 88332
59759 88311
59671 88368
59750 88083
59972 88605
60126 88971
60116 88635
60132 88410
60125 88908
60328 88197
60169 88086
59772 88449
60016 88311
60299 87957
59831 88779
59737 88680
