416459 632688
415987 628593
416760 626769
417405 625278
417865 625848
418790 625362
419218 625296
419534 625515
420156 625533
420423 627027
421337 626724
420974 626871
421173 626844
421452 626928
422033 626322
422180 626001
421644 626658
421991 627045
421819 627738
422428 626835
423264 626787
423113 627468
423020 627807
423566 627204
423314 626346
424014 627120
424034 627507
423951 627879
424227 627333
423991 627492
423961 627705
423820 627321
423818 627123
423965 627372
423695 628065
424451 627900
425243 627543
425247 627522
425757 627162
425411 627543
425870 627465
425497 628278
426259 629160
424936 627564
424938 628407
425593 627747
424011 628485
424474 627879
424634 627363
425251 627060
425356 627792
425028 627132
424909 627384
426080 627420
425385 626415
425944 626934
426485 627813
426682 627747
426554 627804
427263 627573
427952 627516
427860 628275
428143 627414
427437 628872
427747 628098
428083 628023
427879 627615
427687 627528
427370 628008
427260 628077
427650 627630
427889 627963
427919 628152
427727 627966
428333 627894
428475 627990
428583 627933
428826 627351
429323 627057
428847 627246
429162 627351
427345 627723
429323 627369
427436 626223
428336 626313
427393 627837
426518 627606
426959 627933
427172 626643
426880 628215
427496 626979
427655 628608
426986 627966
427184 626835
427038 627216
428006 627045
428420 627267
428192 627045
429119 626763
428951 628257
