620755 936552
620337 929352
620710 925860
622068 924579
623243 923763
622938 925215
624609 924987
625140 926085
625397 925956
626229 926619
626420 926613
625664 926619
627129 926301
627200 926247
627784 926247
627917 926451
627546 925563
627955 926286
627643 926814
628934 926853
628321 927054
628550 926955
629285 926424
629499 926358
628629 926970
629213 926343
628764 926859
629095 926400
630053 925920
630246 926109
630289 926823
630699 926877
630564 926847
631547 926358
630914 927570
631658 926757
631060 926769
632549 926181
631547 927570
632083 927270
632054 926475
632078 926103
631354 927579
631550 926193
631208 926073
631210 927255
631475 926649
631644 925422
632627 925986
632711 926088
632882 927582
633210 926766
634093 927315
633299 925812
634534 927234
634382 927768
634242 927048
634823 928152
634342 927645
633400 927852
633737 928032
634325 927768
634515 926610
632775 927972
633311 926778
633256 927426
632479 927306
634043 926430
634057 927306
632455 927135
633902 926304
632687 926073
634055 927783
632940 927255
633202 925884
633840 926148
633306 926862
634809 926901
634468 927288
635740 927126
635665 926847
635505 926799
635441 927411
636602 926898
635508 928161
636693 927456
636806 928941
637276 927378
637879 927750
637432 927510
637289 926364
637302 929025
637491 926703
637082 927444
636559 927894
637070 926817
637316 926655
636465 926586
637219 926886
636042 926985
