525900 795675
525905 790290
525976 786306
526967 784404
527335 786171
528099 785490
528734 786213
529406 787119
529504 786402
530390 787332
530310 787008
530963 787134
531285 787164
531721 787278
531595 787482
531921 786915
532158 787623
531949 787986
532061 787293
532712 787998
532560 787269
532504 787713
532640 786978
533088 786489
533115 787425
533560 787773
533447 787590
534124 786684
534604 789378
534173 787305
534455 787989
534812 787506
534729 787260
535347 787629
535255 787617
535307 787950
535383 787254
534980 787701
534987 787035
534567 787425
534287 787980
535018 787344
536199 787473
535898 788130
536554 787782
536778 787029
536569 788250
537323 788568
537881 787743
536935 788493
537147 789084
537348 788295
536820 787635
536455 787680
536119 788748
535988 788130
535876 788205
536520 788007
536203 788409
534921 788859
536511 788451
536699 787788
536392 786999
536747 786375
536953 787821
536411 787836
537091 787602
537190 788136
537695 787932
538009 787302
537973 788394
537340 788904
538918 788082
538812 788283
539354 788775
538956 788502
539861 788163
540195 788589
539629 787506
539683 788532
539146 787350
539569 788139
539497 787761
538596 788928
538847 788013
539280 786852
538757 789126
539158 787815
539003 788049
539057 788277
540150 788490
540570 787602
539662 789135
540258 789123
541335 788412
540252 788310
540762 787563
540163 788106
540734 787254
540483 787848
