325206 496065
325331 495297
324975 493698
325756 492876
326443 492327
326789 492192
327878 492696
327834 492735
328530 492843
328613 493266
328719 493557
329110 493602
329468 493296
329406 493863
329618 493239
329983 493041
330037 493185
329991 493203
330517 492816
330583 493257
330571 493362
330949 493854
331456 493284
331372 493470
331115 493413
330745 493656
331505 493023
331669 493275
330803 493956
331470 493773
331877 494127
332231 493833
332095 494100
332995 493329
332768 493329
332084 494124
332081 493941
331506 493818
331294 494895
331789 492720
332308 493293
331960 493593
331812 493719
332246 493542
331948 493056
333415 492795
333264 493863
333635 494013
333791 493791
333291 493932
333975 493779
333930 494799
334296 493989
334539 493596
334806 493386
333781 494088
334253 493344
333639 493521
333544 494385
334476 494169
334627 494220
334886 493503
334092 494262
334375 492177
334504 493107
333976 493902
334417 493812
334549 493422
334480 493206
333248 495213
333220 493884
333554 493554
332863 493146
333291 493434
333455 493407
334002 493452
334428 492828
335242 493425
334591 493593
335125 493560
334183 493923
335620 493299
335872 491868
335875 493860
336052 493854
336518 493662
336370 494703
335965 493119
336905 493905
336808 493437
336990 493923
336333 495267
336580 494853
336152 495075
336702 494928
336705 494949
335712 494379
336121 495219
336256 494283
337049 496290
