163871 254376
164118 252429
164565 250740
164647 250920
165401 250500
165295 251571
165971 251316
166159 251376
166241 251676
166396 251490
166661 251490
166775 251655
166870 252129
167021 251751
167195 252114
167536 251319
167726 252063
167773 251334
167504 251919
167531 252057
167755 252105
167304 251616
167879 251943
167615 251715
167912 251682
168239 251544
167984 251988
168337 251913
168866 251952
168382 252024
168759 252084
167925 252627
168896 252075
168807 252447
168879 251577
169410 252300
169194 251766
168656 252363
168815 251436
168853 252411
168950 251991
168670 251604
168915 251295
169426 251409
169377 251442
169001 252441
170095 251688
169651 252285
170196 251973
170435 251484
170248 252108
170025 252219
170233 252723
170079 252501
170156 252426
169747 252012
169656 252165
169733 252255
169656 252129
169577 252096
169350 252318
170150 252360
170092 252378
169301 251919
169902 252051
169258 251790
170083 251736
169257 251613
169481 252450
169638 251709
169898 251577
170335 252288
170307 252087
170576 251928
170848 251796
170838 251706
171023 251904
171047 251910
171161 252105
171558 252633
171647 252726
171025 251766
171562 252327
171326 251640
170902 251688
171470 251679
171059 252210
171721 252456
170853 252282
171049 251838
170656 251907
170864 252522
171230 251613
171645 252147
171509 252303
171401 252495
171555 251967
171553 252594
172394 252048
172061 252288
