8756 14700
8782 14604
8904 14547
8932 14616
8993 14703
9123 14493
9117 14775
9194 14625
9145 14919
9196 14676
9276 14682
9271 14925
9275 14811
9283 14787
9217 14862
9304 14820
9325 14940
9386 14742
9520 14901
9469 14802
9479 14799
9468 14760
9620 14829
9544 14760
9446 15000
9494 14682
9277 14979
9457 14904
9604 14655
9621 14844
9527 15036
9504 14781
9702 14940
9713 15144
9655 15030
9578 15018
9561 15192
9547 14766
9507 15075
9495 14850
9479 14763
9799 14934
9715 15111
9606 14991
9347 14871
9493 14706
9747 14784
9792 15099
9816 14775
9930 14838
9798 15027
9747 14844
9649 14922
9930 14700
10120 15135
9866 14964
9951 14877
9656 14796
9685 14544
9977 14547
9643 14793
9839 14904
9804 14844
9829 14790
9806 15027
9994 14778
9980 14904
10262 15009
9973 14880
9986 15075
9623 14847
9809 15045
9682 14916
9836 15183
9968 14967
9720 14754
10102 15147
10036 14655
9812 15087
9901 14868
9858 14868
10072 14688
10237 14463
10301 14460
10210 14664
10307 14673
10289 14886
10312 14511
10524 14853
10441 14727
10273 15087
10341 15162
10489 15033
10688 14676
10282 15180
10074 15057
10282 15030
10376 15003
10179 15522
10057 14859
