653079 983070
652365 975447
652437 971985
653783 970584
654740 969798
655141 971001
655694 972030
656653 971982
657445 971703
657461 972204
658038 972780
658592 972783
658878 972408
659183 972483
660182 972933
659547 973128
660032 971922
660405 971796
660803 971757
660764 971391
661594 971859
660493 974403
661419 972867
661055 972696
661234 972981
661387 973398
660999 972681
660915 973410
662043 972690
661547 972303
662834 971886
662893 972255
662935 973698
663593 972345
663705 973188
664157 973416
663692 973983
663846 973569
663876 972348
664234 972681
665027 973548
665058 972948
664252 972486
664991 971169
663701 973377
663210 972846
663504 972339
663054 972621
663881 972588
663995 972219
664977 972780
665398 971979
665631 972408
665267 972993
667069 973164
666688 971880
665765 972738
667573 972657
666455 974742
666995 972576
666845 973758
667464 974319
665901 974682
666462 973881
665492 973368
665175 974910
665692 974403
664756 974328
665777 972435
665552 973263
666604 973416
665871 974382
666052 973536
665410 973296
666255 972816
665943 973302
666296 972735
665559 972834
666085 972366
666703 972315
666619 972663
667327 972972
667456 972276
668340 973176
667958 971859
667879 974196
667893 974208
668951 974175
669462 973815
669448 974574
669826 974811
670719 973164
669560 974775
670076 974400
669942 974151
670584 974346
670367 973602
669704 972387
669878 972843
669867 975210
