733764 1100115
733021 1093344
733095 1090020
734217 1087803
735095 1087650
735969 1088313
737034 1089432
737514 1089510
738196 1090074
738716 1089561
738926 1089891
739793 1089471
740019 1090731
740175 1089939
740188 1090917
741175 1090452
740876 1090356
741315 1089663
741151 1089960
741207 1089966
742316 1088952
742224 1089474
742364 1090599
742776 1089642
742721 1090452
742486 1091631
742422 1090905
742187 1090452
742145 1091484
743407 1089732
742455 1089621
743014 1089582
744033 1089555
743365 1090878
743809 1091181
744666 1090506
745389 1090905
745818 1089549
745573 1090887
745664 1090554
744918 1091568
746199 1089438
745739 1090053
747173 1090617
746102 1090263
746583 1089552
746429 1090167
747148 1089240
745155 1090572
745540 1089939
745839 1089954
745295 1089891
745081 1090164
745185 1090299
745901 1090293
746316 1088928
747225 1090290
747716 1089159
747842 1090332
747758 1091619
748828 1090134
749294 1089927
748672 1091088
748813 1089642
749325 1091163
749064 1089978
749600 1090647
748858 1091616
747875 1091679
748535 1091904
748608 1092087
748517 1092108
747340 1092663
748050 1091562
746988 1092357
747058 1090575
747732 1091451
747608 1091553
747592 1091781
748056 1090002
748021 1090293
747430 1089897
748289 1091931
747311 1091640
747587 1089837
748481 1088853
747958 1089087
747776 1089252
748319 1089471
748431 1090842
750227 1089213
749270 1089432
749711 1089660
750231 1089846
750476 1090884
750623 1091367
751183 1090272
751129 1091910
750924 1091667
752299 1091343
