122223 190374
122083 189198
122550 188136
122768 187890
122924 187899
123376 187701
123608 188181
123824 189111
124066 188997
124418 188454
124409 188415
124391 189051
124492 189060
125193 189009
124464 189588
124650 188505
125036 188811
125110 189180
125104 189042
125193 188703
125594 189324
125606 189198
125195 189696
126106 188745
125575 188859
125952 189276
126008 188991
126062 189465
126174 188910
126168 189396
126175 188904
125342 189120
125804 189294
126179 189030
126607 188247
126118 188937
126338 189651
126641 189096
126674 189141
126659 189273
126580 189678
127191 189195
126333 188979
126624 189063
126112 189864
126279 189183
125922 189699
126534 189036
126119 189456
126467 189201
125781 189444
126640 189210
126616 189237
127031 189804
126853 189420
126892 189117
127170 189294
127605 189564
127330 189102
127594 189582
127599 189255
127538 189090
127890 189114
127389 189294
127895 189837
127944 189363
127744 189345
127297 189675
127624 189828
127512 189147
127408 188724
127106 189240
127647 189408
127826 189675
128067 188742
128166 188952
128046 189744
127949 189582
128211 189549
128716 189093
127928 189933
127740 189144
128199 189186
127253 189528
127310 189870
127519 189504
128213 189300
127695 189186
127541 189894
127562 189099
127424 189141
127921 188970
127806 189237
127665 189252
127939 189435
128715 188670
128684 189330
128068 189033
128570 189255
129089 189360
