159 354
174 363
178 342
189 357
196 393
202 348
198 342
192 384
190 375
197 390
194 381
202 402
198 375
225 369
213 369
222 342
210 333
224 357
187 345
186 366
197 360
204 396
230 381
199 369
223 348
222 360
222 378
186 384
196 348
199 381
170 393
170 420
193 345
177 384
190 351
165 372
168 366
168 372
171 360
152 348
153 351
160 339
172 354
167 360
172 396
185 375
205 378
190 396
196 360
206 369
177 375
217 393
204 390
195 393
208 381
206 363
219 354
218 336
201 309
204 345
225 381
200 372
192 345
224 339
248 351
219 363
222 381
216 339
193 414
196 384
167 405
168 372
190 378
170 375
172 393
169 366
183 375
173 372
164 351
161 363
151 372
161 351
161 384
167 342
180 351
176 378
183 366
193 399
210 375
202 369
192 378
194 396
188 393
200 387
189 417
257 378
206 339
222 318
206 354
190 339
