221258 340143
221413 337245
221801 336828
222210 336345
222898 335607
222982 336678
223655 337212
223957 337194
224484 336579
224056 337461
224397 337620
224860 337482
224357 337302
225234 337506
225370 336693
225616 337551
226112 336972
225587 337212
225685 337506
225878 337341
225796 337293
226308 336804
226254 337536
226155 337197
226443 337014
225933 337572
226038 337554
225869 337467
226022 337404
226375 337236
225985 337242
226772 336984
226854 336999
226976 337230
227478 336651
226879 337908
226975 338043
227700 338040
227648 337863
227886 337290
227955 337161
227347 337974
228055 337710
228223 337389
228194 337845
227664 337254
228322 337461
229374 336624
227769 337761
227916 337536
227463 336555
228086 336585
227021 336711
227418 336774
227784 337077
227943 337707
228500 336957
228234 337485
228972 337431
228790 336705
229483 337341
229237 337359
229565 338298
229223 337839
229594 337794
229455 337206
229818 338289
229223 337878
229856 337869
229361 338505
229197 338595
229240 337818
228993 337524
228669 337797
229185 337563
228594 337659
228283 337299
228407 337050
228067 337653
228514 337764
228171 337179
228524 337842
228149 337086
229152 337122
228226 336843
228956 337062
229255 337251
228896 337431
228441 337839
229615 336528
229424 336570
229470 337308
229849 337557
230147 337713
230087 337110
230346 337275
230239 337614
230053 337833
230980 337440
230789 337464
