280044 428922
280461 426624
280425 425883
281156 424890
281765 424065
282193 424326
282676 424836
282921 425292
283104 425466
283372 426597
284128 426258
284268 426174
283754 425844
284249 425901
284182 426141
284565 425592
284824 425322
285326 425730
285507 425640
285180 425916
285372 425955
284991 426498
285364 426411
285842 426408
285800 426003
285763 425760
286242 426642
286476 426549
286117 426150
287354 426540
286726 425883
286367 426153
286213 425655
286090 425856
285360 426579
286831 426492
286003 426363
286570 425994
286511 426057
286671 426612
287197 426057
287949 425655
287632 426672
287534 426609
288520 425973
287417 426252
288572 426444
287975 425952
288380 425373
287840 426138
288377 426285
288190 426480
288273 426171
288119 426123
288512 426273
288460 426495
288882 425592
288559 426237
289067 426006
288372 426042
288762 425778
287288 426576
287617 425925
287566 425550
287812 426732
287909 425169
288225 425805
287859 426324
288712 426009
288530 425532
289335 426291
289576 426420
289692 425826
290065 425436
289422 426042
290222 426363
290668 425709
290211 425784
290346 426531
290317 425601
290670 427182
290770 427512
289650 427077
289974 427689
290502 427092
290236 427113
289811 426780
289549 427485
289311 427179
289582 426867
289439 427443
288739 426948
289087 426774
288689 427095
289430 425781
289451 426255
288911 427161
289267 426837
289907 426438
289112 425796
