236011 362301
236262 359346
236462 358404
237030 358041
237389 357771
237863 358359
238270 358371
238426 358974
238615 359838
238640 359211
239206 359169
239340 359865
239514 359709
239800 359577
240285 359184
240057 359676
240584 359736
240391 359328
240065 359460
240470 359706
240265 359919
240317 359412
241025 359583
241109 359067
241110 359691
241394 359196
240906 359715
241235 359754
240858 359097
241736 359622
240740 359130
241338 358890
241212 359526
241812 359280
241825 359001
241882 359721
242098 359931
242504 360489
242734 359922
242417 360285
242699 359019
242942 359691
242646 359823
242668 359238
242630 359859
243527 359469
243527 359103
243040 359907
243825 359871
242970 359562
242717 359886
242829 359592
242408 360096
241887 358812
242751 360072
242344 359640
242410 360141
242909 359070
243454 358713
243574 358899
243804 358662
243238 360489
243923 359019
244023 359019
244081 359844
244394 359754
244021 359511
244624 359133
244113 359268
244999 359664
243828 359871
244845 360060
244336 359883
244728 359913
244356 360111
244217 360894
243392 359871
244385 360633
244321 359904
243923 360507
243721 359859
243273 360156
243365 360300
243967 360342
243940 360078
243892 359688
243634 360078
243605 358980
243741 360282
243680 359628
244179 358929
243536 358626
243823 359730
243913 358821
243537 359526
244430 359019
244258 359622
244904 358953
244929 359451
245379 358938
