135802 211560
136157 210189
136383 209124
136657 208248
136997 208440
137397 208614
137665 209199
137981 208704
137750 209310
137924 209355
138308 209040
138288 209490
138677 209541
138946 208983
139182 209190
139029 208794
138907 209229
138706 209688
139181 208908
138973 209625
139502 209193
139135 209322
139355 209100
139488 209637
139982 209496
140051 210015
139861 210318
140022 209403
140491 210024
140296 209325
139783 209646
140274 209616
140249 210006
139989 209553
139795 209949
140220 209361
140097 209427
140030 209655
140596 209214
140818 209391
140759 209838
140996 209658
141050 209826
141490 209721
141275 210033
140091 210039
140816 209925
140339 210423
140709 209469
140339 210015
140720 209679
140765 209733
140430 209751
140612 209916
140596 210054
140291 209640
141139 209808
140995 210024
140813 209592
141028 209421
141197 209937
141150 209691
141608 210360
141610 210507
141958 210309
142122 209919
142411 209937
142521 210237
142526 209709
142167 209901
142675 210480
142483 209400
142416 209001
141558 210414
141942 209682
141849 210189
142281 209631
141567 210276
142177 209961
142055 210348
142560 210312
142571 210213
142252 209853
142599 209640
143477 209634
142464 209823
142474 210432
142680 208794
141276 210561
141968 209925
142497 210123
142582 210411
141874 210414
141927 210330
142260 209649
141623 210195
141511 210615
141993 209688
141545 209961
142001 209601
