43265 69705
43273 68844
43789 68016
43677 68430
43945 68472
44001 68445
44209 68907
44370 68877
44411 68892
44630 68802
44379 68832
44648 68931
44867 68592
44613 68865
44759 69117
44895 68553
44884 69024
44901 68829
45206 68712
44786 68739
45110 69009
45076 68712
45177 68565
45104 68682
45299 69135
45282 69147
45482 68928
45495 68964
45451 69138
45604 68997
45388 68853
45737 69000
45658 68619
45520 68979
45725 68763
45422 68958
45684 68592
45425 68781
45655 68913
45815 69012
45820 68433
45894 68871
45809 69066
46206 69048
46397 69156
46333 68676
45982 69438
46193 69105
45866 69087
45900 69447
46077 69366
45939 69453
45635 69207
45794 69174
45739 69135
45606 69120
45767 69207
45595 69204
45855 68625
45881 68904
46018 68784
45747 68742
45860 68889
46388 68586
46234 68682
46418 68787
46302 68796
46257 69417
46383 69156
46528 68814
46698 68991
46466 69300
46961 69336
46709 69099
46622 69150
46785 69180
46731 68985
46527 69231
46355 69474
46384 69423
46722 69024
46226 69558
46468 68733
45664 69444
46637 69009
46587 69387
46763 68988
47026 69159
46714 69369
46866 69447
46802 69348
47606 69420
46429 69342
46323 69423
46920 68544
46876 68874
46552 69117
46640 69231
47027 68877
46587 68760
