385776 587301
385632 583416
385949 582072
386700 581049
387272 581148
387300 581424
388212 581247
389011 581589
389287 581601
389510 582720
390071 582456
389923 583344
390355 582876
390621 582708
390964 582042
390517 582906
390948 582864
391409 582687
391313 583584
392039 582519
391875 581982
391703 583494
392649 582306
392086 583200
393097 583431
393009 583227
392853 583191
393398 582954
393189 583377
392911 583245
393237 582366
392937 582654
393126 582888
393601 582390
393945 582780
393411 583923
393841 583440
394801 583368
394356 583617
393646 584508
393991 584043
393870 583596
393330 583539
393420 583701
393192 583317
393278 583152
393878 583950
394334 583092
394269 583767
393981 583269
394853 583326
394987 583164
394342 583599
394823 583167
395535 583011
395392 583746
395971 583512
396346 583239
396761 582684
396043 583650
395763 584553
396276 583668
396219 583518
396628 583482
395764 583521
396419 583788
396145 583638
396015 584133
396569 582936
396696 583446
397100 583173
397153 583086
396731 584040
397725 582507
396564 584430
396809 584199
397241 583080
397274 582294
396888 581805
396369 583602
396158 583977
395536 583914
396046 583545
395408 583233
395113 585378
396044 584604
395591 583185
396923 582771
396209 582504
396948 582741
396584 582702
397205 583653
397604 582291
397368 583599
398098 582747
398207 583290
398738 582426
400191 583269
398213 582450
399005 584097
