94874 149343
95139 148554
95305 148158
95557 147606
95927 147582
96057 147447
96536 147582
96395 147756
96681 148176
96977 148323
96892 148512
96915 148308
97226 148290
97201 148437
97251 148437
97131 148125
97426 148266
97631 148512
98031 148458
97857 148554
97938 148539
98185 148653
97746 148467
98178 148047
98005 148500
98182 148731
97680 148146
98258 148209
98123 148605
98160 148497
98477 148593
98386 148947
98796 148332
98725 148947
98488 148821
98487 148764
98690 148479
97965 148983
98249 148647
98415 148260
98428 148263
98367 148188
98472 148602
98902 148425
98863 148242
98833 148770
98776 148653
99162 148719
99627 148578
99460 148752
99616 148716
99539 148707
99363 148833
99328 148869
99767 148869
99189 148554
99614 148371
99498 148374
99651 148269
99659 148422
99911 148764
100297 148530
99474 148341
99258 148641
100685 149055
99739 148806
99822 148875
99902 148272
99443 148224
99057 148152
98829 148692
99564 148311
98943 148419
99671 148209
99725 149013
99333 149460
100182 147909
99722 148419
99897 148767
100616 148386
100419 148176
100588 148593
100837 148530
100654 148626
100963 149445
100725 148380
100785 148221
101228 148182
100542 148650
100171 149049
100791 147873
100758 148605
100987 149079
100762 149187
100465 149058
100536 148638
101023 148695
100663 149532
100573 149253
100513 148686
