192257 297015
192734 294246
193003 292482
193455 292881
193466 293499
194406 293055
194633 293346
194811 293874
194981 294240
195171 294102
195488 294312
195477 293925
195993 294267
195993 294717
196114 293928
196270 293736
196420 294165
196588 294093
196418 294054
196209 293991
196808 293931
197332 293934
196249 294435
196486 294690
196724 294795
196828 294078
196832 294048
196955 293877
197260 293970
197438 294102
197620 294231
197650 294444
197878 293874
197740 294342
198141 294906
198041 294018
198345 294678
198113 293826
198225 294945
198601 294549
198247 293415
198312 294411
198462 294090
198414 293346
197576 293841
197332 294054
198333 293988
197476 294387
198512 294705
198438 294036
198583 293823
199128 293418
198853 293700
199706 294180
199312 294156
199167 293745
199524 294087
199649 294924
199767 294177
199543 294063
199583 294639
199434 294828
199217 294330
199082 294399
199138 294891
198970 295197
198586 294969
198752 294564
198654 293880
199007 294726
199217 294357
198922 294420
199695 294306
199383 294621
199176 293931
199123 294456
198944 293724
198878 293478
199061 294030
199946 294360
199663 293985
200272 293622
200014 294348
200358 294921
200180 295578
200272 294360
200124 295068
200589 295431
200900 295197
201183 294864
201062 294354
201289 294420
201260 294714
200893 295470
201103 294429
201334 294270
201107 294672
201260 295482
201114 294282
200704 294696
