668616 1006908
668591 998859
668762 995340
669732 993309
670943 992946
671410 994569
672651 994137
673396 994710
673809 995439
674158 994002
674103 995238
675202 995577
675071 996135
675297 994443
675789 995868
676105 994974
675950 996678
676876 996177
676279 994839
677264 995244
676592 995865
678125 995832
677555 995694
677596 995751
677560 995172
677774 996306
677885 994911
676835 996852
678284 995442
678398 995283
678474 995403
678846 995832
679144 996285
679365 996771
680166 996465
680326 996915
679659 996534
680009 996258
680449 995097
679949 996099
680517 995865
681033 996735
680602 996504
680278 996189
680208 995943
680013 996564
679260 997350
680142 995547
680490 995373
680352 995199
680286 997122
680596 996138
681402 995787
681131 996648
682414 995328
682115 996528
681526 996735
683939 995673
684527 995427
683132 996990
683562 998241
683077 997098
682899 997098
683298 997281
682608 997437
682322 997515
683038 995883
682136 996948
681289 997374
681350 998895
681941 997347
682362 995682
682591 996897
681737 996090
681320 996429
681930 996585
681376 995931
682273 995787
681829 996207
682604 995553
682516 994959
682910 995307
682765 996384
684487 994734
683650 996633
684020 995454
683142 996612
685281 995988
684856 996957
685023 996996
685836 995619
684815 996708
685864 997662
686675 996729
686712 997542
687351 995697
686184 996363
687218 997266
686280 998178
687145 997095
