206890 317961
206938 315663
206900 315111
207846 314259
208485 314175
208597 314586
209229 314715
209411 315489
209702 315993
209662 314943
210227 315288
209887 315561
210225 315858
210500 315285
210742 315186
210917 315720
211022 315066
211101 315186
211273 315429
211407 315333
211280 315573
211422 315288
211178 315822
211602 315936
212491 315909
211137 315807
211365 316008
212292 315381
211896 315870
211527 315396
211837 315066
212416 315924
212686 315120
212250 315330
212951 315450
213231 315609
212802 315702
213197 315750
212514 315822
213239 316203
213356 315252
213217 315408
213257 316005
213692 315492
213470 314952
212935 314955
213587 315948
212581 315876
212904 314853
212364 315174
213087 314742
212715 315009
213077 315276
213459 315318
213631 315504
213746 315945
213523 315246
214240 315729
214620 316023
214063 315975
214722 315708
214219 315816
214529 315735
214389 316464
214053 316710
214948 317241
214263 316728
213938 316299
214599 315717
213949 315642
213508 315762
212988 315867
213581 316206
213380 316068
213634 316200
213631 315918
213086 316056
213578 315594
213574 315894
214202 315255
213771 315852
213579 315237
213962 314949
213996 315684
214327 315417
214291 315864
214599 315708
214935 315876
215266 315402
215355 315132
215329 315636
215778 316470
215018 315885
215703 316350
215970 315273
215750 316593
216293 316056
216124 316083
216073 316008
216308 316317
