28 63
26 57
25 66
31 60
25 81
37 78
21 72
23 84
22 75
20 69
20 72
21 69
22 66
32 66
30 78
21 69
29 66
29 69
21 81
23 66
25 60
32 60
24 63
22 72
28 75
29 78
27 60
29 69
29 66
23 90
23 78
23 78
21 72
24 60
23 81
37 54
33 78
25 81
25 57
29 72
20 72
23 81
21 63
23 60
21 72
21 69
28 72
27 63
21 66
23 78
33 63
26 60
20 78
21 81
21 72
21 69
21 63
27 78
33 69
25 78
29 69
33 66
21 75
19 75
20 66
27 60
22 66
22 66
25 63
33 81
27 66
29 66
33 66
20 72
31 66
21 66
24 63
21 69
22 66
24 66
26 60
25 78
32 63
23 63
23 84
23 63
20 75
20 72
20 72
25 66
29 72
36 72
25 81
32 66
33 72
21 78
25 72
19 87
21 54
21 72
