212 450
231 474
243 483
254 471
258 507
238 474
242 480
250 450
252 504
268 501
281 477
288 522
259 531
256 504
262 507
271 474
275 522
288 465
276 462
317 429
278 441
282 438
293 513
261 450
268 498
249 486
265 486
291 486
302 462
288 414
282 456
281 483
305 474
255 510
271 549
303 513
235 510
230 510
239 510
253 513
228 480
221 474
239 489
234 477
236 468
242 483
218 477
222 486
217 480
212 468
210 462
208 459
223 456
229 474
239 498
257 477
251 519
272 510
263 474
261 492
287 477
260 483
246 483
246 474
251 498
280 513
275 483
269 516
273 468
280 438
275 435
307 444
323 456
342 453
348 447
265 453
257 450
291 480
263 510
282 474
297 441
306 477
289 459
273 501
247 522
265 519
266 504
271 489
258 465
246 483
231 519
227 507
247 459
229 519
232 465
251 465
221 468
246 462
215 501
213 471
