149940 232650
150034 231051
150387 229776
150545 229212
151086 229530
151254 229692
151769 230037
151593 230211
152127 230136
152383 230124
152277 230259
152644 230247
152431 230634
152909 230097
153091 230112
153326 229698
153500 230358
153213 230550
153262 230238
153277 230610
152999 230232
153429 230526
153853 230481
154065 230304
153882 230052
153396 230718
154358 230760
154135 229983
154318 230739
154571 230532
154492 230739
154283 231252
154537 230895
154365 230076
154649 230988
154569 230520
154573 230499
154288 230436
154589 230622
154294 230301
154824 230436
154707 230523
154932 230982
155090 230742
155421 230886
155114 231201
155309 230868
155735 230457
155589 231342
155541 230919
155258 231030
154729 231042
155233 231333
155016 230772
155195 230979
154644 230586
154365 231048
155198 230796
155273 230691
154815 230400
155198 230886
154826 230394
155138 230592
155369 230844
155620 230361
155718 230673
155979 230607
155996 230328
156137 231129
156409 230340
156687 230556
156563 230268
156679 231234
156609 230886
157074 231150
156575 231603
156980 230637
156297 230406
157186 230196
156217 231207
156900 230787
155866 230754
156702 230430
156870 231210
155939 231237
156845 230181
156457 231552
156984 231366
157055 230763
157234 231771
157310 231609
157912 230514
156647 230415
157232 230469
157638 229806
157528 230601
156447 231168
156591 230289
156757 229686
156507 230709
