250758 384063
250411 382191
250881 380262
251525 380550
251730 380478
252552 380091
252704 380844
253172 381015
253554 381747
253777 381138
253857 381585
254320 380973
253722 381939
254400 381720
255083 381189
254621 381513
254809 381783
255472 381621
255624 382029
255041 381804
255368 381393
255766 381945
255632 380688
255011 382110
255989 382119
255897 381573
256246 381558
256488 382422
255886 382023
256171 381810
255372 381531
255763 381849
255950 381186
256649 380868
256101 381813
256345 382035
256941 381636
257016 381534
257093 381294
257366 381384
257544 382251
257896 381894
257831 381858
257992 381210
257876 381693
257951 381492
258155 381309
258221 381192
257674 381369
258100 381492
258201 381297
258273 381666
258761 381468
257977 382110
258385 380733
256649 381792
257965 381426
256680 381816
257460 381165
257181 381897
257406 381018
258085 380484
257935 381795
259138 381303
258331 382050
258931 381798
258533 381474
259456 381732
259501 381498
259046 382380
260065 381366
260491 381285
259432 382356
259676 381996
259651 382200
260164 382389
259842 382278
258798 382398
259858 382260
259422 382443
259037 382644
259180 381954
259038 381867
258562 382755
258962 381810
258306 381381
259262 382581
258454 382251
258920 381795
258530 381522
259049 382296
259039 381828
258943 381723
258513 381291
259163 381903
259243 381852
258766 380949
258639 381564
258944 381108
258937 381633
