462930 702132
462747 697260
463395 694746
463777 693171
464882 692001
465444 693066
466131 693594
466798 692817
467008 694056
467334 694146
467858 694161
467705 694020
467880 694524
468740 694722
468703 694743
469052 694614
468788 694683
468705 694770
469131 695622
469542 694479
469233 694446
469451 694632
469553 695100
470287 695424
470459 695403
470823 695181
470928 696351
471147 695598
471412 694044
471197 695949
471389 695571
472133 695055
471189 694899
471138 694980
471676 694059
470341 696045
471385 694743
471412 695769
472025 695088
473200 695376
472502 694689
473261 694479
473383 695454
473938 696165
473841 696378
472827 695973
473169 696276
473340 695247
471395 695106
472285 696609
472478 695433
472277 695508
472325 696192
471890 696099
472605 694908
472330 696375
472367 695271
472808 696276
473324 695217
473281 695679
473596 694947
473881 695115
473262 696024
474043 695838
475072 695526
474985 695769
475516 694872
474779 696321
475079 696738
474942 696945
475789 696843
476041 694800
476262 695382
475289 695991
475522 695841
474332 696507
475407 696057
475039 696663
475142 695547
474927 696603
475899 694995
475717 697029
476908 695232
476311 696393
476168 694926
476945 696387
475368 695478
476580 695877
474955 695187
475835 695397
476164 695784
475712 696348
475256 695553
475386 694941
474269 695277
473995 694926
475301 695835
474360 695391
474158 695448
474789 696108
