589154 890376
589053 883869
589302 880395
589906 878439
590884 878268
591957 878397
592004 879378
593001 879399
593269 879786
593744 880836
594248 880743
594470 880083
595209 880686
595072 880788
595135 881577
595795 880149
596195 881163
596069 880458
596173 880704
597258 879966
596780 881193
596645 881103
596420 880017
596540 880626
596205 881106
597312 880023
597333 881262
596923 881070
597452 879849
598896 880434
598668 880494
598867 880398
598936 881028
599278 880587
599574 880614
600019 881310
600135 880812
600274 880083
599958 881238
598651 880785
599062 881256
599227 880380
599087 879468
598947 879789
599320 879642
599009 879783
599845 880047
600409 880410
600628 879501
600468 880341
601992 879945
601558 881046
601815 881628
601449 881178
601654 880110
602334 881130
600449 883164
601979 879954
601817 881895
601342 881112
599417 882246
600580 882678
601103 880074
600294 881235
600847 881352
600058 881037
600893 882012
600187 880686
600939 880455
601210 881061
601690 880293
600417 880380
601747 881097
602368 879936
602736 880050
601306 881724
602360 879462
602839 880350
604188 881268
603436 880713
603314 883458
604020 881070
604269 882411
604465 881715
605106 880623
605390 881151
604393 880863
604806 881385
604333 881934
604850 880497
604630 881973
604777 881346
603690 881349
604359 881409
603888 881907
604989 881025
604494 882051
604620 880953
604474 880119
604986 880776
