111 249
112 282
122 264
116 249
138 255
145 246
139 255
126 279
139 270
133 279
156 243
167 252
157 219
133 255
148 267
135 252
145 255
132 264
153 237
156 267
128 279
110 288
118 267
121 282
113 282
115 276
120 252
111 264
101 288
108 255
110 261
109 240
114 228
117 264
124 261
134 264
129 270
161 246
130 264
130 273
139 294
156 237
143 237
147 219
124 255
125 240
128 264
128 273
159 225
148 234
149 246
131 276
147 312
139 261
115 279
128 297
118 264
118 261
111 264
105 282
105 267
104 243
110 234
110 249
123 273
133 264
119 252
132 270
135 246
122 255
149 258
162 255
136 255
158 255
135 264
126 252
125 237
123 252
145 318
154 282
138 246
149 243
154 246
133 270
124 270
116 267
124 270
132 261
120 267
115 255
110 279
104 285
103 273
109 255
115 279
122 264
140 246
130 267
134 258
139 267
