61 162
72 165
76 177
68 174
84 195
82 171
82 183
88 132
79 174
83 159
85 126
95 171
82 177
80 171
80 162
69 165
58 159
68 162
57 168
55 141
58 153
61 171
65 141
65 165
83 147
92 168
74 144
80 195
90 159
72 162
100 159
75 162
76 156
82 150
76 195
59 171
61 153
65 168
65 177
59 168
58 162
59 156
61 153
65 165
68 165
72 147
82 183
82 150
73 174
95 147
97 168
103 156
108 150
106 150
103 150
80 171
61 189
70 174
59 174
64 183
58 171
56 177
61 144
62 168
70 150
66 162
67 174
78 183
71 171
90 171
92 165
87 150
85 147
111 162
98 144
83 156
97 144
65 177
71 159
74 159
62 156
86 150
57 150
58 165
58 147
68 156
69 165
71 162
70 159
81 165
80 171
83 150
70 159
81 150
68 162
75 147
106 159
74 171
68 174
64 141
