685050 1030602
684919 1021434
685624 1018188
686210 1016397
687029 1016217
688053 1016613
688559 1017324
689231 1018479
689839 1018614
690454 1017990
691364 1018788
690059 1019040
690983 1019253
691237 1018602
692183 1019307
692541 1019070
692830 1018488
692378 1019166
693022 1019127
692989 1019949
693784 1018500
693072 1019289
694392 1018923
693846 1019472
693917 1019496
693433 1018950
693743 1019109
693509 1018650
693670 1019256
693087 1019103
694830 1018233
694686 1018404
695563 1019199
696686 1019280
696046 1019121
696222 1019208
696432 1019445
696452 1020369
696658 1019562
696508 1019388
696836 1019421
697277 1018596
697398 1019256
697197 1018860
696807 1019127
697543 1018848
696452 1018641
695788 1017918
695321 1018596
696317 1018242
696570 1017759
696816 1019760
697813 1018068
697761 1018950
697858 1019250
698689 1019577
698892 1019502
699567 1018200
699680 1020357
699980 1019082
700213 1019067
699143 1020378
699991 1020114
699397 1020498
699717 1020213
699500 1020594
699077 1020252
699173 1020582
698911 1019307
698913 1020726
698454 1020168
697095 1020408
698108 1020531
698732 1019958
698509 1019850
698276 1019940
698790 1019457
698649 1019220
698404 1019166
698867 1019748
698369 1018263
699329 1018233
698896 1017942
698729 1019781
698122 1019514
699963 1019859
700616 1019226
701113 1018734
700691 1018518
700525 1019643
701177 1019211
701538 1019358
702218 1020858
702334 1019709
702150 1020498
703477 1019427
702933 1021593
703082 1020564
703587 1019091
703389 1020576
