81653 129120
81698 128136
82048 127341
82399 127182
82703 127278
82694 127563
82960 127512
83204 127581
83319 127986
83297 128127
83628 127662
83318 128397
83834 128139
83867 128016
83856 127791
84265 128262
84032 128154
84226 127878
84185 127845
84458 128244
84533 128244
84380 128121
84349 127731
84386 127740
83953 128526
84786 128361
84837 127875
84711 127887
84823 127995
85001 128250
84775 128139
84595 128307
84654 128037
84467 128379
84646 128001
84684 127695
84715 128418
84620 128268
85284 128214
85112 127962
85189 127986
85308 127935
85523 128424
85700 128418
85541 128346
85534 127965
85648 128022
85537 128139
85637 128175
85098 128139
85604 128316
85374 128397
85686 128439
85865 127902
85872 128031
86047 128325
85984 129027
86128 127791
85919 127980
86068 127755
85281 128181
85150 128073
85326 128379
85784 127914
85465 128097
85493 128379
85563 128007
86127 128028
85852 128253
86290 128310
86442 128376
86268 128442
86633 127899
86488 128742
87118 128328
86589 128286
86932 127458
87009 128262
86370 128784
86885 128253
86921 128736
87172 128634
86482 128844
86933 128778
86847 128748
86976 128697
86230 128121
86500 128592
86328 128745
86358 127965
86700 128658
86508 128223
86523 128064
86094 127767
86256 128289
86482 128073
86203 128538
86718 128448
86255 128049
86927 128772
