573347 866469
572725 861063
573482 857085
574063 856008
575014 855180
575822 855402
576652 855813
577109 856887
578102 855549
577882 856383
578622 856803
578183 856554
578665 857586
579415 856683
579439 857007
580113 857259
580505 856758
579883 856710
579959 857763
580626 858246
581224 857058
580147 857874
580986 856863
580856 858000
580932 856533
581030 857793
581432 857802
581398 856521
582478 857811
581309 858171
582404 858840
582401 856872
583397 856587
582866 857379
583049 857286
583431 857475
583990 856566
583050 858033
583502 857592
583121 857334
583421 856218
583056 856158
582562 856827
583037 856854
583518 856044
583730 856500
583818 857871
583759 858420
584829 858177
583884 857781
586308 857070
585723 858021
586213 857670
586266 858231
585073 859098
586689 858927
584799 859011
586046 857781
585100 858348
583988 858003
584992 858549
584492 858087
584271 857901
584641 858387
585084 857397
584285 858240
585652 857688
584326 858012
584098 856674
584983 857028
585615 857826
585166 857238
586212 857148
584843 858042
586273 857553
586416 856740
586677 857976
587124 857880
587050 858819
588214 859449
588494 857541
588055 858192
588888 857832
587583 857541
588853 857091
588358 858000
589326 858390
588352 858081
588089 858933
588440 859275
587720 857889
588194 857769
587656 858162
588127 857274
587864 858033
588136 858309
588072 858288
588170 857010
588162 859047
589298 858162
