541313 820020
541597 813960
541786 811104
542757 809160
543474 808251
543960 808464
544629 809316
545343 810072
545462 809460
545952 810156
546202 809418
546728 810285
546581 810126
547382 809856
547968 810015
548066 811164
547865 811002
548384 810195
549003 809457
547663 810969
548474 811083
548092 811026
548296 809982
549142 810180
549200 809844
549001 810339
549428 810306
550292 810768
550573 810021
549594 811020
551038 811452
550515 812073
550953 810093
551354 809679
550905 810498
551457 810732
551248 810282
551434 810273
550307 811161
549964 811299
550914 810834
550867 810261
551883 811152
551304 810087
552054 810321
552302 811287
553311 811473
552923 811383
553400 810537
553862 810252
553487 812094
552517 811656
552307 813006
552903 812862
552396 811626
552534 812985
551746 811179
552362 811401
551525 810363
552746 811836
552254 811668
551474 810468
552030 811920
552076 811716
552563 811590
553154 809928
552215 811791
553073 811317
553020 811311
554369 810303
553516 811530
553795 811512
554311 811425
554636 811452
554433 811563
555322 811845
555758 811419
555764 811908
555020 811539
555962 811875
555835 811989
555981 812202
555878 811086
555884 810972
555472 811269
555522 810564
555574 811692
554992 810855
555350 811320
555713 810384
554145 812766
555684 811704
556497 811296
555954 811059
557263 811383
557151 811491
557460 811587
556886 812046
556544 812022
556546 810918
