355137 542403
355180 539409
355376 538716
355971 537261
356953 536994
357457 536520
357780 536976
358234 537144
358840 537282
359019 538239
358699 539283
359162 538995
360184 537834
359537 538719
359725 538671
360223 538908
360382 538569
360285 538698
360892 538272
360954 538089
361301 539730
361612 538230
361021 538734
361550 538647
361498 538917
362045 539136
361879 538083
362337 537765
361609 537891
362193 539058
362090 538233
362068 538815
362826 538545
362578 539529
363418 539472
363299 539208
362750 539790
363219 538908
362168 539844
363093 538350
362687 539508
362677 538911
362770 538737
361776 539808
362747 538344
362958 537963
363696 538569
362976 538677
363778 538875
364173 538662
363745 538434
364700 539277
364724 538914
363993 539844
365123 539868
364600 539094
365771 538032
364786 539784
365339 538299
364515 538665
365024 539043
364802 540150
364762 538296
365760 538566
364628 539109
365370 539193
366451 538158
365126 538269
365778 538191
365625 537897
365579 540339
366236 538290
365072 539232
365027 539127
365882 538422
364546 539160
364130 538359
364464 539166
364226 538080
364585 537498
365134 539826
365050 538845
364631 538584
365575 538440
365305 538596
366616 538002
365922 538197
366648 539085
366737 539409
367149 539127
367225 537750
367466 539016
367406 539694
367724 538977
368062 538743
367632 539061
367817 538572
368341 539151
368223 538785
367527 540435
