636592 960423
636661 953166
637857 947511
637900 947241
639117 947214
639083 947967
640120 948732
640642 949611
641201 949101
641126 949242
641982 950433
642260 949767
642573 949449
643536 949569
643883 949908
643863 949554
644465 948693
644844 947850
644571 949515
644666 949851
644507 949455
644453 950172
645551 949545
645365 949593
644925 950094
644600 950409
644926 949359
645881 949722
645135 950187
644934 950532
646108 950376
646824 949653
646672 950529
647208 949482
647820 950268
646662 950496
647503 950244
647818 949851
648084 951192
647932 949263
648853 948891
647539 951042
648346 948858
647798 950373
647478 949659
646449 951165
647706 949095
647301 949914
647600 949230
647755 950541
649471 949128
649165 949434
649363 950586
649883 949866
650614 948408
650110 950436
650482 951330
651277 950787
650333 951567
651472 950496
650387 951126
650426 951735
650496 951603
649055 950973
650402 950103
648950 950847
649154 950574
648640 950715
649137 950637
649394 948999
649841 950925
648414 950634
649478 951324
649130 950277
648402 949833
649702 948813
649349 949836
649858 950028
650842 950367
650617 949746
650495 950634
651420 949992
651353 949512
652152 949770
652100 949755
652810 950646
652231 952146
651909 950265
653217 950631
654198 951558
653715 951768
654068 951573
654169 949938
653780 951606
653683 950424
653445 950544
653783 949572
653335 950943
652329 949527
652640 950274
