178054 276051
178603 273453
178862 272490
178889 272457
179426 272154
179930 272838
180046 272259
180607 272511
180762 272523
180746 272703
181121 273531
180969 273150
181387 272895
181413 272991
181962 273465
181615 273141
181938 272736
182215 272727
181929 272865
182432 272355
181633 272778
182617 273189
181981 272871
182329 273087
182575 272577
182085 273318
182785 272709
183025 272541
183136 273576
182723 273561
183445 272904
183137 273270
183446 272949
183505 273150
183611 272874
183427 272790
183680 273027
183934 273291
184034 272787
183947 272682
183561 273549
183484 273702
183336 273069
183196 273006
183749 272127
183045 272862
183623 272703
184288 272550
184034 273459
184356 272709
184391 273369
184674 272619
184720 273798
183937 274797
185221 273627
184975 273810
184955 273420
184274 272691
184605 273783
184481 273765
184344 273675
184269 274089
183869 273744
184307 273129
184072 273612
184372 274026
183733 273603
184590 274056
184307 273399
184828 272496
184424 273384
183936 272970
184359 273393
184180 272799
184971 272853
185013 273504
185535 273963
185693 273435
185713 273600
185533 273939
185346 273531
185374 273678
185890 273066
185819 273450
186444 273879
186723 273537
186604 274008
186519 273096
186254 273510
186252 274560
186674 272103
186111 273468
185934 273531
185743 273960
186027 272610
186042 273318
185689 273039
185826 272802
185427 273663
185876 273387
