701359 1054131
701012 1046280
701549 1040391
702318 1039563
702682 1040268
703834 1040934
704954 1040838
705584 1041534
705741 1041771
706453 1041957
706375 1041825
707142 1041909
707230 1041363
707851 1042215
708365 1041303
708199 1042137
709340 1042263
709111 1042425
708849 1041990
709336 1042905
710067 1042653
709360 1042236
710247 1042215
710920 1042098
710593 1041222
709049 1043337
710083 1042413
710386 1042680
710641 1042479
711265 1041468
710492 1041468
710941 1042695
711309 1042554
711774 1042296
712173 1042899
712629 1042935
713285 1042443
712651 1043115
713282 1042146
712453 1042713
712800 1043484
713080 1043139
713415 1042422
714081 1042779
714056 1042767
713712 1041186
714305 1043007
712377 1042374
712755 1041861
711989 1042356
712311 1041660
713545 1041279
712966 1042227
713277 1040871
713798 1043013
714310 1043067
715549 1042422
715161 1042518
715500 1042656
715553 1043052
716968 1042794
715407 1042839
717260 1042980
716344 1043679
715959 1044936
715972 1044276
716245 1043772
715037 1044552
714589 1043535
714839 1042722
713629 1042965
715462 1044228
714317 1042674
715087 1042728
715031 1042359
715538 1042935
714251 1043598
715541 1042839
715546 1042284
715037 1041561
713637 1043253
714299 1041906
714322 1042719
714674 1041660
715969 1042635
716155 1041945
715540 1042707
716439 1042080
717679 1042344
717619 1042065
717223 1043565
718271 1043715
718260 1043112
717283 1043205
718770 1043298
718227 1043634
718461 1044609
719122 1044561
720099 1044135
719962 1043022
