108341 170160
108513 168807
108917 168693
109169 167967
109339 168039
109611 168411
110047 168345
110027 168777
110256 169056
110512 168732
110706 168624
110546 168648
111101 168774
110485 168702
110901 168933
111194 168411
110961 168798
111115 168822
111429 168774
111441 168453
111876 168855
111610 168744
111523 168876
111451 168957
111855 168918
111468 169251
111661 169038
111685 168879
111841 168996
111607 168888
111642 169173
112036 168651
112215 169044
112502 168939
112521 169281
112901 169227
112206 169236
112645 169809
112287 169236
112194 169302
112183 168810
112367 168636
112317 169137
112382 169035
111907 168816
111973 169653
112214 168456
112339 169380
112499 168825
112729 169008
112839 168681
112783 169230
113035 169212
113417 169194
113544 168948
113068 170007
113295 169335
113842 168951
113605 168741
113726 169236
113606 169416
113068 169191
113328 168972
113920 168711
113230 169230
113718 169221
113543 168846
114242 168987
114002 168897
114003 168477
113993 168738
114172 169095
113623 168801
113619 169269
113830 168534
114024 168687
113104 169572
112987 169350
112998 169284
113390 168945
113272 168471
113238 168762
113933 168237
113434 169098
113748 168801
113703 169086
113835 168939
113971 169317
114381 168561
114277 168960
114322 169470
114184 169254
114892 169242
115260 168930
115171 169116
114952 169428
114673 169098
114847 168966
114990 168747
115394 169446
