605047 912786
604609 906696
605292 903159
605941 902214
607175 900531
607383 901944
608347 903300
609339 903030
609071 903702
609652 902745
609926 903261
610199 902598
611459 902946
611519 902379
611265 902973
611898 903600
611477 902715
611757 903951
612476 903084
612903 903522
612917 903537
612722 904353
612879 903510
612752 903603
612844 903114
613026 903144
612810 903042
613696 902295
614047 902406
613936 903429
613678 904341
614887 904725
614874 903711
615166 904062
614864 904956
615599 903090
615230 902664
615135 903585
615692 903552
615844 903855
615617 903993
615719 903006
615317 903189
614330 904479
615411 903897
615261 902679
615531 903483
615050 904173
616674 903705
615520 903657
617986 901983
618335 903537
618738 903813
616787 904821
617553 905208
617973 903999
618107 904941
618260 903735
617221 905406
616852 904857
616851 905022
617189 904287
616916 903939
617559 904509
617118 903855
616191 904668
617033 903216
616741 905037
616626 904026
617928 903243
617209 904845
616400 903594
617230 903975
617245 904173
617498 902760
618148 903495
618434 903444
618941 902484
618880 904632
619608 904356
619109 904584
620076 905133
619690 903798
619856 904734
620249 904554
620947 904779
620656 905469
621240 905814
621811 904041
621235 904428
621092 904362
621330 904785
619928 903135
621152 904383
620122 904575
619533 905034
620155 904725
620449 905283
619852 904956
620058 904011
