556920 843759
557061 837759
557776 833826
558514 833109
558942 833007
560063 832287
560447 832374
561196 834006
561751 833103
562485 833304
562124 834051
563204 833616
563448 833946
563005 833802
563458 834018
563723 834444
563962 833670
564277 834333
564384 834519
564793 833382
564624 833769
563575 834153
564566 833544
564864 833439
564302 833751
564166 834948
565934 833670
564956 835248
565563 834285
566134 833907
566652 834525
566860 833706
566531 834387
567230 833718
567336 834351
566885 834276
567582 833634
566672 834147
567415 833463
567254 834600
566600 834303
566607 833700
567419 832956
566560 834258
567824 833316
568307 833271
569058 833895
569475 833547
568483 834300
569726 834801
568596 833910
570298 833346
569442 835287
569088 836259
569729 835509
568966 835671
568355 835173
567971 834867
568393 835413
570394 834000
568156 834678
568192 835443
568897 834165
568632 834057
568753 834423
567552 836172
568736 834057
569041 834687
568609 833496
569141 833940
569823 834096
569630 834087
570678 833826
570518 834210
571241 833943
570367 834069
570989 833652
570449 835044
572222 834222
571113 835113
572420 835131
572001 835464
571695 834096
571969 835038
572338 834042
572473 834627
571873 834498
572042 834180
572319 834411
572197 835428
571998 834849
570608 834441
572398 834123
571529 834672
571669 834732
572454 834489
573333 834771
573495 834915
573091 835185
571859 836484
