265583 406407
265366 404355
265890 402969
266524 402276
266770 402141
267379 402591
267488 403518
268329 402687
268708 403248
268721 403701
268949 403644
268846 404124
269157 404583
269630 403566
269663 403503
269829 403530
270184 403815
270324 403827
270221 404001
270426 404502
270478 403599
270704 404433
270971 403407
270562 404121
270802 403848
271159 403896
270749 403785
271420 403902
271500 404169
271775 403470
270568 404319
270943 404058
270593 404082
271090 403644
270951 403803
270694 404307
271742 403950
271268 404094
271739 403680
272189 403785
272961 403830
272798 403851
272739 403959
272744 404466
273259 403698
272798 404052
272563 403398
273153 403524
272899 404418
273078 403392
273355 403584
273244 404136
273505 403476
273801 403785
272790 403710
273612 402816
273118 403572
273853 403074
272250 403470
271724 403524
272462 403548
272791 404094
272993 403521
273122 403746
272812 403464
273160 403677
273241 404307
273148 403314
274353 403458
273616 404139
275087 403473
274445 404127
274674 404247
274795 403275
275176 404319
274736 403986
274651 404430
275010 404439
275330 403941
275175 403917
274537 405570
275162 404922
274246 404112
274473 404382
274244 404235
274336 403458
274947 404973
273248 404100
273637 404367
273228 404340
273600 403938
273520 405117
274357 405129
274016 404580
274087 404061
274763 404481
274002 404490
274109 404001
274097 403575
273981 405249
