717529 1076589
716692 1069248
717233 1065186
718052 1064394
719044 1064109
719695 1063665
720678 1065261
721885 1065498
722469 1065939
722338 1066062
723073 1065201
722667 1066746
723999 1066017
723629 1065648
724618 1065696
724622 1065645
725151 1065471
725526 1066071
725203 1065801
725016 1066095
725651 1065135
726009 1065741
726369 1066755
726763 1065702
726510 1066605
725898 1066581
726552 1067238
725942 1065678
725596 1066239
726238 1066569
726873 1066533
727704 1065654
727527 1066104
728550 1066671
728755 1066374
728864 1066893
728422 1066653
729199 1067565
729861 1066455
728902 1066698
729347 1065816
729070 1066815
729940 1065570
729480 1068051
730543 1066398
730189 1066542
730430 1066272
729292 1065753
728894 1066866
729057 1066968
728398 1066158
728399 1065357
729158 1066662
728903 1066035
729738 1065594
730467 1065357
730911 1066629
731393 1065054
732204 1066725
731803 1066635
731779 1066365
732460 1066743
733093 1066662
732460 1066692
732591 1066983
732284 1067913
733351 1067667
733259 1067139
731030 1067757
732308 1066482
732537 1067382
730810 1067445
729752 1066722
730456 1066857
730344 1066431
730759 1067211
730889 1067037
731657 1067088
731175 1067259
731171 1066683
731417 1066257
731489 1065918
731624 1066596
731641 1065555
731549 1065639
731737 1066095
731107 1066041
732680 1065426
731661 1065645
732266 1066563
734193 1065699
733410 1066080
733389 1066275
733994 1066641
734052 1067355
734411 1066827
735579 1066920
735189 1066611
735204 1067769
736645 1067940
