400835 609615
400744 605610
401552 604416
402100 603147
402498 603342
403211 601899
403604 603810
404396 603645
404998 603546
405298 603918
404872 603945
405981 603927
405336 605331
406194 604914
406718 604878
405952 605139
406589 604572
406644 603687
406740 604989
407349 604794
407378 604923
407513 604611
407698 605274
408026 604764
408260 604683
408090 605709
408283 605298
408063 604821
408734 605208
409097 605322
408706 605046
407316 605751
407768 604791
408915 605649
409140 605361
409107 605322
410268 605004
409985 605817
409924 605136
409564 605019
409196 605790
409539 606645
409661 606267
408986 606225
409141 605466
409337 605613
409636 605910
409278 605106
410047 605400
408171 605649
409559 605088
409365 605553
409847 605157
410384 604227
410876 605430
411098 605655
410843 605664
411313 605391
411539 606732
411921 606288
412602 605097
412189 606642
411656 605919
412530 605271
412058 605682
412289 605577
412260 605580
411362 605160
411453 605556
412540 605298
412246 604920
412002 606429
412889 605166
413040 604866
412097 606225
413084 606030
412039 605355
412710 605568
413015 604947
412846 604989
412660 605259
411096 605904
411917 605547
411450 605469
411432 604551
410738 606426
410976 606333
411055 606465
411425 607041
411374 605751
411286 605274
411758 605382
412468 604257
412137 605151
412042 606063
413654 604743
413296 605658
413474 606681
413539 606336
414665 606057
