340045 520026
340069 517539
340395 515853
341206 514944
341580 514032
342071 515058
342987 514275
343170 514080
343072 515913
344023 515694
343911 515817
344352 515397
344533 516207
344946 515655
345016 515871
344585 515931
345081 515703
345158 514824
345179 515901
345442 515817
346136 515613
345822 515817
346305 516570
346516 516138
346214 516576
346433 516270
346457 514947
346818 515778
346488 515469
346418 516030
346735 516357
347233 516843
347891 516339
347588 516816
347766 516498
347880 516756
347377 516486
347146 516489
347480 515766
346715 515658
347532 516048
346896 516819
347148 516969
347796 516042
347679 515874
346819 516879
348550 515901
348055 516207
348403 515886
348909 516093
349122 515586
349077 515952
349562 516456
349975 516216
350000 516333
349504 517119
350147 516423
348714 516507
348871 517143
348848 516915
349429 516576
349835 516033
349883 516096
350569 516435
350480 516030
350716 516381
349967 516156
350163 515709
350780 515781
349648 516939
349957 516153
349720 515469
349719 515895
348953 515634
348580 515187
348733 516465
349378 516639
349272 516711
349018 517230
349127 515166
350379 514398
350469 516258
351008 515130
350243 516678
350795 515337
351894 515235
351062 515796
351736 516150
351452 516720
351472 516672
351574 516651
351598 516960
352220 516972
351424 517212
351375 516846
351833 516483
352618 517689
351189 517218
352850 517386
351445 518346
