370263 564714
370664 561522
371183 560478
371361 559104
372034 558819
372331 558936
373075 558780
373820 559476
374187 559881
374354 560388
374757 560328
374882 561012
374875 561012
375246 560406
375585 560949
375626 560781
375345 561411
375651 560190
376145 559500
376308 559728
376422 560559
376668 560955
377144 560505
377084 561057
377193 561738
377595 559800
377305 560487
377233 561684
377121 560673
377041 560835
377628 559800
377420 560880
377928 560595
378360 561057
377754 561369
378715 561135
378890 561465
378234 561156
378543 561555
378516 562176
378080 562314
378792 560817
377753 560949
378306 560988
378263 560667
378166 560778
378713 561384
378170 560580
377728 561699
379509 560712
378953 561318
379698 561006
380095 560955
379637 562074
380144 561156
380071 562233
380459 561474
380652 562062
380815 561693
380642 560961
380967 561660
380625 561183
380532 561291
381225 561030
380898 560655
380804 560649
380670 560754
380610 561975
381263 560958
381543 561474
382498 560874
381169 560862
381609 561360
381346 560505
381205 562038
381096 561528
380447 560703
381257 560910
380120 562143
380589 561639
379558 561363
380559 561300
380070 560469
380064 560664
380718 560337
381149 561156
381009 560895
381455 560049
381893 561153
381401 560292
382449 560352
382088 560886
383305 561741
382397 560487
383494 561003
383489 561225
383011 561951
383455 560952
383649 561111
384139 561363
