509826 772752
509815 766830
510168 763428
511133 762024
511896 761685
512467 762144
513041 761958
513480 763143
514249 763245
514759 762159
514872 763311
515129 763920
516048 763140
515605 763278
515815 764175
515957 763902
516795 763860
516523 763740
516308 763413
516303 763362
516138 763554
517221 763755
516632 763683
517794 763446
516782 763959
518281 764034
518180 765399
518883 763920
518836 764004
518504 763542
519060 763827
519580 764859
519058 763740
518591 764142
519643 763893
519184 763881
518654 764487
519422 764172
519092 763989
518710 763194
519500 763389
519495 763683
520068 764367
520986 765309
520835 764046
521175 764724
521025 764193
521514 764892
521217 765324
520454 765210
521413 765210
520675 764841
520002 765120
519862 765105
520216 765072
520139 765186
519889 763896
520386 765426
519651 764535
520357 764511
520436 764052
520452 765303
519907 763722
520485 764280
521234 764673
521287 763566
521368 764256
522089 764688
521946 763746
522305 765429
522356 765723
523477 765300
523845 763245
523655 764556
523667 765039
522597 764994
524550 764412
523609 764769
524274 763116
522633 765540
523922 764607
522667 764481
523101 765516
523013 764271
523130 763443
522696 764526
523016 764844
524029 764433
524429 765264
524494 764454
525308 764490
524972 765315
524424 764307
524415 764742
524549 763806
524725 764130
524166 765159
524223 764541
523903 763884
524306 764187
