478709 725334
478639 720012
478870 718065
479539 716280
479990 715902
480806 716442
481833 716364
482176 716301
482388 717054
483163 716475
482771 717204
483415 716712
483756 717846
483704 717843
484425 717327
484256 717468
484552 717558
485269 717570
485013 717675
484920 717405
484235 717609
485544 716400
485364 717675
485474 717783
485964 717870
486610 717870
486542 716934
486416 718752
486473 718515
486782 718923
487274 718278
487559 718338
487084 717552
486674 717516
487292 718476
486631 717468
487400 717822
486511 717591
487854 717618
487977 717780
488449 717504
488323 717783
488335 719118
489485 717441
489064 717255
488684 718923
489377 719121
489524 719232
488166 719385
488951 719277
488300 718233
488255 718935
488261 719496
488250 718437
487872 718269
487821 718047
488182 719217
488243 719049
487754 717804
488101 717261
489010 717873
489383 717633
490001 717900
490105 718266
490156 719127
490046 718953
489877 718185
490799 719046
492339 718296
490827 720201
491433 718629
491759 718158
492205 718989
491690 718248
490953 718158
491269 718545
491613 718992
490661 719670
491186 719736
491498 718578
491770 718326
491043 718959
491346 718086
491423 718869
492028 718422
491946 718434
492214 717747
492452 718974
492782 717969
492306 718293
492484 717411
492452 716832
492318 716949
492168 717261
490974 717900
491747 718128
491564 717870
491145 718317
490447 718863
489183 718863
