31096 50604
31215 50319
31388 50058
31463 50025
31718 49791
31758 49824
31833 50115
31937 50052
32018 50391
32161 50370
32282 50526
32284 50454
32368 50295
32233 50343
32306 50229
32470 50277
32469 50244
32764 50097
32701 50145
32582 50391
32807 50253
32674 50439
32740 50793
32727 50322
32921 50448
32905 50130
32572 50580
32773 50586
32771 50118
32925 50295
32717 50553
33124 50211
32941 50202
33182 50238
33346 50469
33404 50550
33164 50571
32986 50373
32962 50643
33148 50553
33024 50391
33094 50454
32697 50475
33009 50400
33001 50337
32867 50196
33139 50622
33034 50475
33053 50430
33493 50085
33525 50445
33370 50547
33614 50961
33421 50517
33648 50484
33845 50514
33649 50706
33737 49881
33485 50601
33538 50487
33565 50397
33420 50400
33432 50280
33543 50397
33560 50451
33598 50382
33775 50472
33917 50184
33988 50271
34018 50223
33734 50160
33785 50676
33637 50415
34155 50541
33689 50193
33332 50319
33575 50451
33517 50439
33264 50658
33045 50499
33214 49941
33292 50571
33732 50016
33868 50115
33482 50982
33530 50586
33437 50682
33838 50760
34136 50097
34094 50484
34055 50463
34278 50805
34134 50343
34017 50655
34173 51168
33858 50250
34104 50664
34118 50136
33985 50358
34037 50988
