310292 474681
310106 471642
310195 470616
311044 469728
311504 469638
312122 469908
312171 470496
313006 469896
313553 470805
313567 470610
313571 471246
314080 471363
314637 470865
314025 471426
314982 470772
313999 471765
314646 471726
315062 471450
315547 470529
315757 471180
315410 471138
316014 471066
316229 470187
315811 470385
315759 470976
316410 471318
316128 471738
316286 471084
316327 471162
316793 471678
316966 471555
316642 471564
316384 472329
316628 472344
316923 471876
316101 471978
316743 471711
316675 472194
316585 471225
315858 471561
316977 471309
316811 470601
317054 470973
317343 471129
317808 471369
317971 471417
318021 471228
318312 470778
318820 471336
318378 472401
318623 472323
318795 471117
318412 471735
318529 471336
318515 470727
318165 470952
319016 471156
319044 471429
318236 472140
319403 471540
319765 470709
320065 470523
319064 470832
319406 470805
318593 471426
317995 471738
318969 470763
317410 470745
318223 471396
318199 470757
318299 470559
318074 471630
318097 470775
319392 471396
319460 470733
318709 472197
320148 470241
319957 470592
320082 471264
319732 471966
320657 471645
321303 471702
320121 471768
321011 471105
321258 471312
321279 471666
321584 472266
320672 472353
321863 471615
321036 471609
320306 472791
321263 472494
320938 473007
320817 472479
320924 472323
321217 472590
320659 472476
320063 471792
320518 472311
320325 472002
