447872 677880
447187 674886
448322 671835
448155 670491
448861 670857
449990 669246
450364 670344
450678 670044
451084 670479
451400 671397
451743 671601
451933 671097
452901 671460
452563 671859
452589 672009
453281 671265
452713 672822
453626 671145
452899 672405
452992 672138
453989 671769
454208 671649
454044 672270
454480 672333
454750 672531
454828 672567
454952 671934
455268 671964
455455 672630
455176 672945
455440 672303
455833 671121
456106 671601
455344 672588
455120 671967
455124 671952
455534 671823
456299 671988
456889 672030
456892 672738
455849 672954
457177 672555
457439 673584
457998 672717
456724 673878
456868 673104
456175 672990
456373 673281
457022 672657
456072 672930
456300 673173
456021 673353
457793 672309
455938 672993
456755 672615
456100 672690
456710 672354
457682 672489
457495 672705
457349 672321
458518 673254
458677 673200
458700 673884
458903 672921
459097 672510
459913 673158
458852 672837
459378 673722
459340 673206
459424 672063
459915 673527
458898 674091
459551 673884
458982 673287
459121 672534
458407 673422
458903 672507
460026 672816
459521 673050
460281 672372
460482 672885
461148 672396
459910 672171
460321 672813
460755 672624
461098 673338
461103 672438
460845 673494
459395 672798
460840 671952
459727 672621
459229 672225
457936 673512
458529 673488
458812 673947
458892 673215
459662 672417
459388 672315
458491 672750
459504 672711
