295089 451662
295033 450018
295164 449295
295789 447555
296667 447582
296734 447321
297738 447498
297917 447957
298477 447765
298295 448173
298515 448728
298888 448716
299071 448773
298565 448563
299556 448047
299694 448935
299744 448950
300408 448731
300365 448503
299629 449868
300539 448779
300544 448014
300636 449136
300720 448779
300722 448920
301122 447912
300576 449001
301432 448221
301763 449559
301043 449283
301930 448305
301084 448932
302027 448824
301065 449850
301159 449271
301498 449016
301486 449247
301586 448920
301577 448563
302259 448494
301874 448902
302477 448848
302411 448839
302686 448365
303090 449046
303207 449112
303120 449064
303320 448962
303070 449178
303692 448614
302726 449133
303275 448836
303607 448404
302851 449223
303748 448386
303821 448725
304580 448107
303767 448536
304035 449022
303961 448539
303892 448959
304425 448590
303153 448386
303638 448665
302606 448677
302644 449520
302742 448920
302572 448053
303230 448341
303360 448308
303317 448977
303503 448962
304092 448089
304301 449067
304632 448863
304872 448554
304909 449376
306159 447552
305166 448764
306012 448629
305372 448632
306259 448479
305666 450006
305471 449100
305414 450267
305729 449412
305431 449742
305067 450072
305845 450450
305480 450084
305509 449568
305158 450414
304662 449916
304328 449523
305004 449625
304990 449613
303922 449511
304612 448275
304100 449490
304558 449034
