265382 406521
265418 403851
265902 402987
266141 402855
266715 402420
267082 402609
267508 402516
267834 403569
268375 403416
268646 403473
268872 403737
269068 404391
269262 403695
269044 404211
269560 403383
269451 403530
269891 403578
269574 403998
270253 403308
270636 403455
270409 403437
270552 402792
270685 403896
270088 403536
270998 403887
270906 404277
270997 403509
271771 403290
271639 403935
270927 404088
271773 403389
270762 403725
271442 404451
271045 403581
270844 403305
271501 403731
271246 403575
271432 404400
271941 402363
272372 403740
272485 404472
272875 404076
272594 403725
272795 404004
273434 404232
272754 404130
273149 403875
273271 402972
272303 403656
273252 404121
273243 403758
273573 404040
273530 403761
273264 403665
272945 403869
273472 404037
273716 403176
272650 403698
272724 403350
271877 403587
272726 403506
272581 403419
273071 403377
272325 403023
273434 403212
273302 403509
273958 403122
273862 403488
274230 403827
274114 403779
274689 402852
274762 403719
274959 403833
275175 403320
275164 403218
274820 403656
274722 404673
275445 404217
275479 404094
274469 405111
274909 405555
274841 405072
274225 404640
274018 404439
274440 404784
274549 404406
274028 405372
274156 404052
273767 404055
273780 403713
273523 404025
273739 403896
273511 404409
274773 404904
273884 404064
273985 404091
274148 404130
274314 403551
273774 404001
274341 404556
