493572 749688
494330 743142
494686 740943
496169 738933
496276 738393
496562 739113
497278 739728
497407 739725
498488 739479
498664 740076
499037 740598
499256 741573
499726 740847
499973 740445
499580 741534
500033 741174
500559 740826
500850 740454
500751 740553
500618 741567
499624 741378
501313 740301
501132 740478
501492 740442
501527 741570
502313 741198
502409 739992
502081 741597
502698 741339
502697 740664
503146 740700
503124 740694
504135 741561
503655 741051
503203 740382
503820 740178
502814 741234
502800 741183
502969 740520
503911 739809
504040 739572
504118 739725
503754 740745
505118 741237
505349 741285
504023 741162
505807 740868
505825 741945
504424 742488
504811 741810
505065 740862
504044 741186
504630 742050
504281 742110
504451 742668
503917 741795
504573 741981
504572 742275
503687 741771
504257 741105
504508 741552
504358 740838
505302 740460
505564 740283
505090 741390
506506 740487
505928 739620
506166 741741
506345 742179
506358 741207
507799 741117
507088 741888
507438 741378
507478 742485
508457 742860
508618 740547
507813 741945
507666 741363
508247 741726
507463 741705
506596 742689
507108 742068
507362 740766
508000 741909
507792 741783
507163 742032
507574 741873
508616 742314
509619 741465
509170 742203
509321 740859
508736 741528
507466 741276
508247 741624
508109 740814
508081 740844
508282 740634
507949 740643
506874 740868
506893 740523
