431871 654888
432012 650928
432518 648981
433242 647034
433834 647709
434071 647712
434775 647316
434865 648591
435468 648822
435990 648474
436887 648387
436462 649614
436803 649134
437477 648468
437867 648540
437180 649683
437371 648804
437985 649113
437612 649827
437602 649158
438183 648495
438557 649722
438669 649257
438921 649434
439061 649869
438768 649446
439980 649986
439720 649782
439365 651111
439809 650100
439837 649176
439773 649182
439434 649359
439312 650103
439634 650007
439306 650322
440242 649518
441257 649155
441254 648744
441106 649974
441445 649920
441470 650760
440864 651090
441613 649950
440890 650319
441633 649437
441052 651411
440855 650547
440576 650307
440602 649659
440622 649506
441153 650226
440629 650631
441271 649659
441621 648966
440976 649827
442095 650313
441595 649212
442018 649872
442387 649611
443121 650244
442826 650535
443036 650457
443747 650997
443754 650091
442884 650676
443911 651018
444269 650538
443646 651441
443460 650904
443845 650733
443976 651000
443572 650403
443503 650496
444670 650115
444089 649803
443653 650388
444357 650223
444572 650931
444682 649413
444837 649812
443915 650949
445228 649545
444463 650178
444148 650388
443938 650085
444307 649167
443116 651351
443778 648954
443747 649062
443332 650649
441903 650697
442408 649623
443506 649113
443922 649875
442374 649869
444037 649476
442958 650544
444701 649245
444406 649791
