68708 108528
68846 107580
68790 107448
69077 107145
69409 107289
69726 107370
69879 107487
69984 107685
70157 107883
70148 107940
70367 108066
70351 108024
70310 108279
70499 108546
70459 107841
70683 108270
70761 107937
70844 108222
70768 107709
70939 107748
70810 108057
70849 107577
71273 107826
71069 108192
71218 107952
71322 108177
71040 107682
70819 108324
71255 108099
70880 107877
71310 107688
71274 107895
71639 108162
71497 107766
71225 107946
71665 108045
71712 108177
71962 108429
71701 107868
72165 107931
72134 107691
71791 107775
72004 108456
72153 107952
71973 108138
72460 107910
72518 108156
72450 107586
72372 108129
72034 108150
72222 107976
72047 107967
71879 107781
71325 107829
71651 107877
72037 107676
71854 107886
71962 108207
72359 107514
72527 107778
72482 107937
72751 108459
72754 107982
73152 107526
72456 108303
72680 107994
73382 107619
72756 108456
73280 108456
72963 107943
73343 108138
73018 108519
73261 108042
72617 108483
72995 108753
72714 108018
72786 107517
72452 108174
72148 108069
72143 108060
72533 107712
72636 107487
72823 108024
72057 108405
72835 107604
73204 107823
72623 107991
72431 108177
72897 108009
72320 107589
72575 107958
72463 107493
72828 107649
72686 108030
72579 108255
73357 107310
72996 108000
73651 107601
73172 107832
73153 108030
