49 49
76 77
144 145
189 190
195 196
273 274
252 253
335 336
384 385
417 418
263 264
477 478
298 299
529 530
552 553
548 549
592 593
606 607
624 625
637 638
467 468
657 658
664 665
450 451
672 673
673 674
670 671
652 653
664 665
657 658
559 560
637 638
624 625
609 610
579 580
573 574
466 467
529 530
498 499
477 478
436 437
417 418
380 381
349 350
312 313
273 274
232 233
189 190
142 142
97 98
49 49
49 49
97 98
100 101
189 190
232 233
209 210
312 313
342 343
384 385
403 404
448 449
449 450
497 498
529 530
547 548
573 574
544 545
609 610
569 570
637 638
648 649
638 639
664 665
592 593
672 673
673 674
672 673
669 670
600 601
577 578
648 649
592 593
624 625
609 610
560 561
573 574
552 553
517 518
504 505
477 478
448 449
417 418
384 385
348 349
302 303
273 274
228 229
189 190
144 145
