19 19
34 35
54 55
69 70
82 83
62 63
102 103
109 110
110 111
117 118
113 114
112 113
114 115
93 94
102 103
93 94
82 83
69 70
54 55
37 38
19 19
19 19
22 23
54 55
69 70
70 71
93 94
89 90
109 110
114 115
117 118
118 119
117 118
114 115
105 106
102 103
93 94
82 83
69 70
54 55
37 38
19 19
19 19
32 33
50 51
69 70
82 83
74 75
102 103
93 94
114 115
117 118
118 119
117 118
98 99
109 110
85 86
92 93
82 83
69 70
54 55
36 36
19 19
19 19
37 38
42 43
69 70
66 67
93 94
102 103
89 90
112 113
117 118
118 119
106 107
107 108
109 110
96 97
93 94
79 80
69 70
54 55
37 38
19 19
19 19
37 38
54 55
58 59
74 75
83 84
102 103
109 110
107 108
113 114
118 119
109 110
114 115
107 108
94 95
93 94
