29 29
57 58
84 85
109 110
132 133
72 73
172 173
185 186
204 205
217 218
145 146
237 238
241 242
249 250
217 218
217 218
252 253
249 250
244 245
212 213
228 229
217 218
204 205
157 158
121 121
153 154
129 130
109 110
84 85
57 58
29 29
29 29
57 58
84 85
103 104
127 128
153 154
124 125
189 190
178 179
197 198
215 216
237 238
205 206
241 242
252 253
221 222
250 251
146 147
244 245
237 238
228 229
214 215
202 203
189 190
172 173
122 123
132 133
109 110
84 85
57 58
29 29
29 29
57 58
84 85
109 110
116 117
149 150
172 173
174 175
204 205
214 215
228 229
202 203
244 245
249 250
252 253
244 245
252 253
249 250
244 245
169 170
228 229
217 218
204 205
185 186
167 168
153 154
132 133
109 110
84 85
57 58
29 29
29 29
57 58
50 51
109 110
132 133
153 154
172 173
