9 9
16 17
24 25
29 30
32 33
27 28
32 33
29 30
24 25
17 18
9 9
9 9
17 18
24 25
29 30
32 33
33 34
32 33
29 30
23 24
17 18
9 9
9 9
17 18
24 25
27 28
20 21
33 34
32 33
29 30
16 16
17 18
9 9
9 9
17 18
10 11
29 30
15 16
33 34
31 32
29 30
24 25
17 18
9 9
9 9
11 12
23 24
29 30
24 25
33 34
30 31
29 30
24 25
16 16
9 9
9 9
17 18
18 19
29 30
30 31
33 34
32 33
29 30
19 19
17 18
9 9
9 9
11 12
22 23
29 30
32 33
33 34
32 33
9 9
24 25
17 18
9 9
9 9
12 13
22 23
29 30
30 31
19 20
26 27
29 30
24 25
17 17
9 9
9 9
16 17
24 25
25 26
32 33
33 34
32 33
29 30
24 25
17 18
9 9
9 9
