39 39
58 59
114 115
149 150
182 183
213 214
242 243
245 246
294 295
317 318
338 339
269 270
374 375
386 387
402 403
397 398
422 423
429 430
373 374
437 438
435 436
437 438
373 374
429 430
422 423
399 400
402 403
305 306
374 375
357 358
338 339
317 318
269 270
269 270
242 243
213 214
182 183
149 150
113 114
77 78
39 39
39 39
67 68
114 115
116 117
182 183
148 149
242 243
233 234
288 289
317 318
308 309
357 358
295 296
389 390
379 380
413 414
422 423
403 404
434 435
342 343
438 439
421 422
434 435
401 402
402 403
384 385
402 403
330 331
374 375
357 358
332 333
314 315
294 295
269 270
229 230
213 214
182 183
141 142
114 115
77 78
39 39
39 39
67 68
114 115
149 150
182 183
213 214
239 240
269 270
278 279
301 302
338 339
357 358
374 375
331 332
402 403
401 402
317 318
429 430
