387253 67368
399298 90048
411734 113163
417366 128184
423048 139308
426324 146049
428290 151152
431309 154020
432356 157128
433904 157611
435849 161493
437463 162252
439841 165123
440557 166461
442067 167322
441576 167373
442396 167493
442710 169281
444031 169902
446960 170652
448135 172239
450063 173148
449514 172905
451399 174711
452725 175356
454437 173829
454502 176586
457038 175953
454891 176376
456062 176616
454996 175182
454819 176886
453590 176169
453293 176157
454761 176838
453871 176469
457260 177960
457275 178722
456411 176727
461652 179808
462200 180699
461703 181386
463026 181800
464172 181761
462589 178653
463257 181860
466880 182661
465996 183123
465782 182703
468324 183021
466031 183801
468340 182268
470721 182613
469814 183570
471204 182976
468218 183045
468879 183504
470090 183171
469057 182688
467814 182625
466027 181767
468265 182223
469429 182250
466905 182382
467635 180600
465818 181680
464612 182340
464760 182472
462877 180147
465075 182238
466357 182169
469197 182949
469313 182244
467284 181557
469196 183555
470729 183663
470654 183996
472162 184137
474152 184653
474576 185154
471832 184107
476350 186204
476759 186393
478157 186141
476589 186717
476158 185646
477171 186228
475882 186831
476790 187785
478185 186408
478824 186441
478139 187410
479115 186981
477809 187206
482558 188292
478116 186924
481175 187644
480060 186108
482441 187992
482212 187905
