33 24
33 30
39 39
42 36
52 36
38 39
48 36
38 39
37 36
33 30
30 21
35 21
34 30
34 36
39 33
50 36
31 45
46 36
44 36
39 36
32 27
33 30
32 21
31 30
35 27
45 39
40 45
42 39
45 36
40 36
32 33
36 27
30 21
39 30
34 30
40 36
46 39
41 30
31 45
40 36
43 36
37 36
33 30
34 24
32 30
33 30
34 33
44 36
36 45
41 39
46 36
43 36
33 33
31 30
31 24
33 21
33 30
37 33
30 39
47 33
39 36
49 36
41 36
35 36
32 27
31 21
29 18
34 27
40 36
42 36
48 36
36 42
34 45
35 39
35 36
34 30
36 27
31 21
30 30
32 36
45 33
48 42
42 39
45 36
42 39
40 33
36 33
34 27
32 21
32 27
41 36
30 39
37 39
37 36
34 45
32 36
33 33
33 30
33 21
36 27
