418940 72465
432468 96780
445244 121356
450079 137724
458152 149802
459750 154929
462614 162222
466226 165519
467171 167421
469418 171123
470710 172374
472375 175716
475602 177315
476680 178707
477494 179535
479690 180843
479176 181944
478642 180678
480843 182370
479415 181440
482119 184647
484010 184902
487225 186642
487673 186444
489216 187959
490147 189153
491917 189522
491855 187302
494273 190371
492763 190524
493725 190713
491794 188724
492361 190437
493755 190401
493048 190113
491842 191049
491466 188562
491453 190410
493448 191001
496389 191790
497207 192357
496331 193254
499447 193431
499646 194682
500293 193917
502064 195759
500633 194886
505807 195417
503804 195834
503514 196488
507773 196701
507844 197097
509058 197931
506939 196326
507178 196080
509069 197565
507070 197889
509146 198162
509321 195567
507762 197478
507213 196056
510097 196968
505949 197328
503361 197193
507996 196335
506057 195474
506748 196350
505371 196536
504458 196224
505908 196935
505428 195135
503480 195780
504071 195891
504076 196605
504035 195951
504323 196194
503758 196629
510719 196836
506907 194634
505707 198084
509025 196020
509932 197445
511805 198534
511735 198876
511312 198600
513914 199611
514230 199665
514856 200598
513998 199722
517781 200895
516629 201054
517787 201585
520563 201885
517226 201333
518864 201351
519155 201363
515799 200739
516402 199959
517064 201615
516948 200934
