84304 242928
96289 230943
96127 231105
96265 230967
96256 230976
96128 231104
96009 231223
96229 231003
96120 231112
96205 231027
96196 231036
95985 231247
96031 231201
96172 231060
96168 231064
96157 231075
95945 231287
95943 231289
96124 231108
95832 231400
96108 231124
95938 231294
96088 231144
95924 231308
96064 231168
96096 231136
96083 231149
95697 231535
96063 231169
96050 231182
96016 231216
95939 231293
96023 231209
96024 231208
95901 231331
95990 231242
95765 231467
95987 231245
95974 231258
95773 231459
95954 231278
95941 231291
95863 231369
95926 231306
95883 231349
95902 231330
95893 231339
95881 231351
95878 231354
95947 231285
95936 231296
95786 231446
95914 231318
95903 231329
95900 231332
95887 231345
95876 231356
95867 231365
95728 231504
95843 231389
95549 231683
95839 231393
95861 231371
95819 231413
95806 231426
95750 231482
95796 231436
95779 231453
95774 231458
95336 231896
95746 231486
95735 231497
95783 231449
95754 231478
95743 231489
95774 231458
95644 231588
95710 231522
95760 231472
95694 231538
95729 231503
95674 231558
95661 231571
95650 231582
95674 231558
95698 231534
95634 231598
95579 231653
95649 231583
95601 231631
95629 231603
95632 231600
95573 231659
95564 231668
95570 231662
95725 231507
95712 231520
95701 231531
95692 231540
95571 231661
