18076 51732
20991 48817
21052 48756
21043 48765
20904 48904
21025 48783
20915 48893
21015 48793
21008 48800
20909 48899
20988 48820
20971 48837
20968 48840
20949 48859
20968 48840
20959 48849
20920 48888
20943 48865
20932 48876
20861 48947
20920 48888
20911 48897
20686 49122
20893 48915
20884 48924
20918 48890
20719 49089
20898 48910
20854 48954
20880 48928
20871 48937
20779 49029
20859 48949
20841 48967
20843 48965
20816 48992
20823 48985
20833 48975
20841 48967
20819 48989
20806 49002
20804 49004
20804 49004
20824 48984
20773 49035
20679 49129
20757 49051
20727 49081
20828 48980
20817 48991
20835 48973
20801 49007
20826 48982
20781 49027
20780 49028
20769 49039
20695 49113
20753 49055
20637 49171
20733 49075
20703 49105
20739 49069
20724 49084
20717 49091
20765 49043
20697 49111
20706 49102
20711 49097
20676 49132
20716 49092
20726 49082
20649 49159
20683 49125
20732 49076
20663 49145
20656 49152
20645 49163
20691 49117
20701 49107
20699 49109
20615 49193
20608 49200
20666 49142
20545 49263
20598 49210
20610 49198
20578 49230
20571 49237
20638 49170
20577 49231
20549 49259
20618 49190
20529 49279
20522 49286
20562 49246
20701 49107
20676 49132
20667 49141
20660 49148
20729 49079
