342996 987932
385930 944998
385748 945180
385951 944977
385730 945198
385345 945583
385912 945016
385497 945431
385891 945037
385675 945253
385803 945125
385853 945075
385857 945071
385493 945435
385633 945295
385818 945110
385591 945337
385808 945120
385741 945187
385769 945159
385571 945357
385744 945184
385769 945159
385754 945174
385485 945443
385730 945198
385494 945434
385702 945226
385696 945232
385681 945247
385339 945589
385657 945271
385275 945653
385647 945281
385384 945544
385563 945365
385608 945320
385377 945551
385587 945341
385471 945457
385436 945492
385548 945380
384439 946489
385601 945327
385586 945342
385573 945355
385287 945641
385547 945381
385534 945394
385389 945539
385513 945415
385282 945646
385466 945462
385475 945453
385512 945416
385464 945464
385451 945477
385346 945582
385426 945502
385220 945708
385404 945524
385391 945537
385362 945566
385271 945657
385421 945507
385376 945552
385243 945685
385352 945576
384996 945932
385324 945604
385318 945610
385303 945625
385097 945831
385279 945649
385265 945663
385269 945659
385119 945809
385007 945921
385230 945698
385289 945639
385209 945719
385194 945734
385047 945881
385053 945875
385156 945772
385307 945621
385021 945907
385279 945649
385269 945659
385260 945668
384788 946140
385234 945694
385200 945728
385206 945722
385246 945682
385073 945855
385185 945743
385257 945671
385248 945680
385046 945882
