187531 35058
194159 46707
200018 58572
202811 66474
206386 72570
207726 74961
208775 77532
210742 79044
210851 81705
211696 81897
212447 82923
213404 85053
213198 84195
215992 86022
216680 86820
215789 87237
215956 86124
216812 87900
217271 88128
218598 88617
219410 89265
219300 89775
220783 90213
220254 90669
221425 90429
222531 91572
221638 90951
222925 91728
222035 91305
223515 91626
223462 91908
222623 90912
222957 91716
223018 91602
221166 91230
222140 92031
222515 90957
223608 92268
224841 92673
224899 91626
224291 93252
226755 93477
226555 93246
226675 93567
227015 94287
227570 94173
227599 94539
228155 94512
229207 94650
229663 94563
228879 94968
230153 94737
230164 95976
230388 95106
231659 95439
231410 94659
230547 94884
230557 94872
230393 95361
229173 95028
229786 94560
228222 94458
228997 93804
231008 94677
228061 95283
229071 94866
228869 93846
228378 94356
229330 94467
228355 94404
230404 94659
229026 94695
230813 94494
228889 94467
227471 93405
230598 94992
229459 94848
232396 95328
230742 94857
233046 95589
232964 95469
232683 95751
234541 96534
230523 94767
234149 96510
235008 96273
234848 96285
233164 96648
234829 97038
234948 96000
234970 96654
234126 96501
235953 97068
235727 96627
236422 96774
235538 96957
237844 97560
237827 97167
235802 97200
236402 97641
