156508 449956
177492 428972
177124 429340
177466 428998
177098 429366
177442 429022
177233 429231
177425 429039
177411 429053
177334 429130
177354 429110
177376 429088
177381 429083
176880 429584
177355 429109
177241 429223
177332 429132
177060 429404
177097 429367
177300 429164
177244 429220
177277 429187
177303 429161
177289 429175
176798 429666
177267 429197
177253 429211
176811 429653
177236 429228
177157 429307
177210 429254
177008 429456
177187 429277
177192 429272
177195 429269
177166 429298
176893 429571
177143 429321
177039 429425
177123 429341
176805 429659
177101 429363
176865 429599
177097 429367
177141 429323
176938 429526
177119 429345
177105 429359
176608 429856
177088 429376
177109 429355
177051 429413
177052 429412
177069 429395
177044 429420
177030 429434
177050 429414
177062 429402
176889 429575
176989 429475
176975 429489
176596 429868
176951 429513
176940 429524
176965 429499
176708 429756
176795 429669
176929 429535
176916 429548
176925 429539
176785 429679
176884 429580
176639 429825
176861 429603
176865 429599
176798 429666
176839 429625
176800 429664
176877 429587
176810 429654
176808 429656
176784 429680
176411 430053
176761 429703
176910 429554
176588 429876
176944 429520
176874 429590
176860 429604
176567 429897
176843 429621
176880 429584
176868 429596
176845 429619
176794 429670
176799 429665
176426 430038
176773 429691
176554 429910
176750 429714
