531779 89601
548015 120228
562705 150792
571543 170379
577722 187752
583485 194982
585733 200394
588271 203859
591499 210057
594719 212469
595900 215586
596316 216885
598450 219108
601169 219729
604751 222951
605542 225168
607612 226326
610361 227487
611070 227142
612191 228531
611775 229734
610915 229197
611186 230439
612490 230487
611621 230472
614594 232656
617063 234297
620867 235122
620916 234549
620991 235755
624473 236838
628883 237852
624604 236802
630789 238950
627572 238863
631549 240123
628803 238059
630671 240009
629416 238554
629461 239334
629325 239766
628383 239700
627442 238428
625341 237813
627289 238692
627934 238644
627183 239964
626750 236073
627863 241017
631466 239451
632292 241872
633090 242247
636318 242631
636603 242715
638898 243663
639745 244533
640647 245325
641094 245163
639804 245169
642540 245043
640018 245535
639115 245721
645004 246321
648295 246324
647547 247785
646423 247365
646160 246480
646058 245874
648947 247752
645669 248082
645394 246387
648727 247443
648806 247791
647267 247041
648361 246402
643750 247137
645347 245103
643399 245772
644117 246186
646165 243099
646339 246201
641019 245715
642251 243939
641961 245760
642818 245778
643590 243759
641985 243879
645069 244866
642689 243120
642549 244854
642454 245373
645989 244821
643802 244485
644790 244518
642774 244575
643818 245892
650683 245181
647554 246078
646944 245217
648671 246759
