712486 118941
733546 157260
752830 196143
765281 222591
774474 243474
777670 255060
784716 262671
786890 267147
791041 272805
794439 277881
797748 281697
800979 283938
802701 285411
802639 289128
801558 287853
805181 291411
808825 293853
811605 295014
815384 298254
816115 299526
819780 300252
820865 301974
823562 303648
827172 304875
825712 304419
825062 302880
823849 305241
823628 305235
822865 303675
823538 305769
824774 305988
827685 306870
827019 306498
830254 309816
831988 308502
838123 312237
836215 311175
839346 313512
843401 313866
841254 312519
843859 315303
843359 315198
848683 316611
848448 317541
850204 317241
851845 318072
853339 317868
850334 314688
849906 317616
847206 317199
848814 317313
848183 315639
845126 316731
846911 316725
845791 315615
842699 313806
843121 315492
844614 315546
844452 314856
845324 315429
846418 315585
844708 316473
845017 316665
847072 313905
852337 316746
851371 319782
851605 317823
853491 320790
855399 318630
859847 320946
859176 322206
860032 323688
863905 322632
863350 322917
865952 322722
864244 322827
863531 324174
865051 324117
865828 322812
867490 325284
866421 324546
868723 324708
867569 324801
871752 325920
873530 323997
873517 325938
871238 326418
872926 325800
873947 327468
872038 327414
874758 326613
872145 326529
873970 327471
873781 323397
871084 326163
872795 325704
871983 326295
871647 323430
870133 324795
871569 325371
