340371 60240
351216 79878
361559 100065
367347 113697
372289 124017
373943 130548
376914 133005
378567 136851
380324 139368
381105 142032
382942 144096
384674 145401
386536 145224
388042 147444
387461 148467
388171 148674
388750 147582
391334 150642
391200 151254
394623 152850
396993 153720
395972 154908
398044 154620
398204 154641
398501 155868
397316 154137
398767 155940
396742 154878
397669 155448
397582 155637
396608 156966
397359 154413
398697 157341
399731 157587
401549 156651
404216 159180
403636 158244
404530 160029
404977 158241
406407 160062
407478 160299
407478 161466
408435 159846
408944 162231
409302 161448
410159 162333
410119 162438
412135 161661
411792 162651
408614 160059
410076 162576
408666 162309
408971 160296
410300 161148
409715 161961
407149 159948
408753 161385
409993 162183
407132 160410
408723 160299
409393 160203
408308 161247
409296 161400
410735 161358
409860 161598
411614 161613
411009 162105
412138 162648
414386 162786
414330 163902
416787 163464
414308 162219
416088 164082
418051 164847
417518 164184
417851 164439
417806 165162
421764 165252
418974 165573
421106 165684
419474 165297
418026 165486
420154 166308
418198 163152
419921 166086
420226 166617
423184 166581
419557 166569
424279 166569
423702 165993
421853 166512
423802 166299
420938 167454
419122 164379
425419 167058
421501 166788
423026 166692
423661 166344
422275 165282
423410 166266
