121188 357276
137988 340476
138158 340306
138047 340417
137881 340583
138123 340341
137942 340522
138104 340360
137551 340913
138080 340384
138082 340382
138069 340395
137744 340720
138045 340419
137839 340625
138025 340439
138014 340450
137727 340737
138019 340445
137859 340605
137993 340471
137732 340732
137970 340494
137964 340500
137881 340583
137828 340636
137927 340537
137728 340736
137916 340548
137905 340559
137838 340626
137885 340579
137872 340592
137648 340816
137788 340676
137858 340606
137885 340579
137873 340591
137863 340601
137748 340716
137865 340599
137853 340611
137843 340621
137799 340665
137809 340655
137786 340678
137785 340679
137772 340692
137603 340861
137752 340712
137741 340723
137728 340736
137444 341020
137733 340731
137700 340764
137746 340718
137628 340836
137689 340775
137678 340786
137569 340895
137666 340798
137678 340786
137642 340822
137629 340835
137647 340817
137520 340944
137589 340875
137585 340879
137702 340762
137500 340964
137632 340832
137666 340798
137689 340775
137647 340817
137588 340876
137623 340841
137542 340922
137664 340800
137597 340867
137588 340876
137575 340889
137542 340922
137559 340905
137610 340854
137531 340933
137374 341090
137536 340928
137521 340943
137491 340973
137505 340959
137525 340939
137546 340918
137295 341169
137469 340995
137505 340959
137445 341019
137432 341032
137506 340958
137229 341235
137401 341063
