139580 402884
158564 383900
158550 383914
158536 383928
158305 384159
158515 383949
158276 384188
158495 383969
158339 384125
158272 384192
158460 384004
158463 384001
158361 384103
158437 384027
158293 384171
158094 384370
158309 384155
158395 384069
158384 384080
158371 384093
158303 384161
158330 384134
158367 384097
158286 384178
158344 384120
158271 384193
158324 384140
158331 384133
158111 384353
158312 384152
158292 384172
158278 384186
158221 384243
158256 384208
158210 384254
158180 384284
158224 384240
158213 384251
157870 384594
158259 384205
158105 384359
158233 384231
158259 384205
158210 384254
158204 384260
158199 384265
158064 384400
158027 384437
158155 384309
158158 384306
158131 384333
157935 384529
158165 384299
158109 384355
158103 384361
158090 384374
157856 384608
158066 384398
158087 384377
158073 384391
157720 384744
158051 384413
158043 384421
158032 384432
158015 384449
158008 384456
157995 384469
157905 384559
157983 384481
157702 384762
157961 384503
157948 384516
157913 384551
157947 384517
157860 384604
157905 384559
158070 384394
158024 384440
158012 384452
158046 384418
157989 384475
157661 384803
157969 384495
157994 384470
157760 384704
158009 384455
157937 384527
157946 384518
157911 384553
157862 384602
157888 384576
157345 385119
157869 384595
157819 384645
157895 384569
157866 384598
157852 384612
157874 384590
157830 384634
157817 384647
