241408 717056
272963 685501
273320 685144
273366 685098
273352 685112
272791 685673
273330 685134
273318 685146
273145 685319
273304 685160
272771 685693
273278 685186
273267 685197
273003 685461
273149 685315
273230 685234
273216 685248
273153 685311
273169 685295
273206 685258
273192 685272
272862 685602
273077 685387
273158 685306
273144 685320
272887 685577
273130 685334
273118 685346
272846 685618
273096 685368
272877 685587
273070 685394
273064 685400
273103 685361
273089 685375
272694 685770
272978 685486
273055 685409
272732 685732
273029 685435
272744 685720
273015 685449
272862 685602
272753 685711
272975 685489
272819 685645
272953 685511
272962 685502
272927 685537
272900 685564
272928 685536
272916 685548
272868 685596
272894 685570
272738 685726
272868 685596
272827 685637
272853 685611
272864 685600
272827 685637
272212 686252
272804 685660
272790 685674
272727 685737
272935 685529
272873 685591
272693 685771
272895 685569
272839 685625
272825 685639
272789 685675
272741 685723
272799 685665
272829 685635
272773 685691
272759 685705
272754 685710
272737 685727
272161 686303
272711 685753
272726 685738
272712 685752
272359 686105
272686 685778
272678 685786
272189 686275
272652 685812
272647 685817
272682 685782
272623 685841
272503 685961
272597 685867
272400 686064
272574 685890
272562 685902
272608 685856
272239 686225
272582 685882
272599 685865
272560 685904
