294176 53370
303127 70023
311710 87972
317447 98940
321478 109113
323122 114237
325546 117078
327267 118824
328409 121992
329854 124263
331601 126129
332362 126663
333000 127710
333798 127866
335899 129588
335501 130689
337377 132126
337145 131328
339996 133563
340928 134568
342764 134115
342756 134178
341604 134868
342217 135447
341916 135048
341897 135714
342647 135444
342209 136179
343372 135645
344455 136707
344933 137664
347691 137637
348468 138372
348683 138813
349842 139440
350506 140184
350451 138912
351063 140709
352276 141120
351838 140166
354774 140361
353502 141117
353962 141234
353740 140682
352995 138972
352150 140799
353031 138744
352915 140337
349610 138432
351048 140292
351186 140172
351861 139371
350621 140043
351394 140241
352332 139974
351645 140235
352537 140295
353010 141513
354611 141474
354620 141237
357080 142020
357173 142440
356219 142812
357284 143595
358042 142164
359742 144069
361616 143292
357995 143997
359211 143640
360628 142998
362081 143928
361345 144477
360502 143310
362571 143994
363815 144771
362270 145539
363941 145116
363230 142467
364672 145122
363351 145455
365132 145218
362848 144879
363062 145404
362940 145296
363617 143190
363168 145053
362854 145527
363871 145026
363708 144504
362726 145026
361093 143886
362433 144642
358884 143223
361556 144375
362436 144408
361015 143145
360805 144246
361637 143739
359293 141873
362299 143835
