663264 111519
682570 147003
701105 184341
712288 208164
720382 226329
724223 239523
729348 246198
732954 250860
735853 253938
739023 260301
742419 263847
745701 266271
745221 265950
747251 269676
747562 269352
751086 273150
753756 275490
755312 276591
759401 277002
762159 280941
764607 281667
767481 283155
769098 283866
765423 283956
766496 283587
765398 284196
764836 281412
763840 284973
766869 285555
768221 285585
768649 287751
773670 289254
774458 290040
776838 290829
779677 291777
779457 291894
779779 293409
783699 291849
784762 294552
783716 293091
787691 295977
787974 296496
787305 294738
786741 295725
788579 297033
789811 296487
789013 294414
788784 295821
787260 295629
788422 293991
786382 293580
786490 294420
783742 294990
781537 294192
784208 294729
779658 293136
783380 294084
785171 295386
788195 293079
788932 296124
790395 297696
790394 295302
792682 298305
791650 298026
795498 299826
798533 300171
802591 300990
801704 301287
802441 300807
805111 303099
804117 301284
803567 301479
803426 302178
802531 302322
804910 303201
805373 303561
806422 303372
807710 303030
809911 304521
809290 303762
815139 304191
810151 305193
813737 304794
807856 304941
811491 305043
810838 304941
810354 305820
810870 304665
809060 301137
808246 304200
807477 304926
806729 300933
810733 303792
808261 303135
807015 303090
802678 303828
803224 302079
806289 303051
801987 297495
806038 302874
