213 108
214 132
247 162
248 159
229 201
281 183
270 195
222 210
242 213
226 213
271 189
279 210
240 213
250 210
247 213
277 210
317 207
284 201
266 192
290 207
234 204
244 216
242 204
289 198
308 201
323 201
268 201
262 198
256 222
292 201
253 222
291 207
274 198
248 207
271 195
237 198
259 180
230 177
216 156
198 129
204 111
197 84
230 123
225 153
229 183
225 171
258 204
291 192
255 201
261 225
243 216
264 198
258 210
297 207
289 225
318 204
325 213
310 216
280 210
312 222
270 207
235 204
279 204
277 201
294 198
314 201
309 198
331 204
262 222
233 216
248 210
258 207
244 207
269 204
270 207
254 213
253 213
226 198
226 186
229 165
209 126
206 96
204 102
230 123
242 159
235 180
257 201
238 198
233 189
228 213
243 198
285 213
250 213
277 204
308 201
313 207
324 192
324 204
316 207
220 198
