564302 95517
581926 126441
596970 159747
606469 179835
613823 197745
618201 205146
620991 211668
624517 216579
627941 221565
630913 224886
631675 224439
633687 229041
633754 231543
637524 232338
639541 235377
641698 234975
645444 238431
647810 239892
647419 241671
651080 242367
647448 240567
650439 242184
648946 243270
648254 243006
647234 243585
652622 244092
653924 246159
655431 247272
657401 247917
659113 247278
661109 250203
663691 250581
663804 251406
665726 251022
665260 252969
666093 252678
670341 253551
671066 254064
671010 253530
670075 253617
669506 253221
669213 251844
667963 253674
665497 253680
666221 252660
667300 253422
663078 249939
665838 252456
667375 252108
667220 253356
666916 254307
669051 252228
671426 254985
673089 255990
672833 255072
677185 256839
677793 257841
677232 256905
679433 258648
680924 258087
679999 259461
682279 260682
682984 259128
678972 256761
680484 259959
683877 260754
682092 259026
684452 260556
686596 261738
687368 260838
689684 261615
685667 262233
685877 258888
688204 262284
687307 262653
686132 259926
688746 261915
690036 261366
687189 260514
683940 261507
684712 260094
684303 260877
681526 256395
684753 259464
682891 260814
686149 259923
683349 259023
683337 259728
682977 259842
682329 257331
681472 258519
678630 259023
679933 258312
684680 259518
684059 257034
685619 259161
680666 256332
684159 258756
685034 259299
684037 256122
