263129 47649
271767 63393
279412 79446
284462 89871
287752 98973
290443 103161
291095 105699
293651 107994
295236 110544
296624 112521
297031 113742
297641 114711
298379 115518
299141 114897
301002 117744
301223 118698
302524 118284
305053 120090
304844 118533
305303 121296
304785 121002
305965 121494
304955 119823
305729 121932
304459 119340
306688 122565
307572 122034
309293 123558
309812 123387
311245 124602
311987 124722
312508 122949
313280 126039
314808 125880
314712 125481
315521 126720
315761 126729
316018 126261
316662 126603
314598 126516
314938 127074
315246 126324
315919 126504
314475 126231
314315 125460
313964 126714
315413 126252
312558 125373
313027 126711
312321 125658
315829 126255
316662 126471
314860 127089
318161 126789
317775 128589
316553 127533
318395 129159
320690 129453
318062 129423
321088 129477
318918 129789
319753 127320
322433 129387
323017 129357
322969 129756
321790 128997
321452 130143
324442 130614
324243 130500
323706 128673
324874 130512
325360 131247
323761 130659
323953 131118
324850 130980
323718 131313
327463 130737
325700 129171
325346 130836
322252 130734
322585 130263
323510 130320
323331 130380
322056 128682
324108 129480
322770 128208
322463 129843
322887 129816
320154 129801
322183 129813
321482 129642
322213 129072
322787 128493
321471 127947
321684 128919
320519 129483
319875 129681
323017 129549
321664 129336
322370 128535
