498986 84921
514879 113553
529570 142488
536724 161124
543815 176526
547849 183705
550594 189456
553276 191679
555911 198231
558006 201021
558371 201909
561574 205080
564532 206667
566129 209205
566853 210405
570270 211512
571998 213888
573840 214578
572101 210453
574543 214740
573212 216609
573029 213897
575091 217539
574858 218853
576260 217176
580332 219999
580977 221568
582776 222282
584396 222120
585908 223629
587397 224469
587464 224184
588025 225477
592376 226017
590838 224403
590646 225723
589971 225000
590582 225072
589636 224499
587815 225435
588537 225141
588749 225480
587072 224187
588117 225189
589593 225114
589853 225873
592357 226038
594907 227847
593543 228906
594492 228048
597321 229371
597855 229545
600003 229692
598700 231108
600576 231384
600231 231309
600387 232128
603678 231699
603345 229119
607253 232419
603211 232692
604487 232980
607095 232956
605329 231384
604453 233412
606863 233040
608649 232014
607862 233559
605891 233406
603709 231858
603998 232701
607481 232650
606812 231915
606227 232227
606256 232239
606408 231285
604337 232140
606409 230376
601785 231867
604551 231870
599020 226134
601511 231279
603972 230754
599533 229320
602970 231036
603076 230517
605738 230244
605528 230640
604749 230691
604765 231387
603584 231381
605308 231372
605980 230964
605371 232905
606889 233517
608676 233382
611863 233649
610424 233712
609949 233652
612571 234558
