268 120
272 168
299 180
319 228
331 234
322 264
327 234
346 264
313 234
328 273
328 261
356 270
320 273
324 279
331 285
357 264
398 267
371 273
401 252
455 261
416 267
402 276
375 264
408 258
362 264
302 255
294 252
351 258
477 252
403 264
395 264
341 264
399 264
390 276
390 276
366 270
342 282
371 267
339 288
332 264
334 267
346 270
381 255
361 264
302 270
340 249
334 234
314 225
312 204
268 159
266 138
265 132
284 162
290 201
294 213
315 252
302 264
327 207
318 270
393 261
283 213
303 285
355 267
358 261
389 264
374 285
400 261
349 288
453 288
442 258
431 270
385 291
414 255
357 276
365 246
415 276
310 255
355 252
403 249
413 252
417 264
452 255
447 261
411 282
421 261
396 246
391 258
336 270
374 264
334 279
367 258
352 267
346 267
373 264
339 261
324 261
344 252
344 231
309 228
294 195
