148016 426448
167658 406806
167986 406478
167901 406563
167749 406715
167909 406555
167945 406519
167800 406664
167919 406545
167909 406555
167860 406604
167900 406564
167560 406904
167874 406590
167590 406874
167851 406613
167837 406627
167831 406633
167819 406645
167512 406952
167796 406668
167820 406644
167806 406658
167385 407079
167784 406680
167689 406775
167765 406699
167344 407120
167739 406725
167729 406735
167413 407051
167720 406744
167568 406896
167434 407030
167684 406780
167671 406793
167665 406799
167546 406918
167639 406825
167411 407053
167616 406848
167576 406888
167665 406799
167670 406794
167643 406821
167630 406834
167292 407172
167610 406854
167395 407069
167588 406876
167575 406889
167562 406902
167565 406899
167560 406904
167544 406920
167577 406887
167483 406981
167510 406954
167498 406966
167309 407155
167390 407074
167498 406966
167484 406980
167487 406977
167186 407278
167489 406975
167443 407021
167429 407035
167417 407047
167281 407183
167394 407070
167038 407426
167383 407081
167371 407093
167361 407103
167348 407116
167245 407219
167261 407203
167318 407146
167305 407159
167287 407177
167432 407032
167496 406968
167478 406986
167207 407257
167391 407073
167264 407200
167365 407099
167108 407356
167342 407122
167254 407210
167332 407132
167320 407144
167310 407154
167266 407198
167291 407173
167197 407267
167265 407199
167348 407116
167242 407222
