99360 287872
113343 273889
113289 273943
113305 273927
113308 273924
113162 274070
113217 274015
112990 274242
113275 273957
113262 273970
113022 274210
113238 273994
113207 274025
113217 274015
113206 274026
112687 274545
113206 274026
113136 274096
113182 274050
113174 274058
113161 274071
112879 274353
113149 274083
112979 274253
113125 274107
113130 274102
112914 274318
113091 274141
112857 274375
113027 274205
113107 274125
113096 274136
113010 274222
113075 274157
113062 274170
113056 274176
113057 274175
112891 274341
113026 274206
112903 274329
113005 274227
112885 274347
112981 274251
112843 274389
112980 274252
112929 274303
112986 274246
112812 274420
112935 274297
112830 274402
112965 274267
112909 274323
112898 274334
112811 274421
112876 274356
112865 274367
112960 274272
112949 274283
112906 274326
112923 274309
112728 274504
112902 274330
112891 274341
112817 274415
112877 274355
112733 274499
112853 274379
112900 274332
112842 274390
112821 274411
112790 274442
112821 274411
112647 274585
112797 274435
112789 274443
112802 274430
112636 274596
112764 274468
112751 274481
112797 274435
112727 274505
112788 274444
112706 274526
112695 274537
112756 274476
112722 274510
112711 274521
112366 274866
112690 274542
112460 274772
112666 274566
112552 274680
112652 274580
112643 274589
112650 274582
112620 274612
112607 274625
112614 274618
112608 274624
112377 274855
