232607 42483
240654 56745
247557 71331
251194 80130
254755 88191
256991 92079
257889 93633
259775 96987
261557 99102
262218 100569
262634 100941
263615 102723
263789 103308
267105 104499
266890 105057
267189 105768
269193 106701
269306 105711
269184 107517
269317 106770
269659 107940
269839 107745
269786 108699
270807 109278
271839 108864
272784 110352
274450 110763
274506 109893
274206 111378
277478 111300
275944 111183
276657 112797
276599 111879
277756 112335
280521 112656
279682 112575
278389 112491
277597 112278
276450 112776
276694 112179
278242 112182
276327 112242
276467 112623
277011 112812
277766 112392
277634 112998
279948 112653
280070 113343
281005 114066
279633 114066
282191 114306
282166 114519
283844 115197
282811 114930
283234 115287
282640 115872
283908 113715
283957 115281
286141 115185
285021 116280
286824 116574
286113 116451
287182 116394
285713 115977
286322 116643
286056 116076
286994 116463
287136 116634
287043 116457
286663 116439
287053 116733
287046 116421
283941 116163
287723 116172
285511 115920
286490 114420
283832 115191
284586 115947
283755 114864
285722 115923
283042 115038
284862 116052
283285 115674
282787 114540
285100 115818
284982 115707
284553 112506
284973 115266
284513 116007
287243 114558
285370 115947
283405 115068
285392 115662
285223 115320
286131 116166
289199 116667
286812 115614
287040 117420
290328 117288
288760 117627
