269364 789564
304249 754679
304225 754703
304319 754609
304112 754816
304019 754909
304287 754641
304080 754848
304268 754660
304090 754838
304248 754680
304105 754823
304220 754708
303912 755016
303797 755131
304188 754740
303719 755209
304162 754766
303734 755194
304166 754762
303876 755052
304138 754790
303743 755185
304113 754815
303991 754937
304092 754836
303761 755167
304066 754862
303913 755015
304053 754875
303616 755312
304027 754901
304012 754916
303988 754940
303816 755112
303979 754949
304031 754897
303784 755144
304007 754921
303832 755096
303989 754939
303971 754957
303655 755273
303945 754983
303931 754997
303932 754996
303918 755010
303647 755281
303892 755036
303449 755479
303870 755058
303858 755070
303844 755084
303861 755067
303772 755156
303833 755095
303559 755369
303808 755120
303801 755127
303696 755232
303775 755153
303511 755417
303762 755166
303748 755180
303414 755514
303722 755206
303341 755587
303736 755192
303688 755240
303448 755480
303794 755134
303831 755097
303496 755432
303793 755135
303741 755187
303734 755194
303720 755208
303507 755421
303694 755234
303683 755245
303651 755277
303551 755377
303655 755273
303472 755456
303580 755348
303621 755307
303288 755640
303624 755304
303609 755319
303586 755342
303585 755343
303571 755357
303432 755496
303550 755378
303573 755355
303570 755358
303525 755403
303530 755398
303542 755386
303485 755443
