39152 112464
44953 106663
45126 106490
45116 106500
45081 106535
45096 106520
45086 106530
45019 106597
45057 106559
45062 106554
45054 106562
44882 106734
45032 106584
44927 106689
45030 106586
44986 106630
45012 106604
45000 106616
45007 106609
44988 106628
44938 106678
44909 106707
44958 106658
44940 106676
44936 106680
44969 106647
44957 106659
44872 106744
44939 106677
44857 106759
44924 106692
44915 106701
44838 106778
44893 106723
44794 106822
44873 106743
44863 106753
44899 106717
44866 106750
44721 106895
44842 106774
44860 106756
44820 106796
44817 106799
44592 107024
44795 106821
44787 106829
44802 106814
44807 106809
44844 106772
44834 106782
44833 106783
44814 106802
44820 106796
44802 106814
44767 106849
44794 106822
44772 106844
44814 106802
44750 106866
44813 106803
44779 106837
44738 106878
44765 106851
44718 106898
44768 106848
44706 106910
44694 106922
44706 106910
44711 106905
44664 106952
44710 106906
44679 106937
44675 106941
44700 106916
44670 106946
44545 107071
44635 106981
44473 107143
44621 106995
44688 106928
44651 106965
44617 106999
44581 107035
44590 107026
44578 107038
44568 107048
44603 107013
44548 107068
44538 107078
44577 107039
44523 107093
44594 107022
44468 107148
44494 107122
44747 106869
44656 106960
44649 106967
44638 106978
44626 106990
