173052 497412
195662 474802
196022 474442
195371 475093
196000 474464
195661 474803
195974 474490
195970 474494
195809 474655
195944 474520
195626 474838
195834 474630
195913 474551
195917 474547
195627 474837
195889 474575
195797 474667
195781 474683
195853 474611
195848 474616
195647 474817
195760 474704
195812 474652
195568 474896
195828 474636
195752 474712
195751 474713
195792 474672
195405 475059
195766 474698
195761 474703
195535 474929
195683 474781
195725 474739
195566 474898
195718 474746
195579 474885
195692 474772
195193 475271
195668 474796
195504 474960
195256 475208
195494 474970
195625 474839
195536 474928
195621 474843
195676 474788
195662 474802
195650 474814
195327 475137
195626 474838
195614 474850
195610 474854
195562 474902
195574 474890
195574 474890
195560 474904
195158 475306
195555 474909
195599 474865
195499 474965
195519 474945
195174 475290
195493 474971
195488 474976
195474 474990
194974 475490
195452 475012
195439 475025
195203 475261
195474 474990
195442 475022
195432 475032
195171 475293
195406 475058
194971 475493
195387 475077
195375 475089
195365 475099
195372 475092
195358 475106
195344 475120
195338 475126
195264 475200
195080 475384
195296 475168
195271 475193
195277 475187
195265 475199
195208 475256
195242 475222
195406 475058
195385 475079
195380 475084
195370 475094
195154 475310
195344 475120
195393 475071
195386 475078
195266 475198
