324084 938844
364831 898097
365053 897875
364638 898290
365028 897900
364492 898436
364659 898269
364994 897934
364979 897949
363963 898965
364955 897973
364941 897987
364797 898131
364930 897998
364607 898321
364906 898022
364759 898169
364623 898305
364870 898058
364785 898143
364662 898266
364832 898096
364185 898743
364841 898087
364722 898206
364817 898111
364813 898115
364796 898132
364781 898147
364586 898342
364757 898171
364651 898277
364746 898182
364050 898878
364562 898366
364730 898198
364693 898235
364429 898499
364671 898257
364658 898270
364532 898396
364185 898743
364697 898231
364535 898393
364669 898259
364658 898270
364219 898709
364310 898618
364622 898306
364586 898342
364598 898330
364231 898697
364587 898341
364599 898329
364433 898495
364548 898380
364261 898667
364581 898347
364512 898416
364292 898636
364488 898440
364474 898454
364338 898590
364482 898446
364482 898446
364458 898470
364075 898853
363877 899051
364422 898506
364409 898519
364427 898501
364384 898544
364387 898541
364393 898535
364367 898561
364348 898580
364215 898713
364327 898601
363937 898991
364299 898629
364288 898640
364145 898783
364447 898481
364476 898452
364390 898538
364117 898811
364365 898563
364318 898610
364268 898660
364330 898598
364319 898609
363821 899107
364308 898620
364293 898635
363978 898950
364269 898659
364045 898883
364248 898680
364233 898695
364220 898708
