745911 123075
767956 163689
788541 205590
800278 230511
811462 253320
814707 266223
820281 273786
823316 277614
826394 284625
830361 289350
833611 292497
837388 296412
841227 299496
842383 301164
841957 303255
842648 303639
845816 305853
846881 307740
851130 310530
853690 309879
855474 313908
858484 313815
864453 316407
863925 318216
863730 318237
864543 318030
863040 317325
865016 318765
863839 316293
862262 319329
862811 319620
861394 318678
865123 320103
865399 320742
872566 323244
871757 323826
874957 326172
878771 326943
878720 326928
877601 324216
883013 327903
880845 329184
884557 329685
886539 329994
886618 329976
887321 331770
891373 332172
890730 329646
890430 332589
892493 331524
890770 331182
890416 331641
888626 330456
886448 331305
887406 328266
884126 329406
883835 328464
884778 329829
883742 326175
884608 329838
883182 329178
885117 330021
881924 325239
883903 329001
886121 330507
883254 329652
893789 331782
891203 328359
892626 332661
892986 332961
895038 333666
897258 334575
897868 335373
901572 337770
902528 337986
902482 337926
903172 338454
899658 333798
903284 338151
905625 338253
909306 339399
903541 332337
907033 339342
906803 335997
909741 340161
909250 337425
909659 339753
910525 341988
910262 338571
913555 340398
915113 340686
914246 340263
917356 340701
912034 341094
916219 339912
914530 340914
918183 341919
913041 340800
912974 335832
915678 339918
