143796 27843
148483 36804
152803 45912
155825 52071
157937 56238
159385 59793
160472 61425
160950 62679
161478 63387
162967 65091
164048 65748
164580 66348
164817 67101
164460 66270
165145 67413
166092 68205
166922 69072
166562 68157
168697 69852
167949 70293
168860 69594
169883 70842
169201 70185
170432 70947
169772 71112
169584 70641
168200 70068
168911 71220
168753 71103
170050 71115
171468 71664
170897 72210
171507 72441
172391 72588
172747 72861
173443 73101
173717 73068
173974 73248
174028 73788
174953 73707
174392 72513
176198 73902
175673 74190
175535 73374
175620 74130
175793 74019
173739 73398
175117 74013
175497 73719
176187 73644
173399 73524
173862 73293
173970 73743
174806 73536
173504 72231
173912 73407
174196 73470
174129 72945
174056 74442
175109 72942
175005 73953
176305 74400
177220 74727
177780 74682
176032 74823
177987 74886
177857 74742
177677 75369
177796 75231
176893 75249
179137 75819
179307 75714
177410 74925
180616 75921
179822 74847
180098 75525
180179 75717
180984 76002
180792 76140
180117 74472
182358 76176
181302 75972
181675 76029
180883 75261
179909 76107
180874 76260
179878 75657
182251 76086
180457 76191
180857 76053
180367 75768
181545 75876
178680 74448
179593 75543
179119 75657
180661 75306
180436 75216
180095 75540
179178 75504
179449 74943
