33682 7740
34935 9996
36165 12453
36973 13875
37582 15498
37568 15972
38164 16707
38067 17208
38354 16845
38726 17766
39032 17838
38901 17901
39382 18312
39505 18378
39386 18042
39035 18606
39475 18624
39661 18870
39835 18984
39899 18759
40688 19167
39848 18717
40991 19128
40802 19287
40676 19128
40986 19404
40740 19395
40604 19398
40536 19353
40459 19389
41057 19392
40640 19140
40867 19623
41331 19653
40779 19773
41265 19554
41122 19962
41413 19902
41506 19806
41854 20022
41757 19473
42162 20169
42591 20196
41976 20085
42160 20169
42848 20223
41668 19335
42803 20265
42513 20214
41555 20133
42356 20205
42622 20067
42100 20142
42579 20028
42799 19923
42092 20094
42473 20013
41712 20007
42144 20067
42083 20067
41493 19662
42007 20085
41255 19704
41802 20103
42290 20217
42596 20034
42613 20181
42375 20394
42497 19980
42977 20256
43380 20259
43232 20316
43298 20649
43649 20661
43592 20421
42214 20574
43045 20544
43357 20367
43191 20577
43701 20436
43763 20619
43181 19992
43591 20481
42855 20073
44745 20511
43673 20481
43715 20400
43954 20790
43444 20559
43313 20445
43152 20424
43299 20706
43587 20736
43622 20484
44431 20586
43368 20373
44229 20529
43333 20538
43565 20811
43275 20547
