46312 9939
48193 13485
49987 16692
50763 18831
51691 20691
52032 21627
52141 22413
52542 22083
52914 23358
53319 23694
53574 23736
53461 23802
53781 24279
54115 24276
54699 24792
54631 25080
54980 25080
54566 24858
54542 25170
55074 25041
55095 25371
55223 25497
55518 25608
55466 25290
56080 25899
56179 25737
55943 26106
56235 26229
56467 25575
56604 26304
56701 26133
56848 26382
56446 26190
56866 26457
56777 26052
56904 26406
56760 26178
55902 26607
56572 25782
56805 26205
56656 26355
56374 26379
56792 26304
57218 25803
56394 26790
57701 26466
57112 26874
57507 26769
57582 26343
57909 26964
57784 26850
59506 27030
57601 27066
58332 27006
58597 27114
58540 27096
58699 27066
58716 27387
59473 27567
58088 27207
60196 27432
59768 27219
58618 27282
59037 27378
59438 27279
58102 26604
59675 27045
59063 27378
59001 26466
59088 26880
58479 26898
58688 26916
59123 27051
58722 27186
57941 26973
58777 26130
58392 26922
58038 26496
58973 27225
58880 27105
58106 26742
58101 26883
59276 26979
58174 26094
58091 27054
58912 26322
58972 27231
57712 27231
59819 26274
59279 27339
58667 27420
59105 27420
59139 27249
60095 27201
60084 27363
58078 27603
59270 27753
58757 27828
59582 27669
60593 27639
