352048 1012880
395632 969296
395795 969133
396003 968925
395992 968936
395445 969483
395964 968964
395796 969132
395943 968985
395576 969352
395919 969009
395905 969023
395327 969601
395895 969033
394753 970175
395871 969057
395812 969116
395843 969085
395837 969091
395517 969411
395696 969232
395798 969130
395563 969365
395832 969096
395814 969114
395782 969146
395639 969289
395756 969172
394788 970140
395737 969191
395722 969206
395284 969644
395698 969230
395209 969719
395688 969240
395510 969418
395441 969487
395649 969279
395642 969286
395620 969308
395613 969315
395600 969328
395589 969339
395574 969354
395644 969284
395403 969525
395591 969337
395590 969338
395622 969306
395577 969351
395571 969357
395556 969372
395556 969372
395145 969783
395480 969448
395523 969405
395508 969420
395199 969729
395484 969444
395469 969459
395439 969489
395420 969508
395435 969493
394953 969975
395411 969517
394799 970129
395423 969505
395178 969750
395234 969694
395384 969544
395393 969535
395356 969572
395353 969575
395335 969593
395308 969620
395311 969617
395288 969640
395301 969627
395029 969899
395334 969594
395262 969666
395248 969680
394811 970117
395226 969702
395225 969703
395202 969726
394513 970415
395323 969605
395328 969600
395057 969871
395304 969624
395292 969636
394998 969930
395088 969840
395255 969673
394857 970071
395231 969697
395293 969635
395222 969706
395144 969784
