234708 691756
265633 660831
265678 660786
265010 661454
265652 660812
265602 660862
265454 661010
265618 660846
265604 660860
265270 661194
265590 660874
265578 660886
265359 661105
265556 660908
265542 660922
265234 661230
265516 660948
264787 661677
265517 660947
265505 660959
265348 661116
265483 660981
265003 661461
265457 661007
265443 661021
265442 661022
265136 661328
265416 661048
265402 661062
264687 661777
265379 661085
264946 661518
265412 661052
265299 661165
265164 661300
265372 661092
265217 661247
265350 661114
265273 661191
264884 661580
265323 661141
265340 661124
265297 661167
265283 661181
264954 661510
265295 661169
265174 661290
265262 661202
265248 661216
265236 661228
265103 661361
265214 661250
265200 661264
265126 661338
265174 661290
264999 661465
265159 661305
265147 661317
264359 662105
265124 661340
265110 661354
265007 661457
265204 661260
265150 661314
265239 661225
264990 661474
265156 661308
265142 661322
264607 661857
265116 661348
265126 661338
265102 661362
265044 661420
265146 661318
265068 661396
265054 661410
264856 661608
265028 661436
265062 661402
265029 661435
265025 661439
265003 661461
264995 661469
264494 661970
264969 661495
264955 661509
264740 661724
264940 661524
264928 661536
264769 661695
264905 661559
264864 661600
264879 661585
264924 661540
264348 662116
264898 661566
264884 661580
264876 661588
264488 661976
264850 661614
