5044 14908
5997 13955
6024 13928
6017 13935
5996 13956
5946 14006
5996 13956
5986 13966
5921 14031
5985 13967
5951 14001
5969 13983
5960 13992
5950 14002
5954 13998
5933 14019
5932 14020
5953 13999
5944 14008
5924 14028
5928 14024
5913 14039
5936 14016
5909 14043
5886 14066
5928 14024
5896 14056
5889 14063
5873 14079
5877 14075
5890 14062
5861 14091
5852 14100
5935 14017
5895 14057
5888 14064
5879 14073
5909 14043
5867 14085
5860 14092
5886 14066
5856 14096
5847 14105
5860 14092
5831 14121
5870 14082
5819 14133
5850 14102
5813 14139
5832 14120
5814 14138
5807 14145
5813 14139
5795 14157
5829 14123
5782 14170
5770 14182
5782 14170
5765 14187
5765 14187
5749 14203
5767 14185
5758 14194
5745 14207
5843 14109
5834 14118
5832 14120
5873 14079
5815 14137
5806 14146
5818 14134
5790 14162
5795 14157
5786 14166
5782 14170
5776 14176
5767 14185
5796 14156
5751 14201
5817 14135
5762 14190
5753 14199
5823 14129
5737 14215
5734 14218
5725 14227
5723 14229
5758 14194
5713 14239
5718 14234
5697 14255
5688 14264
5699 14253
5675 14277
5711 14241
5719 14233
5710 14242
5703 14249
5728 14224
5703 14249
