79 42
84 63
92 78
84 51
109 96
113 96
104 96
125 84
135 90
95 93
101 90
92 93
106 84
112 96
108 99
102 96
93 93
96 90
90 75
92 63
90 57
85 48
91 63
94 75
110 84
95 81
113 93
107 90
119 90
101 81
120 90
93 96
118 78
138 84
114 90
102 93
96 90
90 99
104 90
88 69
91 69
80 45
76 42
93 66
94 72
108 78
97 102
114 93
104 96
105 84
116 93
114 96
106 102
94 90
130 90
113 90
108 96
97 96
100 90
83 87
101 78
89 63
82 42
92 57
82 60
100 60
109 84
90 93
118 87
116 96
136 87
119 84
100 96
94 99
117 87
90 96
122 93
108 90
98 102
93 99
115 81
98 78
85 60
86 60
85 57
87 75
90 57
95 84
96 96
122 87
127 87
121 87
117 87
118 87
98 93
124 96
111 87
111 90
118 90
109 93
