466448 79665
481557 106914
495408 133080
502487 151638
510214 165726
512748 172176
514654 178638
517587 181950
520432 186576
521265 187374
523673 191256
524356 193170
527009 192771
530711 196965
532038 198594
532768 197751
536246 200574
535953 200466
534427 201789
534716 202680
535747 203112
536953 203388
538798 204825
540049 206226
542653 207273
544513 206805
544499 208515
546296 208653
547346 209862
550116 210966
550683 210045
552466 211767
552836 211206
551724 211401
552924 211260
551826 211788
549178 211782
547792 207513
549745 211674
547845 211620
547482 209985
549973 211716
549301 210039
552933 212700
553983 213513
555372 214512
556469 214080
557399 215421
560218 216171
559936 217197
560542 216462
560835 215070
563302 217083
563997 217302
560712 215196
564569 218712
562002 214599
568401 218586
565462 219285
566417 217605
569932 219066
568432 219462
568288 219066
565345 217734
566858 219555
564808 216336
563422 218628
568158 218484
565500 218292
565511 217209
563534 217629
563986 216621
567601 217731
565445 216834
563379 216096
560593 216897
563236 216438
564808 217635
564709 216846
563073 216813
564665 216948
564465 217611
563195 216531
564644 217380
564785 216705
566148 217551
567691 217653
569796 218202
568966 218823
566825 217608
568231 219774
571036 218406
572661 219273
573333 220194
573022 221280
572726 219174
574705 221754
576422 221703
574835 222168
576653 221586
