86823 17646
89809 23454
92898 29034
94427 33243
96133 35910
96939 37623
97337 39186
97839 39837
98496 40278
98675 41262
99449 41550
99505 42456
99494 42423
101549 43017
101294 43116
101044 43617
100790 43878
101283 43593
101072 44277
102564 44298
101691 44493
102452 44130
102077 45300
103030 45288
103491 44580
104315 45441
104231 45123
104570 45792
104060 45300
104353 45750
104718 45543
105243 45930
103904 46041
103826 45684
104352 46065
104273 45858
104410 45564
104421 46329
104745 45993
106441 46329
106062 46713
106449 46170
105811 46275
105767 47025
107128 47271
108123 47100
106619 47556
107617 46692
107270 47499
109271 47346
106884 47391
105682 46614
107767 46755
107727 47544
108769 47802
108381 47115
107258 47550
109474 47439
108191 47313
107641 47328
106473 47250
108103 47373
106377 46224
108885 47202
106882 47262
107733 46806
107686 47484
108195 46929
107484 47376
106680 47157
107527 46665
107286 46881
106815 47313
105634 47346
107442 47025
107147 47532
106270 47151
109265 47109
110341 47391
107643 47730
109970 47586
108919 47490
108424 47979
108148 47487
110110 48222
110774 48597
110078 47715
110352 48504
110161 48291
110189 47784
110521 47952
110820 48123
110116 47904
110002 48663
111894 47922
110747 48462
111351 48186
110721 48327
110198 47754
110303 48594
