403197 70230
416219 93522
427968 116559
433309 133017
440810 144828
443242 151467
444990 156969
448766 159201
449813 162363
452103 165066
453196 167247
454712 167841
457038 171057
459600 172326
460789 173613
461053 174375
459310 173721
461044 175512
460736 174567
464354 177378
466658 178272
466924 179631
467798 179781
471183 180108
471379 181620
472760 182472
473097 182217
474976 182871
473753 183294
475216 183516
473121 180720
472845 183771
474131 181680
472784 183534
472512 183810
474362 183723
473703 184224
474334 184494
474231 184191
478788 186036
479830 186249
481336 187845
480469 186774
482534 187206
483030 188826
482315 189369
481955 186930
484820 189447
485670 189828
484721 189321
486828 189498
487911 190713
489089 190632
489275 190683
488941 190437
488329 191163
489344 191346
487367 187695
488027 190752
484682 188073
487219 189576
486583 189783
487116 189516
485473 190119
486786 189810
486150 187467
486181 189108
484919 188991
484393 189489
485585 189279
482971 187758
486509 189393
485238 189207
486515 187146
486972 189441
488282 190092
490516 189486
491958 189873
489441 189318
489783 191763
490691 191832
494733 192765
493795 192714
496270 190539
492492 193362
494564 193707
499558 192012
496583 193320
496585 193581
498167 194475
498324 193932
499879 194025
498627 193557
499044 194139
497828 194406
497773 194646
498066 194601
501324 194544
499057 194511
498470 195006
