220044 642420
248868 613596
249014 613450
248264 614200
248988 613476
248638 613826
248966 613498
248954 613510
248451 614013
248870 613594
248925 613539
248913 613551
248759 613705
248890 613574
248615 613849
248864 613600
248877 613587
248671 613793
248851 613613
248801 613663
248828 613636
248830 613634
248697 613767
248800 613664
248786 613678
248604 613860
248760 613704
248551 613913
248721 613743
248503 613961
248766 613698
248752 613712
248359 614105
248610 613854
248717 613747
248154 614310
248691 613773
248689 613775
248675 613789
248419 614045
248649 613815
248582 613882
248626 613838
248067 614397
248626 613838
248111 614353
248600 613864
248586 613878
248577 613887
248173 614291
248551 613913
248595 613869
248535 613929
248437 614027
248509 613955
248500 613964
248300 614164
248474 613990
248439 614025
248558 613906
248546 613918
248372 614092
248524 613940
248510 613954
248353 614111
248484 613980
248533 613931
248493 613971
248457 614007
248193 614271
248434 614030
248420 614044
247902 614562
248421 614043
248407 614057
248395 614069
248272 614192
248271 614193
248358 614106
248346 614118
248385 614079
248330 614134
247955 614509
248304 614160
248295 614169
247694 614770
248269 614195
248310 614154
248379 614085
248284 614180
247998 614466
248261 614203
248061 614403
248235 614229
248248 614216
248265 614199
248207 614257
248282 614182
248184 614280
248228 614236
