392388 1142540
441371 1093557
441356 1093572
441189 1093739
441332 1093596
441087 1093841
441304 1093624
441156 1093772
441284 1093644
441271 1093657
441260 1093668
440345 1094583
441232 1093696
441239 1093689
440455 1094473
441211 1093717
440711 1094217
441185 1093743
441172 1093756
441003 1093925
441152 1093776
441159 1093769
440877 1094051
441113 1093815
441100 1093828
440723 1094205
441116 1093812
441107 1093821
441089 1093839
441077 1093851
441021 1093907
441059 1093869
441044 1093884
440883 1094045
441016 1093912
440789 1094139
440734 1094194
440999 1093929
440984 1093944
440732 1094196
440960 1093968
440945 1093983
440738 1094190
440958 1093970
440912 1094016
440899 1094029
440725 1094203
440873 1094055
440607 1094321
440939 1093989
440827 1094101
440911 1094017
440385 1094543
440885 1094043
440872 1094056
440867 1094061
440893 1094035
440875 1094053
440777 1094151
440813 1094115
440511 1094417
440807 1094121
440792 1094136
440477 1094451
440771 1094157
440631 1094297
440740 1094188
440735 1094193
440720 1094208
440320 1094608
440696 1094232
440681 1094247
440594 1094334
440699 1094229
440463 1094465
440671 1094257
440660 1094268
440102 1094826
440632 1094296
440627 1094301
440612 1094316
440661 1094267
440492 1094436
440573 1094355
440467 1094461
440611 1094317
440552 1094376
440539 1094389
440483 1094445
440270 1094658
440582 1094346
440536 1094392
440480 1094448
440332 1094596
440456 1094472
439693 1095235
440428 1094500
440603 1094325
440519 1094409
440575 1094353
