450795 77466
465181 103656
479395 129576
484930 147093
492028 160335
496080 167709
497226 173070
499403 174075
503679 180249
504667 182685
505420 184995
508100 186552
509805 189252
510601 189285
515708 192159
515973 193716
515168 192528
516534 194475
517365 195720
517403 195747
516314 194685
519569 198171
519788 198318
523505 200400
522831 198300
527047 201723
526841 200076
529413 202917
529051 200844
530665 204597
531378 203940
532478 204096
532736 204801
533493 204444
530457 202440
530718 204543
529725 204240
530645 203997
528347 204324
530194 204516
529462 204444
532770 205617
532423 205479
535746 206145
533910 205626
535913 208329
538728 208668
540127 206724
543113 209367
543178 210240
541407 210048
543119 210804
542624 210465
544232 211218
544379 210522
550306 211629
542126 211038
551159 212001
546467 211860
547663 212040
548403 212313
547846 212691
548959 210726
546199 212607
545007 207267
547609 211653
547205 210564
545554 211077
545024 208953
544743 210003
545779 210612
545226 210723
544250 209661
543720 209607
543035 209721
543038 210048
543620 210279
544740 209751
544746 209286
544020 210333
541724 209685
544717 209784
548752 210471
549485 210462
547392 211509
546521 211578
548230 211854
549954 212055
550477 209748
551082 211863
552962 213246
553877 213075
552799 214638
554270 214038
554820 214044
555752 214599
554105 215793
554136 214305
554122 215457
558403 215292
