729285 121038
751106 160257
771389 201366
783308 227547
791996 247596
795155 259107
802255 268416
805032 273192
809087 278616
811004 283449
815341 287826
818007 291714
821485 293460
822738 294879
822655 295092
823869 297783
826528 299664
829348 301740
831790 302424
834516 305991
837042 307986
840486 306936
844419 309768
845037 311136
844849 311649
844354 311286
844336 312378
843527 311562
843774 312333
843028 311688
842437 312702
844678 312351
846816 312900
849539 315522
852485 317433
854677 316518
855997 318081
860876 320103
857789 321639
857337 321045
861243 320016
867116 322401
865156 320877
867647 323955
867604 324102
870371 325035
872552 325338
871839 322482
870626 324480
871581 324492
870308 322920
870003 323754
870124 323508
866061 324522
866176 319986
867623 323325
865011 322680
865128 320667
863641 321819
862502 323145
861912 321240
864236 322299
863586 319875
866148 323436
867437 323340
868029 325143
870571 324855
871518 323700
870728 326724
874715 327477
877516 328800
877671 328617
879400 328338
882064 330966
880381 328239
887024 331113
884284 330621
886971 331239
886557 331227
886629 331032
886123 331356
885483 329757
884699 331395
886130 332187
889235 332709
893725 331173
892543 333528
892215 333240
893328 333582
895108 332784
890364 333576
894510 334494
892478 333297
898855 334116
894017 334038
893641 333342
893799 331638
889821 332769
890738 332973
891682 332721
