679539 113967
700045 150207
717770 187920
730534 213228
738558 232839
741253 243669
747844 251355
750112 255930
753662 261654
758501 265908
760552 268713
764412 272730
765686 274317
765528 275082
768046 277068
769789 279996
771884 280431
773946 283698
774695 282756
780529 287445
783083 288756
786436 289578
785575 286533
786127 290931
785026 289947
787139 289755
785055 290940
784396 290895
785143 291732
786426 293100
787173 293886
791046 292329
793013 295758
794345 297285
798663 298818
796376 297447
801273 299538
801654 300522
805474 301053
805196 301053
805439 301419
807494 302835
810780 303501
811050 304059
810027 303651
809802 303453
809700 303465
809287 303210
808790 302736
805763 300762
804604 302304
808503 301773
805449 301962
806784 301794
804025 301527
804521 300657
802981 299331
805074 301284
805204 301026
808390 301563
806291 303912
810539 302904
814521 303852
814397 305547
812220 305289
814726 306942
817426 306975
817000 305856
823513 308457
821651 309306
822283 308925
819230 308481
820412 310002
823844 308715
825964 309999
824343 309564
825400 310116
825450 310332
829742 310893
825545 309654
828932 309144
832773 312669
825137 309048
831624 311940
830136 311616
830819 311214
832681 312342
833275 311055
830227 312456
832079 310767
832011 311499
831499 311172
829596 311745
828552 310269
828630 310947
822784 307491
828943 310098
826995 309408
826335 308808
828651 309768
