106364 310868
121252 295980
121336 295896
120925 296307
121248 295984
121305 295927
121292 295940
120892 296340
121268 295964
121268 295964
121048 296184
121238 295994
121115 296117
121223 296009
120965 296267
121152 296080
121214 296018
121217 296015
121190 296042
120867 296365
121170 296062
121177 296055
121055 296177
121024 296208
121133 296099
121090 296142
121109 296123
121051 296181
120841 296391
121075 296157
120888 296344
121108 296124
121016 296216
121065 296167
121071 296161
120927 296305
121051 296181
121059 296173
120966 296266
121027 296205
121014 296218
120991 296241
120945 296287
120982 296250
120590 296642
120958 296274
121017 296215
120959 296273
120952 296280
120899 296333
120927 296305
120914 296318
120903 296329
120802 296430
120876 296356
120858 296374
120865 296367
120693 296539
120844 296388
120797 296435
120885 296347
120923 296309
120919 296313
120899 296333
120857 296375
120879 296353
120868 296364
120806 296426
120855 296377
120675 296557
120831 296401
120761 296471
120810 296422
120854 296378
120786 296446
120727 296505
120821 296411
120777 296455
120810 296422
120799 296433
120743 296489
120733 296499
120649 296583
120720 296512
120707 296525
120767 296465
120683 296549
120550 296682
120662 296570
120552 296680
120695 296537
120682 296550
120391 296841
120658 296574
120498 296734
120657 296575
120627 296605
120614 296618
120361 296871
120601 296631
