515642 87654
530933 115983
546469 146547
554206 165807
560891 182370
565551 188679
568422 194982
570903 199545
572967 202632
576479 206931
577073 209592
579293 210828
580735 212475
583455 215100
586310 217560
586948 216354
590973 220329
592576 220479
591992 221820
592572 222186
592330 222117
591774 223359
591488 219864
593051 224829
596291 226041
598498 227145
599673 228252
602149 227148
604276 229134
604793 230388
606038 230835
607607 230820
610457 232341
609953 231384
610824 232770
610634 232398
612221 232197
607507 232053
608162 232632
608328 229362
607917 232182
608231 232650
606160 231348
607402 232581
606817 231546
608664 231576
610052 232380
609921 233655
609554 233397
614150 234738
614775 235881
615469 235197
618840 237180
615165 235185
620184 237564
622927 237801
620248 238959
621704 238779
622993 238845
623093 235671
623814 239787
623454 237402
626818 239784
627144 240528
623728 235899
627856 240432
626841 239724
629670 240852
628664 239943
628325 240396
627168 240531
626918 240339
627863 240720
623139 236049
626838 240408
624445 237378
623202 238938
628203 239439
623834 237276
622657 238995
621040 239076
622015 238809
624695 237258
624061 237855
622333 236100
622427 237681
625924 238728
622590 236898
622171 238095
623030 237789
625308 237762
624866 237885
624107 238194
628038 237180
627569 238713
628317 238656
626784 239649
629639 239436
628882 240099
628408 240432
