112704 334528
128689 318543
128676 318556
128330 318902
128496 318736
128645 318587
128193 319039
128621 318611
128608 318624
128446 318786
128596 318636
128520 318712
128482 318750
128565 318667
128475 318757
128541 318691
128260 318972
128545 318687
128532 318700
128285 318947
128508 318724
128212 319020
128488 318744
128477 318755
128464 318768
128410 318822
128465 318767
128377 318855
128428 318804
128421 318811
128171 319061
128397 318835
128384 318848
128432 318800
128297 318935
128411 318821
128228 319004
128251 318981
128375 318857
128364 318868
128108 319124
128352 318880
128176 319056
128328 318904
127940 319292
128308 318924
128295 318937
128284 318948
128014 319218
128287 318945
128274 318958
128190 319042
128250 318982
128058 319174
128230 319002
128263 318969
128206 319026
128168 319064
128241 318991
128210 319022
128169 319063
128167 319065
128148 319084
128190 319042
128247 318985
127954 319278
128223 319009
128275 318957
128203 319029
128190 319042
128019 319213
128166 319066
128189 319043
128154 319078
128070 319162
128155 319077
128123 319109
128110 319122
127919 319313
128086 319146
128180 319052
128089 319143
128078 319154
128095 319137
128058 319174
128045 319187
128047 319185
127979 319253
128098 319134
128008 319224
127926 319306
127984 319248
128008 319224
127963 319269
128036 319196
127894 319338
127986 319246
127975 319257
127962 319270
127916 319316
