129324 25374
133771 33201
137927 42027
140685 47229
141986 51996
142956 54171
144219 55932
144538 56253
145469 58341
146328 59325
147273 59691
147131 59739
148151 60810
147914 61194
149421 61737
149980 62274
149832 62424
151094 63078
150665 63573
151151 63861
151699 62298
151881 63903
152635 64095
152474 64218
151526 64704
151656 63915
151776 64653
153057 64908
153520 64479
154484 65022
153903 65817
153691 65226
155003 66120
155998 66285
155447 66057
155357 65931
156829 66888
157247 66900
156954 66672
157304 66393
157730 66792
156277 66717
157385 67062
157182 66666
156798 66999
156366 65520
156892 66696
156692 66684
156234 66048
156905 66573
156904 66720
156021 65973
155430 66939
156703 66582
158527 67350
156135 66081
158336 67503
157871 67350
158704 67521
157934 67770
158788 68607
160695 68205
159849 67743
159455 68022
160258 67878
161808 68139
161317 67848
161845 69063
160517 68088
160293 68667
160454 68691
162790 68850
161384 69108
161138 68904
161699 68904
161332 68757
161128 68523
159692 68595
162648 68847
164133 68838
160693 68277
162965 68907
161055 68781
161384 68733
161357 68577
161375 69078
161841 68676
161800 68421
160368 68412
160186 67893
160729 68109
159864 68199
161484 67725
160056 67908
160331 67788
162063 68265
159907 68013
161073 67848
160904 68088
159512 67965
