197072 569392
223056 543408
222758 543706
223030 543434
223016 543448
222657 543807
222533 543931
222981 543483
222915 543549
222964 543500
222952 543512
222254 544210
222928 543536
222916 543548
222536 543928
222916 543548
222900 543564
222809 543655
222737 543727
222863 543601
222853 543611
222815 543649
222834 543630
222591 543873
222812 543652
222448 544016
222545 543919
222821 543643
222809 543655
222795 543669
222664 543800
222772 543692
222516 543948
222746 543718
222385 544079
222729 543735
222561 543903
222707 543757
222693 543771
222361 544103
222690 543774
222433 544031
222664 543800
222654 543810
222418 544046
222628 543836
222624 543840
221994 544470
222598 543866
222449 544015
222303 544161
222562 543902
222648 543816
222634 543830
222647 543817
222608 543856
222513 543951
222577 543887
222545 543919
222570 543894
222556 543908
222200 544264
222534 543930
222520 543944
222508 543956
222501 543963
222452 544012
222492 543972
222544 543920
222469 543995
222234 544230
222443 544021
222459 544005
222145 544319
222414 544050
222425 544039
222282 544182
222419 544045
222413 544051
222423 544041
222378 544086
222392 544072
222388 544076
222350 544114
222072 544392
222335 544129
221966 544498
222309 544155
222332 544132
222285 544179
222245 544219
222282 544182
222347 544117
222256 544208
222258 544206
222216 544248
222220 544244
222240 544224
222256 544208
222190 544274
