148016 426448
167984 406480
167869 406595
167976 406488
167824 406640
167951 406513
167426 407038
167931 406533
167919 406545
167856 406608
167896 406568
167528 406936
167886 406578
167880 406584
167718 406746
167851 406613
167845 406619
167731 406733
167819 406645
167809 406655
167796 406668
167470 406994
167807 406657
167794 406670
167784 406680
167616 406848
167443 407021
167751 406713
167556 406908
167729 406735
167716 406748
167698 406766
167706 406758
167513 406951
167684 406780
167690 406774
167553 406911
167335 407129
167639 406825
167629 406835
167291 407173
167679 406785
167699 406765
167599 406865
167643 406821
167630 406834
167107 407357
167610 406854
167524 406940
167588 406876
167306 407158
167579 406885
167565 406899
167537 406927
167543 406921
167530 406934
167527 406937
167392 407072
167498 406966
167480 406984
167475 406989
167498 406966
167514 406950
167121 407343
167462 407002
167449 407015
167443 407021
167435 407029
167449 407015
167409 407055
167320 407144
167397 407067
167315 407149
167371 407093
167201 407263
167348 407116
167377 407087
167329 407135
166968 407496
167305 407159
167446 407018
167453 407011
167420 407044
167410 407054
167420 407044
167275 407189
167377 407087
167267 407197
167394 407070
167342 407122
167408 407056
167202 407262
167320 407144
167310 407154
167289 407175
167291 407173
167343 407121
167276 407188
167344 407120
167242 407222
