9613 2499
10093 3264
10434 4188
10833 4680
10930 5172
11013 5424
10943 5403
11222 5694
11340 5691
11242 5793
11367 5892
11341 5964
11336 5985
11406 6144
11647 6192
11882 6150
11818 6180
11727 6264
11699 6243
11728 6270
11455 5880
11770 6384
11743 6393
11790 5964
11849 6534
11966 6339
12115 6420
11987 6492
12377 6366
12077 6492
12226 6459
12295 6492
12315 6228
12366 6564
12149 6594
12014 6246
12234 6492
12080 6354
11810 6444
11835 6513
12177 6456
12135 6534
12001 6477
12443 6534
12409 6567
12641 6636
11706 6651
12059 6339
12248 6594
12613 6627
12314 6705
12670 6573
12821 6621
12829 6591
12733 6678
12883 6708
12787 6681
12876 6699
12638 6732
12983 6672
12963 6699
12607 6591
13418 6612
12669 6837
12749 6624
12614 6585
12987 6711
13332 6636
13175 6744
12228 6579
13159 6666
13170 6678
12324 6585
12726 6543
12348 6603
12543 6477
12665 6540
12927 6624
12451 6612
13036 6612
12480 6687
12443 6699
12184 6360
13038 6567
12475 6582
12469 6594
12517 6504
13105 6516
12640 6510
13300 6558
12674 6561
12881 6594
13101 6645
13329 6585
12830 6555
12701 6792
12970 6375
13048 6567
12608 6753
12793 6591
