247940 45222
255744 59589
263204 75447
267822 84906
271212 93705
274119 97428
275370 100143
276713 102375
277420 105129
279703 106212
279515 107241
279661 107322
281654 109155
283427 110010
284233 111225
284548 111723
285934 113319
286521 113739
287844 113265
288095 114843
285620 114183
287143 114582
287749 115077
287134 114336
288747 115599
289777 116742
290249 116325
292389 117237
293516 117903
293377 118056
294692 118590
294577 119241
295187 119367
295386 118170
299192 119838
297374 119508
297715 119922
295429 119262
297238 119853
296297 119415
296244 119307
296602 118923
295716 119034
294668 118749
295981 119325
295761 119739
295592 118308
296556 119697
297402 120102
297375 120294
296498 120678
301015 120219
299579 121203
300706 121656
301036 122061
303315 122727
298787 120471
302382 122778
302126 122721
302980 122202
303446 122220
302410 122484
303322 123171
302839 122223
305328 123201
306187 123822
306432 123450
307370 123735
303780 124146
305807 124077
305362 123882
304919 122424
304394 123402
306606 123390
303845 122256
303998 123612
305509 123291
304350 122835
305999 122763
302824 123456
304957 122952
302857 121155
302998 122574
304017 121899
302102 123030
304739 122208
304581 122346
304223 122244
305070 122352
303099 122355
302773 122787
305020 121896
299688 119376
303982 122556
304208 122247
304342 119724
303575 122697
305817 123108
307669 123324
304784 122601
