325150 58008
335434 76848
344927 96651
350582 108273
355317 118998
357372 125274
359713 128130
361835 130950
363378 133617
364106 136104
367946 137634
368546 139287
369269 140244
369187 141012
369226 141912
370719 141603
371962 144129
372243 143775
374800 144342
376862 146817
377410 147591
378298 147420
379880 147168
380047 148662
380201 149154
377882 147504
379805 148977
380063 148428
379364 148884
379170 149292
379056 149805
380130 148353
383412 151269
382286 151371
383011 152265
386306 152532
386362 153270
386659 151953
389065 153366
390036 154344
387320 151551
390704 154644
391140 154518
392107 155214
392048 154401
391415 155388
392721 154755
391290 154545
391063 154803
390933 154338
388992 154698
391575 153930
389157 154629
388364 153312
386976 154455
389786 153483
388430 154182
389003 154155
389888 153984
389071 154971
390282 155097
392321 154275
392244 155733
390632 153708
394307 155550
392833 154710
395563 156672
395170 156348
395551 157530
395526 157665
397637 158124
397308 157791
397164 157989
397989 156423
398913 157563
399063 158022
397407 157908
399264 158088
398285 158559
396997 156915
402115 159099
402107 159630
401874 157356
401594 159147
401353 158739
400238 158925
405073 159837
403877 159675
403384 158991
403975 160011
405431 159684
403685 160257
403560 158745
401424 159939
401599 158352
400105 158751
401276 158913
402599 158847
401681 158400
397794 157458
