279184 813744
315167 777761
315098 777830
315139 777789
314582 778346
315114 777814
314589 778339
315093 777835
315088 777840
315067 777861
314766 778162
315053 777875
314931 777997
315029 777899
314564 778364
315008 777920
314821 778107
314982 777946
314562 778366
314863 778065
314972 777956
314622 778306
314914 778014
314843 778085
314927 778001
314913 778015
314543 778385
314887 778041
314888 778040
314642 778286
314875 778053
314849 778079
314860 778068
314538 778390
314814 778114
314802 778126
314788 778140
314638 778290
314827 778101
314814 778114
314422 778506
314510 778418
314782 778146
314752 778176
314756 778172
314427 778501
314743 778185
314728 778200
314715 778213
314530 778398
314702 778226
314683 778245
314669 778259
314657 778271
314352 778576
314661 778267
314605 778323
314633 778295
314622 778306
314225 778703
314637 778291
314587 778341
314594 778334
314481 778447
314562 778366
314548 778380
314596 778332
314522 778406
314550 778378
314546 778382
314488 778440
314499 778429
314651 778277
314510 778418
314570 778358
314459 778469
314545 778383
314538 778390
314514 778414
314512 778416
313948 778980
314499 778429
314448 778480
314471 778457
314491 778437
314264 778664
314439 778489
314372 778556
314413 778515
314399 778529
314417 778511
314402 778526
314420 778508
314012 778916
314364 778564
314451 778477
314343 778585
314331 778597
313914 779014
314318 778610
