92036 265196
104961 252271
105008 252224
104703 252529
104964 252268
104976 252256
104963 252269
104890 252342
104950 252282
104938 252294
104795 252437
104800 252432
104904 252328
104893 252339
104852 252380
104780 252452
104880 252352
104709 252523
104859 252373
104862 252370
104647 252585
104833 252399
104820 252412
104760 252472
104795 252437
104787 252445
104801 252431
104812 252420
104825 252407
104788 252444
104646 252586
104767 252465
104660 252572
104748 252484
104705 252527
104735 252497
104717 252515
104708 252524
104654 252578
104615 252617
104694 252538
104605 252627
104670 252562
104554 252678
104648 252584
104555 252677
104634 252598
104552 252680
104610 252622
104471 252761
104588 252644
104577 252655
104516 252716
104651 252581
104674 252558
104627 252605
104673 252559
104628 252604
104595 252637
104602 252630
104580 252652
104529 252703
104547 252685
104547 252685
104538 252694
104347 252885
104534 252698
104523 252709
104417 252815
104502 252730
104484 252748
104478 252754
104529 252703
104463 252769
104452 252780
104421 252811
104474 252758
104392 252840
104455 252777
104514 252718
104458 252774
104418 252814
104320 252912
104397 252835
104466 252766
104384 252848
104275 252957
104360 252872
104351 252881
104056 253176
104326 252906
104337 252895
104397 252835
104313 252919
104304 252928
104291 252941
104280 252952
104353 252879
104264 252968
104269 252963
