307140 887788
346123 848805
346108 848820
345835 849093
346084 848844
346071 848857
345498 849430
346048 848880
346035 848893
345442 849486
346010 848918
346013 848915
345998 848930
345650 849278
345974 848954
345759 849169
345953 848975
345938 848990
345877 849051
345561 849367
345910 849018
345922 849006
345700 849228
345894 849034
345894 849034
345869 849059
345280 849648
345847 849081
345762 849166
345823 849105
345809 849119
345826 849102
345796 849132
345657 849271
345772 849156
345482 849446
345751 849177
345499 849429
345607 849321
345711 849217
345635 849293
345760 849168
345763 849165
345732 849196
345718 849210
345711 849217
345185 849743
345683 849245
345672 849256
345564 849364
345496 849432
345556 849372
345632 849296
344986 849942
345607 849321
345600 849328
345572 849356
345574 849354
345600 849328
345581 849347
345566 849362
345374 849554
345542 849386
345060 849868
345521 849407
345485 849443
345493 849435
345506 849422
345115 849813
345470 849458
345518 849410
345345 849583
345431 849497
345417 849511
344476 850452
345396 849532
345417 849511
345386 849542
345506 849422
345491 849437
345116 849812
345467 849461
345387 849541
345515 849413
345431 849497
345418 849510
345474 849454
345416 849512
345395 849533
345419 849509
345454 849474
345378 849550
345267 849661
345335 849593
345404 849524
345309 849619
345356 849572
345057 849871
345239 849689
345288 849640
