401952 1166976
451935 1116993
451271 1117657
451907 1117021
451892 1117036
451609 1117319
451867 1117061
451854 1117074
451426 1117502
451464 1117464
451822 1117106
451811 1117117
451674 1117254
451787 1117141
451732 1117196
451776 1117152
451513 1117415
451752 1117176
451737 1117191
451504 1117424
451719 1117209
451581 1117347
451691 1117237
451540 1117388
451599 1117329
451409 1117519
451684 1117244
451669 1117259
450806 1118122
451645 1117283
450981 1117947
451617 1117311
451612 1117316
451000 1117928
451507 1117421
451573 1117355
451558 1117370
451545 1117383
451044 1117884
451537 1117391
451510 1117418
451308 1117620
451498 1117430
451487 1117441
451370 1117558
451465 1117463
451242 1117686
451464 1117464
451233 1117695
451374 1117554
451494 1117434
451479 1117449
451466 1117462
451480 1117448
451432 1117496
451426 1117502
451413 1117515
450744 1118184
451394 1117534
451432 1117496
451370 1117558
451355 1117573
451340 1117588
450905 1118023
451335 1117593
451199 1117729
451311 1117617
451315 1117613
451154 1117774
451278 1117650
451263 1117665
451193 1117735
451239 1117689
450927 1118001
451211 1117717
450980 1117948
451284 1117644
451215 1117713
451204 1117724
451189 1117739
451009 1117919
450998 1117930
451156 1117772
451143 1117785
451132 1117796
451117 1117811
450291 1118637
451111 1117817
451096 1117832
451083 1117845
451159 1117769
450654 1118274
451097 1117831
451039 1117889
450688 1118240
451011 1117917
451015 1117913
451057 1117871
450972 1117956
451006 1117922
