100674 20055
104457 26664
107878 33474
109203 37482
111358 41103
112345 43245
112643 44421
113173 45615
114278 46734
114341 46812
115217 47685
115181 47577
116087 48777
116184 48996
116913 49548
117711 49545
117795 50202
117764 50304
117646 50394
118240 50538
117291 51051
118161 50478
118248 50415
119427 51429
119834 50973
120799 51696
120365 52020
121086 51213
121187 52599
120280 51489
122247 52713
121417 52836
121495 52389
121903 52314
122235 52488
120398 51888
121902 52590
121404 52695
120815 51939
121254 52719
120529 52734
121716 52650
121967 53049
121596 53100
122419 53385
122277 53430
122706 52629
124933 53484
123330 53379
124376 53853
123982 53916
125136 54057
124720 54279
125223 54735
123484 53364
125373 54534
125120 54237
125571 54330
125018 54237
125420 55062
126939 54774
125400 54630
125031 54399
126704 54333
124915 54324
124614 54558
125111 53313
125719 54744
125364 53508
125388 54096
125213 54540
125275 53940
124975 54495
124849 53589
124385 54198
124904 54042
123049 52842
124216 54237
123701 54117
125152 53988
123895 53103
125012 53931
123117 54390
124600 52383
125380 53721
125884 54345
124565 54507
125739 54873
125799 54126
125261 54420
127229 54810
126067 54756
126969 54798
126095 54942
127754 54924
128358 54762
127115 55737
127372 55029
127863 55281
128464 55254
