139 75
155 102
163 105
169 135
156 150
192 147
161 108
175 165
169 150
182 144
214 156
253 135
215 147
191 147
166 144
162 153
187 144
166 150
163 162
211 141
207 153
180 150
194 147
172 150
160 156
170 144
164 138
174 135
157 108
152 105
147 75
136 69
152 96
147 117
181 135
175 138
194 141
158 132
160 156
166 150
203 135
179 144
202 141
234 144
166 147
199 144
162 135
160 150
175 150
195 147
185 165
201 135
187 144
166 159
168 159
165 162
190 147
189 135
187 129
147 111
158 99
138 72
134 75
141 99
161 117
158 123
159 141
145 108
157 165
168 156
173 123
199 144
233 141
223 144
149 147
220 138
161 141
166 147
202 141
212 141
196 150
183 156
194 147
182 144
210 150
183 159
175 147
190 150
179 141
157 138
162 117
148 99
143 78
137 66
156 99
163 120
165 129
163 144
171 153
148 123
