613873 103485
632194 136950
648031 172401
658488 192891
666709 213147
671881 222690
674238 228072
679776 232845
681591 237555
685179 242778
688860 245349
689817 247317
689724 250161
690949 250590
693880 250239
696005 255267
699322 256896
701695 259437
704625 260118
705536 262050
707839 262656
708730 260340
707233 263889
707413 263793
706936 263037
705126 263730
708016 264600
709422 266676
711425 267123
711895 268329
714302 267621
715698 268527
718663 270480
721342 271338
721492 271050
724114 272820
725170 273852
726695 274752
726738 271545
729053 274770
728290 275622
728325 275958
726230 271347
729256 275331
729602 273816
728367 273180
727107 274212
726992 274119
725137 273915
726321 273057
723628 273183
722784 273324
722971 271275
724589 271722
725876 274842
729796 275433
730862 276453
730597 273513
736310 277278
734757 278448
737611 278868
734255 279441
737198 281091
740029 279978
737752 278601
742387 281289
742217 280971
743909 281781
741148 279159
743953 281814
744642 281982
742617 278676
746325 282477
746483 283350
749497 282936
749083 283488
747580 282228
750110 281547
749966 283398
747100 280077
749521 283926
750411 283521
752271 283314
747648 281583
749633 283437
750045 283488
747554 279528
748037 282261
745164 281790
744064 282078
743892 281505
745375 281145
741621 281307
743850 279927
744765 281094
743480 280116
745011 280629
742399 280335
741392 279723
743711 279030
