202357 37287
209602 50247
215597 62382
218578 71229
222527 76947
224080 81081
225579 83622
226533 85308
228349 87144
228263 88413
229597 89538
229484 89430
231358 91494
231776 91410
232634 93021
233153 93768
233800 93897
233993 94173
233164 94386
234454 94083
234621 95520
236362 95541
237336 96507
237796 95982
238486 96246
239698 97566
239683 97530
239306 98388
241791 98361
239771 96666
241834 98517
241361 97917
241333 98760
241458 98613
241116 98697
241469 98580
240395 98742
240114 98340
240729 98880
241531 99102
242126 98937
242160 99771
244221 99984
243474 99273
243578 100503
245160 101025
246639 101190
245643 101475
246833 100797
245936 100233
245600 101364
247382 102087
247298 102225
248704 102153
248011 101727
249411 102063
248692 102339
249392 102585
249885 102606
247750 102279
250056 102267
249287 101859
247745 101862
248686 101928
248669 101892
248425 101775
248016 101313
248254 101745
246306 101868
247233 101064
249200 101421
249234 101421
245217 100452
248328 101508
246741 100971
248325 101709
245613 100962
247011 100392
247134 100866
248822 101766
247559 101565
250502 101937
249478 102147
249410 102645
249660 102006
251870 102705
250457 102690
250911 103068
252213 103041
252355 103305
251509 103038
253538 104094
252275 104034
253144 104154
255161 104178
255825 104295
252785 102141
255535 103905
252467 104310
252713 104412
