385216 1115712
433199 1067729
433184 1067744
432512 1068416
433136 1067792
433145 1067783
432759 1068169
433127 1067801
432656 1068272
433099 1067829
433088 1067840
432751 1068177
433060 1067868
432903 1068025
433052 1067876
432562 1068366
433028 1067900
432898 1068030
433006 1067922
432941 1067987
432829 1068099
432967 1067961
432225 1068703
432941 1067987
432928 1068000
432844 1068084
432943 1067985
432562 1068366
432924 1068004
432607 1068321
432891 1068037
432761 1068167
432871 1068057
432878 1068050
432847 1068081
432524 1068404
432819 1068109
432710 1068218
432810 1068118
432452 1068476
432786 1068142
432645 1068283
432758 1068170
432480 1068448
432560 1068368
432724 1068204
432512 1068416
432491 1068437
432776 1068152
432761 1068167
432745 1068183
432737 1068191
432267 1068661
432709 1068219
432704 1068224
432303 1068625
432686 1068242
432663 1068265
432595 1068333
432637 1068291
432644 1068284
432440 1068488
432616 1068312
432517 1068411
432590 1068338
432577 1068351
432295 1068633
432557 1068371
432608 1068320
432585 1068343
432560 1068368
432505 1068423
432145 1068783
432520 1068408
432073 1068855
432496 1068432
431833 1069095
432468 1068460
432317 1068611
432417 1068511
432422 1068506
432424 1068504
432001 1068927
432396 1068532
432402 1068526
432387 1068541
432374 1068554
432363 1068565
431634 1069294
432335 1068593
432169 1068759
432314 1068614
432366 1068562
432350 1068578
432276 1068652
432379 1068549
432310 1068618
432435 1068493
432408 1068520
432288 1068640
