356116 63096
367547 83778
377634 104619
383768 118494
389127 128658
390530 136167
393867 139371
396083 142884
397636 145245
399831 146907
400564 149907
402576 151413
403503 152232
405285 152097
405936 154590
405950 154074
406521 156000
407756 157050
410131 156747
410089 159330
412862 160203
411534 159174
414582 161262
415811 162285
417229 162597
418003 162672
416452 161214
416680 163173
417224 163287
416728 162399
416361 163023
415175 162384
416263 163764
417267 162594
420390 164379
420640 162834
420761 165765
423836 166041
425472 167316
424689 167226
424439 165222
424173 168198
426197 167448
426886 168528
428109 166443
427935 168837
429292 166839
429077 169401
430198 169680
428738 169800
429599 168489
429115 168810
431497 169347
429028 168945
429490 168219
430568 169122
428770 168513
428218 167193
426913 168165
426494 165318
427592 167994
425657 167931
427934 166479
424674 168678
425948 166836
429668 168717
429467 168690
431269 169053
430923 169440
431859 169449
434075 169563
432270 169341
434591 170487
433592 169755
434048 171555
437905 171042
438277 171693
437019 171804
439343 172494
434153 171867
437762 172461
439354 172218
438618 172119
437577 172275
437755 172266
438763 172395
440549 173637
439508 172146
442478 173427
441022 173148
441323 173352
443178 173895
444420 174000
445183 173964
442744 173937
442874 173967
445767 174279
446758 174510
445223 174252
443649 172725
