630196 106152
649215 140283
665893 176307
677298 198810
684162 217632
689439 228057
693430 234687
695985 238662
698839 242889
701692 248955
704694 247683
708497 254073
707697 254724
710055 257034
711655 259692
714432 261057
716910 263148
719188 265197
723020 267189
724840 267471
727248 268599
729144 269787
727033 267996
725853 270804
725914 266559
726140 271008
725110 268923
726471 272397
730155 272439
732268 273948
735249 275148
737102 276507
738424 276900
740294 277965
738977 276282
743011 279195
746410 279399
744767 277155
746071 281514
749760 281556
750504 282186
747846 282090
749180 282231
751322 281943
749906 282108
747793 281877
747255 282030
748093 281532
747040 280356
744031 281238
742925 280878
745473 280959
744432 281208
742828 281040
747213 280797
745429 281019
747320 281835
748985 284025
750075 283422
754065 284373
752101 282846
757760 285690
755812 286245
757259 285813
759884 287649
759704 287637
763473 288069
761039 288486
764608 287553
764047 288315
761085 286842
763894 288120
764665 287793
767153 289548
766278 289917
769094 290559
770989 288177
768569 289740
768948 291591
769444 290406
771512 292398
767277 291108
772509 291411
769505 290466
768404 288492
768551 290166
767708 290010
767507 288591
768271 289572
770983 287412
765567 288678
765203 288138
766581 288765
764843 289128
766689 288579
760513 285174
762318 287631
766054 287049
764189 286791
764902 287502
