69008 198224
78852 188380
78980 188252
78969 188263
78960 188272
78634 188598
78948 188284
78806 188426
78919 188313
78910 188322
78898 188334
78903 188329
78641 188591
78879 188353
78656 188576
78821 188411
78853 188379
78842 188390
78776 188456
78820 188412
78645 188587
78752 188480
78820 188412
78675 188557
78798 188434
78788 188444
78519 188713
78770 188462
78759 188473
78678 188554
78730 188502
78743 188489
78730 188502
78590 188642
78710 188522
78603 188629
78693 188539
78595 188637
78669 188563
78660 188572
78676 188556
78642 188590
78699 188533
78688 188544
78509 188723
78667 188565
78662 188570
78308 188924
78638 188594
78605 188627
78617 188615
78408 188824
78616 188616
78598 188634
78534 188698
78629 188603
78572 188660
78559 188673
78573 188659
78429 188803
78527 188705
78432 188800
78570 188662
78527 188705
78559 188673
78551 188681
78501 188731
78488 188744
78477 188755
78492 188740
78522 188710
78460 188772
78447 188785
78436 188796
78452 188780
78405 188827
78410 188822
78202 189030
78388 188844
78376 188856
78587 188645
78505 188727
78494 188738
78345 188887
78473 188759
78468 188764
78382 188850
78457 188775
78512 188720
78423 188809
78428 188804
78390 188842
78404 188828
78385 188847
78383 188849
78426 188806
78365 188867
78381 188851
78345 188887
78349 188883
