278680 50226
287853 66837
295481 83937
301324 94677
304947 103881
307066 108540
308514 110904
309583 113496
311998 116298
312972 118326
314707 119760
315118 119556
315677 121251
317124 122613
317028 123219
319799 124701
320991 125619
320526 124989
321712 127305
322838 127590
324110 127593
325020 128103
324209 127293
323855 128328
323974 128643
324445 129066
324769 128703
324978 129942
325131 129639
327864 130440
327165 130146
329879 131817
331430 132297
330369 130404
332714 132744
332777 133644
332887 133641
333671 133236
334745 133812
334674 133185
336265 133797
333775 133902
333702 131874
334021 133803
333307 132405
332547 134130
332918 133665
332379 133161
330775 133143
332737 133173
332098 132813
332818 133008
334017 133335
333702 134424
333299 132600
334666 134568
335879 134667
335960 133941
337620 135933
334682 134991
338408 135378
338818 136476
340367 135774
340071 137316
340233 136206
340346 137223
340606 135819
341342 136959
341507 136305
344685 137814
342155 138135
341417 137589
343853 137643
343129 137958
345458 137988
342556 136200
345614 138102
345050 137763
345330 137469
343920 138684
344979 138192
344328 137754
344203 138231
345072 137733
343137 137739
341830 136971
340954 136503
344541 137550
341531 137220
344754 136812
339688 136122
341751 136800
341301 134976
342171 136464
344197 136566
343176 136650
344216 136386
343617 136398
342338 136680
342359 135123
