369104 1063824
414763 1018165
415072 1017856
414526 1018402
415048 1017880
415033 1017895
414927 1018001
415015 1017913
414712 1018216
414987 1017941
414976 1017952
414317 1018611
414948 1017980
414841 1018087
414940 1017988
414939 1017989
414915 1018013
414505 1018423
414887 1018041
414881 1018047
414270 1018658
414564 1018364
414842 1018086
414726 1018202
414856 1018072
414833 1018095
414847 1018081
414662 1018266
414802 1018126
414358 1018570
414783 1018145
414632 1018296
414755 1018173
414744 1018184
414730 1018198
413944 1018984
414720 1018208
414707 1018221
414715 1018213
414681 1018247
414668 1018260
414278 1018650
414647 1018281
414243 1018685
414657 1018271
414609 1018319
414682 1018246
414466 1018462
414654 1018274
414602 1018326
414628 1018300
414379 1018549
414610 1018318
414349 1018579
414582 1018346
414342 1018586
414507 1018421
414543 1018385
414549 1018379
414534 1018394
414184 1018744
414510 1018418
414499 1018429
414482 1018446
414365 1018563
414338 1018590
414448 1018480
414437 1018491
414106 1018822
414447 1018481
414436 1018492
414469 1018459
414412 1018516
414457 1018471
414388 1018540
414138 1018790
414363 1018565
414091 1018837
414339 1018589
414325 1018603
414390 1018538
413850 1019078
414302 1018626
414291 1018637
413873 1019055
414302 1018626
414257 1018671
414327 1018601
414144 1018784
414218 1018710
414204 1018724
414258 1018670
414352 1018576
414339 1018589
414052 1018876
414313 1018615
414300 1018628
414238 1018690
414189 1018739
414267 1018661
