298160 862768
335200 825728
336128 824800
336053 824875
335632 825296
336090 824838
336083 824845
336068 824860
335960 824968
336044 824884
336030 824898
335498 825430
335931 824997
335735 825193
335993 824935
335665 825263
335910 825018
335958 824970
335946 824982
335412 825516
335953 824975
335491 825437
335925 825003
335914 825014
335763 825165
335893 825035
335891 825037
335865 825063
335857 825071
335358 825570
335653 825275
335827 825101
335814 825114
334979 825949
335789 825139
335782 825146
335654 825274
335756 825172
335742 825186
335280 825648
335785 825143
335471 825457
335761 825167
335789 825139
335740 825188
335725 825203
335618 825310
335621 825307
335675 825253
335689 825239
335674 825254
335661 825267
335650 825278
335636 825292
335168 825760
335395 825533
335603 825325
335227 825701
335609 825319
335594 825334
335614 825314
335570 825358
335556 825372
335302 825626
335535 825393
335523 825405
335561 825367
335510 825418
335114 825814
335482 825446
335471 825457
335457 825471
335325 825603
335436 825492
335177 825751
335201 825727
335542 825386
335527 825401
335212 825716
335503 825425
335530 825398
335482 825446
335307 825621
335353 825575
335374 825554
335326 825602
335431 825497
335302 825626
335403 825525
335392 825536
335445 825483
335312 825616
335357 825571
334955 825973
335331 825597
335420 825508
335314 825614
335299 825629
335312 825616
335238 825690
