32004 91612
36950 86666
36978 86638
36849 86767
36955 86661
36949 86667
36945 86671
36882 86734
36906 86710
36915 86701
36865 86751
36755 86861
36903 86713
36888 86728
36690 86926
36869 86747
36619 86997
36853 86763
36814 86802
36843 86773
36824 86792
36846 86770
36838 86778
36737 86879
36820 86796
36809 86807
36799 86817
36793 86823
36783 86833
36775 86841
36764 86852
36770 86846
36570 87046
36748 86868
36740 86876
36649 86967
36758 86858
36721 86895
36723 86893
36695 86921
36684 86932
36616 87000
36737 86879
36668 86948
36719 86897
36684 86932
36704 86912
36611 87005
36682 86934
36649 86967
36663 86953
36694 86922
36509 87107
36647 86969
36668 86948
36645 86971
36624 86992
36616 87000
36619 86997
36594 87022
36583 87033
36650 86966
36641 86975
36586 87030
36620 86996
36526 87090
36563 87053
36566 87050
36601 87015
36533 87083
36537 87079
36527 87089
36232 87384
36505 87111
36497 87119
36366 87250
36482 87134
36452 87164
36462 87154
36461 87155
36594 87022
36582 87034
36572 87044
36633 86983
36553 87063
36628 86988
36537 87079
36549 87067
36519 87097
36587 87029
36558 87058
36502 87114
36446 87170
36484 87132
36497 87119
36469 87147
36506 87110
36447 87169
36525 87091
36428 87188
