165024 473440
186901 451563
186572 451892
186982 451482
186882 451582
186816 451648
186946 451518
186941 451523
186754 451710
186915 451549
186652 451812
186892 451572
186654 451810
186884 451580
186872 451592
186795 451669
186848 451616
186634 451830
186770 451694
186776 451688
186805 451659
186795 451669
186782 451682
186818 451646
186681 451783
186783 451681
186545 451919
186759 451705
186676 451788
186742 451722
186608 451856
186716 451748
186545 451919
186693 451771
186671 451793
186375 452089
186672 451792
186662 451802
186555 451909
186466 451998
186629 451835
186124 452340
186607 451857
186464 452000
186664 451800
186243 452221
186638 451826
186583 451881
186614 451850
186602 451862
186597 451867
186607 451857
186571 451893
186561 451903
186591 451873
186276 452188
186540 451924
186528 451936
186549 451915
186504 451960
186520 451944
186487 451977
186188 452276
186461 452003
186451 452013
186397 452067
186465 451999
186127 452337
186439 452025
186280 452184
186415 452049
186470 451994
186398 452066
186450 452014
186427 452037
186215 452249
186349 452115
186428 452036
186116 452348
186380 452084
186318 452146
186075 452389
186299 452165
186285 452179
186028 452436
186263 452201
186250 452214
186302 452162
186392 452072
186404 452060
186399 452065
186253 452211
186344 452120
186351 452113
186325 452139
186327 452137
186346 452118
186290 452174
186369 452095
186133 452331
