547641 92166
564884 123759
578984 154236
590030 175224
595889 192381
600795 200028
603303 205938
606061 209277
609086 216057
612239 217398
614701 221325
615111 223233
616249 225501
619399 226578
621125 229332
623704 231096
625459 230589
628185 234552
628978 233829
629670 235299
630282 235926
629654 236304
629631 236664
629989 237309
630665 237498
633954 237066
637362 240081
636599 241791
639453 241122
641038 243318
643571 244176
643923 243282
646873 244926
648202 245868
647675 246360
646581 244941
649115 245790
649432 247284
649484 245475
649164 245919
650973 246246
646274 245931
644764 244647
646057 244368
648421 245643
646084 244254
645684 246060
645849 244929
647517 247296
647819 244626
649187 247635
652450 246552
650975 248439
655567 250002
655281 249330
657864 249657
657296 251538
659088 251832
659508 250524
662572 252399
660973 253083
664075 251955
662459 252618
662126 251016
664397 252918
666129 254040
665998 254568
664805 254025
668659 254730
664871 253236
669361 254775
668699 255363
670254 255333
667121 253449
665471 254655
665366 251280
664489 254370
665707 254235
666223 253869
666461 254193
663915 253611
661372 253935
660252 252096
664886 252912
662647 252516
657006 250098
662467 252093
662329 251718
664019 251889
664125 251166
664489 252237
662313 251730
658863 251826
663883 250788
663418 252306
665954 252423
661831 250767
664345 252324
661738 249435
665001 252654
