360124 1038804
405053 993875
405092 993836
404630 994298
405068 993860
404633 994295
405040 993888
404989 993939
404752 994176
405006 993922
404868 994060
404981 993947
404986 993942
404501 994427
404960 993968
404947 993981
404674 994254
404751 994177
404913 994015
404579 994349
404885 994043
404874 994054
404860 994068
404306 994622
404872 994056
404471 994457
404848 994080
404608 994320
404820 994108
404630 994298
404799 994129
404592 994336
404430 994498
404761 994167
404679 994249
404751 994177
404564 994364
404727 994201
404601 994327
404734 994194
404726 994202
404691 994237
404665 994263
404691 994237
404409 994519
404704 994224
404657 994271
404683 994245
404672 994256
404657 994271
404247 994681
404562 994366
404623 994305
404531 994397
404599 994329
404526 994402
404590 994338
403746 995182
404562 994366
404551 994377
404288 994640
404523 994405
404476 994452
404502 994426
404463 994465
404249 994679
404464 994464
404529 994399
404476 994452
404226 994702
404452 994476
403888 995040
404476 994452
404418 994510
404403 994525
404390 994538
404295 994633
404365 994563
404433 994495
404355 994573
404226 994702
404140 994788
404316 994612
403997 994931
404323 994605
404282 994646
403924 995004
404188 994740
404244 994684
404403 994525
404388 994540
404111 994817
404364 994564
404187 994741
404251 994677
404330 994598
404363 994565
404302 994626
404223 994705
404277 994651
