762246 125937
785127 167202
805856 208728
817425 237027
829535 258468
832069 270423
837452 279558
842100 284592
846098 290142
848854 294063
853223 298233
856131 303243
859122 305382
861226 307368
860457 308820
861862 310242
863491 312285
865604 312573
870031 316530
871351 318531
874147 318183
878036 321813
883047 323445
881504 322314
882701 325488
886744 325491
884562 325533
884461 326025
884315 323802
882071 324942
882184 326064
882592 324234
881310 326766
884850 326052
888968 326769
889794 330210
894396 331464
894938 332907
895824 333114
899242 335175
901960 335034
902223 336090
903126 336990
907615 336606
905343 336927
909017 337845
906639 339486
911683 338070
911162 339690
911257 337653
911249 339507
906986 336108
910670 339003
907785 337338
910512 337245
907663 337293
905626 336834
906805 337404
907698 336972
905146 336219
904862 336423
904743 335277
904592 336480
904273 335373
907480 337176
906553 335628
907255 337914
909581 339642
910054 335979
912897 339861
917265 339897
913993 341046
918602 340932
920968 343044
925597 343365
921996 343440
921152 344940
924681 342558
923375 345930
927874 343116
929706 346473
926718 346599
924436 345693
926003 346044
925804 346242
926708 344823
931167 347004
930883 347328
930424 346761
936389 346776
938554 347595
936817 346050
935529 347346
933777 346683
936815 348072
935475 348459
936245 346995
933985 348708
936800 348021
935649 348501
