73076 15189
75819 19980
78153 25011
79988 28347
80780 31065
81072 31950
82414 33510
82572 33825
82872 34887
83936 35295
84187 36012
84046 36303
84378 35970
85059 36828
85303 36654
85092 37245
85415 37353
86051 37737
85940 38025
86083 37275
85991 38472
86796 38148
87373 38718
87549 38871
87909 38967
87841 38838
86773 38175
87512 38826
87005 38739
87333 38946
87311 38214
87594 39120
88300 39102
88205 39414
88238 38943
89041 39591
88973 39918
89916 40011
89172 39729
90009 39972
89542 39807
89353 40041
89444 39519
90449 40386
90429 39933
90755 40566
90786 40431
90802 40428
90768 40422
91176 40494
91101 40254
90358 40404
89283 40338
89840 40320
90419 39837
91071 40128
90561 39585
89091 40449
89442 39966
89596 40200
89981 39885
90240 40038
90002 40263
89944 39843
90672 40281
90238 40215
89863 40467
90087 40572
90787 40653
90922 40680
92234 40800
91730 40968
91375 40704
92923 41373
92109 40611
92022 41169
93266 41205
93585 41466
91817 41073
91616 40560
92640 40860
93033 41532
92138 40653
91865 41229
93303 40875
91985 41337
93309 41475
93916 41211
93544 41421
93368 41541
94601 41424
92935 41442
94293 41802
93582 41781
94916 41880
93272 41289
95391 42000
91466 41484
92783 41250
94886 41403
