52352 155264
60338 147278
60198 147418
60316 147300
60207 147409
60298 147318
60255 147361
60257 147359
60264 147352
60158 147458
59849 147767
60244 147372
60232 147384
60226 147390
60122 147494
60217 147399
60202 147414
60210 147406
60060 147556
60179 147437
60176 147440
60170 147446
60087 147529
60170 147446
60136 147480
59880 147736
60126 147490
60066 147550
60073 147543
60098 147518
60107 147509
60034 147582
60064 147552
60037 147579
60101 147515
60051 147565
60016 147600
60068 147548
60061 147555
60051 147565
59939 147677
60041 147575
59858 147758
60019 147597
60007 147609
60017 147599
60005 147611
59979 147637
59919 147697
59909 147707
59972 147644
59760 147856
59897 147719
59944 147672
59766 147850
59922 147694
59910 147706
59878 147738
59899 147717
59742 147874
59877 147739
59870 147746
59884 147732
59848 147768
59978 147638
59947 147669
59937 147679
59956 147660
59919 147697
59946 147670
59745 147871
59885 147731
59887 147729
59875 147741
59764 147852
59853 147763
59915 147701
59835 147781
59753 147863
59813 147803
59830 147786
59826 147790
59765 147851
59796 147820
59857 147759
59794 147822
59768 147848
59769 147847
59757 147859
59745 147871
59813 147803
59808 147808
59716 147900
59704 147912
59588 148028
59702 147914
59730 147886
59725 147891
59723 147893
59702 147914
