205068 593396
231996 566468
232038 566426
231375 567089
232012 566452
231819 566645
231807 566657
231977 566487
231717 566747
231961 566503
231949 566515
231932 566532
231926 566538
231912 566552
231641 566823
231842 566622
231897 566567
231885 566579
231871 566593
231802 566662
231848 566616
231836 566628
231438 567026
231552 566912
231807 566657
231797 566667
231783 566681
231771 566693
231808 566656
231639 566825
231782 566682
231763 566701
231759 566705
231402 567062
231733 566731
231730 566734
231417 567047
231704 566760
231686 566778
231680 566784
231170 567294
231678 566786
231486 566978
231613 566851
231638 566826
231221 567243
231635 566829
231603 566861
231271 567193
231586 566878
231580 566884
231607 566857
231550 566914
231538 566926
231639 566825
231614 566850
231602 566862
231284 567180
231614 566850
231565 566899
231331 567133
231463 567001
231537 566927
231525 566939
231525 566939
231226 567238
231488 566976
231476 566988
231343 567121
231473 566991
231355 567109
231447 567017
231391 567073
231424 567040
231412 567052
231409 567055
231110 567354
231383 567081
231373 567091
231348 567116
231369 567095
231436 567028
231370 567094
231363 567101
231344 567120
230890 567574
231321 567143
231309 567155
231371 567093
231292 567172
231072 567392
231067 567397
231256 567208
231020 567444
231283 567181
231240 567224
231228 567236
231058 567406
231205 567259
231246 567218
