316032 912896
355916 873012
356000 872928
355987 872941
355579 873349
355962 872966
355620 873308
355922 873006
355788 873140
355916 873012
355902 873026
355905 873023
355409 873519
355877 873051
355866 873062
355317 873611
355845 873083
355833 873095
355756 873172
355687 873241
355792 873136
355619 873309
355422 873506
355787 873141
355776 873152
355738 873190
355374 873554
355740 873188
355727 873201
354820 874108
355611 873317
355697 873231
355690 873238
355677 873251
355666 873262
355181 873747
355645 873283
355077 873851
355617 873311
355606 873322
355397 873531
355607 873321
355639 873289
355574 873354
355615 873313
355536 873392
355558 873370
355487 873441
355566 873362
355555 873373
355045 873883
355544 873384
355267 873661
355516 873412
355512 873416
355491 873437
355484 873444
355469 873459
355352 873576
355393 873535
355431 873497
354745 874183
355438 873490
355425 873503
355414 873514
355078 873850
355393 873535
355334 873594
355365 873563
355255 873673
355340 873588
355372 873556
355271 873657
355314 873614
355158 873770
355289 873639
354701 874227
355277 873651
355256 873672
355242 873686
355449 873479
355237 873691
355354 873574
355299 873629
355329 873599
355208 873720
355375 873553
355294 873634
355283 873645
355237 873691
355272 873656
354882 874046
355215 873713
355233 873695
355219 873709
355236 873692
354828 874100
355184 873744
354937 873991
355209 873719
