212720 617744
240413 590051
240545 589919
240678 589786
239892 590572
240655 589809
240578 589886
240556 589908
240390 590074
240613 589851
240130 590334
240587 589877
240454 590010
240564 589900
240552 589912
239999 590465
240550 589914
240382 590082
240524 589940
240466 589998
240501 589963
239880 590584
240487 589977
240485 589979
240461 590003
239915 590549
240438 590026
240424 590040
240181 590283
239923 590541
240437 590027
240425 590039
240390 590074
240402 590062
240388 590076
240376 590088
240221 590243
240360 590104
240103 590361
240334 590130
240325 590139
240064 590400
239912 590552
240310 590154
240296 590168
240095 590369
240270 590194
240281 590183
240057 590407
240235 590229
239747 590717
240177 590287
240206 590258
240036 590428
239978 590486
240170 590294
240197 590267
239907 590557
240238 590226
240271 590193
240265 590199
240201 590263
240224 590240
240187 590277
240226 590238
240161 590303
239825 590639
240138 590326
240157 590307
240112 590352
239858 590606
240110 590354
239590 590874
240084 590380
240118 590346
240061 590403
239933 590531
240047 590417
239611 590853
240021 590443
240007 590457
239998 590466
239984 590480
239984 590480
240011 590453
239997 590467
239932 590532
240028 590436
239966 590498
239948 590516
239856 590608
239934 590530
239920 590544
239992 590472
239841 590623
239885 590579
239871 590593
239497 590967
239870 590594
239927 590537
