188476 545988
213460 521004
213362 521102
213256 521208
213420 521044
213397 521067
213274 521190
213274 521190
213382 521082
213368 521096
213356 521108
213346 521118
213332 521132
212728 521736
213329 521135
213315 521149
213303 521161
213060 521404
213279 521185
213244 521220
212968 521496
213249 521215
212928 521536
213227 521237
212396 522068
213201 521263
213234 521230
213131 521333
213208 521256
213198 521266
213184 521280
213172 521292
212922 521542
213186 521278
213142 521322
212943 521521
213118 521346
212987 521477
213114 521350
212887 521577
213088 521376
213027 521437
212933 521531
213052 521412
213088 521376
213034 521430
212655 521809
213012 521452
212982 521482
213029 521435
213038 521426
213054 521410
213006 521458
213028 521436
212779 521685
213005 521459
212993 521471
212455 522009
212976 521488
212964 521500
212954 521510
212940 521524
212300 522164
212937 521527
212923 521541
212931 521533
212901 521563
212938 521526
212544 521920
212871 521593
212738 521726
212845 521619
212777 521687
212838 521626
212809 521655
212619 521845
212828 521636
212816 521648
212806 521658
212722 521742
212799 521665
212776 521688
212762 521702
212786 521678
212740 521724
212444 522020
212722 521742
212656 521808
212708 521756
212696 521768
212686 521778
212057 522407
212660 521804
212656 521808
212559 521905
212638 521826
212620 521844
212606 521858
212375 522089
212774 521690
