59661 12675
61759 16509
63932 21000
65133 23703
66092 25812
66711 26640
66948 27963
67294 28392
67688 28611
68366 29508
68651 29781
68961 30102
69101 30363
68851 30720
69565 30327
70289 30990
69784 31302
70638 31530
70260 31818
70703 31881
71011 31896
71093 32160
70189 31362
70663 32106
70432 31275
71125 32307
70738 31887
71631 32328
71892 32505
71764 32682
72317 32775
72603 32838
72382 32958
72750 32904
72689 32973
73174 32607
73522 33237
74144 33102
72727 33522
73258 32529
74027 33465
73775 32952
74223 33198
73602 33402
73395 33162
73018 33042
72758 33162
72578 33057
72750 33147
73358 33270
72886 33096
73207 33147
73545 33309
72901 33318
73259 33267
73747 32796
74430 33642
74268 32874
73882 33726
74067 34059
74761 33501
74863 34053
74682 34170
75185 34152
75531 33681
76063 33978
75397 34077
75286 34050
75245 34311
74205 34167
75900 33963
76427 34464
75781 33951
75421 34221
76239 34266
75770 33690
76472 34626
76449 34452
76397 34332
76297 34536
75820 34410
75799 34302
77227 34284
75465 34158
76096 34470
76177 34188
75451 34221
75585 34266
75607 33180
75701 33912
76068 34203
76450 34164
75877 34431
73462 33084
75370 33966
74945 33846
76182 33978
75066 34026
75728 34221
76750 34209
