77012 220220
87975 209257
87984 209248
87973 209259
87678 209554
87951 209281
87940 209292
87546 209686
87923 209309
87828 209404
87840 209392
87866 209366
87898 209334
87520 209712
87874 209358
87865 209367
87571 209661
87841 209391
87837 209395
87598 209634
87813 209419
87804 209428
87637 209595
87820 209412
87774 209458
87746 209486
87787 209445
87738 209494
87763 209469
87759 209473
87751 209481
87673 209559
87736 209496
87641 209591
87720 209512
87615 209617
87696 209536
87566 209666
87675 209557
87332 209900
87657 209575
87584 209648
87446 209786
87625 209607
87687 209545
87683 209549
87436 209796
87663 209569
87650 209582
87567 209665
87620 209612
87638 209594
87632 209600
87607 209625
87590 209642
87597 209635
87095 210137
87573 209659
87564 209668
87603 209629
87540 209692
87571 209661
87565 209667
87391 209841
87503 209729
87491 209741
87525 209707
87359 209873
87495 209737
87552 209680
87477 209755
87462 209770
87359 209873
87445 209787
87434 209798
87425 209807
87413 209819
87331 209901
87406 209826
87395 209837
87386 209846
87423 209809
87425 209807
87428 209804
87345 209887
87336 209896
87382 209850
87475 209757
87468 209764
87538 209694
87448 209784
87468 209764
87424 209808
87420 209812
87407 209825
87265 209967
87387 209845
87461 209771
87382 209850
87456 209776
