309698 55650
319235 73071
328713 92370
334123 104211
338301 114162
339100 118887
342737 122949
343865 125481
345610 126789
347349 130266
348220 130284
350849 133233
350384 133284
351540 134469
351910 135609
353729 136815
352895 135681
355967 138846
358626 139110
359024 140373
360752 141210
363178 141888
359700 140103
361082 141678
360633 142107
360654 142176
360143 142044
360982 142005
360521 141393
360516 143127
363510 143373
362620 144846
366809 144618
366977 145032
368171 145983
367100 145290
368688 146505
369227 146358
370448 147723
371022 147615
370390 147681
371262 147762
374014 148200
370888 146961
372942 148107
370914 146325
373518 147555
370143 147816
370795 145533
371353 147636
369863 146697
370777 147195
368930 147396
370548 147063
369441 147429
370304 147159
369724 145491
370954 147564
371719 147651
371390 147540
373519 148752
374269 148392
374515 148995
375734 149220
375164 148626
377597 149697
377285 149847
378176 150204
379080 149850
380492 150867
377136 148848
381325 151599
378707 149454
378513 151857
382789 151521
380580 151245
382416 151131
380286 152037
381139 152160
383348 151338
384212 152742
383263 152463
384500 152481
383043 152643
383385 150540
380947 153129
385810 152739
380701 152388
382821 151389
382503 152709
380432 151716
380592 152478
383367 151734
380271 149280
383134 151368
381924 151008
380351 150591
379933 151770
377729 148773
382211 150927
