24176 71632
28151 67657
27962 67846
28143 67665
28132 67676
28127 67681
28024 67784
28107 67701
28032 67776
28084 67724
28088 67720
28079 67729
28073 67735
27826 67982
28052 67756
27868 67940
28032 67776
28025 67783
28049 67759
28031 67777
28020 67788
27786 68022
28022 67786
27995 67813
27993 67815
27987 67821
27989 67819
27949 67859
27956 67852
27869 67939
27940 67868
27909 67899
27920 67888
27883 67925
27959 67849
27950 67858
27896 67912
27934 67874
27950 67858
27914 67894
27903 67905
27906 67902
27900 67908
27886 67922
27875 67933
27880 67928
27859 67949
27850 67958
27883 67925
27857 67951
27830 67978
27837 67971
27828 67980
27821 67987
27828 67980
27801 68007
27790 68018
27792 68016
27781 68027
27804 68004
27761 68047
27755 68053
27684 68124
27735 68073
27847 67961
27861 67947
27827 67981
27873 67935
27811 67997
27724 68084
27791 68017
27780 68028
27836 67972
27735 68073
27763 68045
27752 68056
27760 68048
27772 68036
27727 68081
27716 68092
27757 68051
27752 68056
27741 68067
27703 68105
27698 68110
27735 68073
27678 68130
27712 68096
27669 68139
27621 68187
27649 68159
27638 68170
27632 68176
27702 68106
27612 68196
27661 68147
27650 68158
27495 68313
27630 68178
27673 68135
