180608 521856
204220 498244
204578 497886
204566 497898
204353 498111
204542 497922
204513 497951
204526 497938
204512 497952
204197 498267
204490 497974
204476 497988
204278 498186
204480 497984
204458 498006
204446 498018
204076 498388
204387 498077
204410 498054
204149 498315
204191 498273
204380 498084
204384 498080
204353 498111
204344 498120
203992 498472
204361 498103
204349 498115
204339 498125
204334 498130
204092 498372
204309 498155
204295 498169
204307 498157
204273 498191
204268 498196
203863 498601
204133 498331
204240 498224
204110 498354
204237 498227
204204 498260
204220 498244
204187 498277
204173 498291
204073 498391
204147 498317
204138 498326
204243 498221
203997 498467
204190 498274
204198 498266
204166 498298
203610 498854
204150 498314
204107 498357
204124 498340
204168 498296
203957 498507
204088 498376
203863 498601
204138 498326
204070 498394
204060 498404
204053 498411
204061 498403
204030 498434
203733 498731
204004 498460
203879 498585
203980 498484
203968 498496
203746 498718
203985 498479
203978 498486
203990 498474
203949 498515
203937 498527
204007 498457
203949 498515
203957 498507
203897 498567
203904 498560
203871 498593
203488 498976
203864 498600
203554 498910
203842 498622
203828 498636
203816 498648
203783 498681
203863 498601
203785 498679
203592 498872
203771 498693
203947 498517
203920 498544
203908 498556
203902 498562
203884 498580
