278788 50538
287723 67005
295558 83997
300546 93789
304668 104091
307228 108534
308178 110367
309933 112638
312235 116436
312835 117552
314623 119874
314332 119619
314859 122100
316288 122070
317282 123537
318625 124644
319362 123945
321215 126462
322509 127080
324139 126978
324200 128073
323857 127464
324082 128406
325157 128307
323751 127557
323393 128715
324544 129426
326247 129978
327247 130278
327513 130056
328468 131055
329844 132204
329717 131541
331459 132723
331611 133062
335340 133419
334651 133902
332856 131604
334961 133065
335044 134340
336161 133809
333058 133875
334102 133617
333517 132390
333541 133845
332634 133773
331407 133779
331076 132159
333869 133194
332219 133329
332534 133356
333135 131595
333360 132966
332636 133863
333055 131811
334646 134859
336050 133965
335258 134910
337233 135534
336977 135633
341015 135843
337651 136491
339746 136152
338518 135696
340107 137085
339671 135978
342822 137049
341137 137010
340730 136563
341737 136374
342842 138126
344155 137136
344252 138252
344885 138474
342374 136935
345619 137889
344718 138405
342911 138666
345436 138453
344145 136608
343637 138096
346531 138078
343628 137352
342772 137163
344951 136155
340971 137694
341077 136815
341874 134244
342716 136989
341590 136731
342864 135888
344482 136881
343561 136203
341455 137250
341432 135939
341421 136740
343478 135972
342689 136326
341313 136479
342170 135999
