434765 74634
448841 100269
461903 124998
467912 142338
476074 155319
478210 162240
480165 167772
482860 170961
484839 173430
486820 176373
488965 178764
488822 180063
492661 183231
494101 184566
495936 184296
497074 187473
498255 186663
498422 188604
499042 189135
499891 189876
500580 191034
500896 191202
503096 193221
505753 191694
507388 194565
509056 195639
510717 196029
510202 195849
512251 195354
512240 197430
513052 197442
512374 197901
511007 194352
512947 198024
512226 197667
510598 196071
511657 197208
512758 197910
512879 197835
511542 198540
513046 198975
513162 199398
517801 199620
517885 199359
519833 200763
519832 202017
522422 202233
522266 202023
520788 203313
523421 203019
520899 201753
523233 203577
523756 203610
527706 202944
526933 204621
526858 204594
525356 204561
527264 204663
528467 204477
529169 205149
528123 204804
527137 204942
526470 204522
528012 204717
527356 204132
526453 203457
522768 204057
523876 203868
524064 202728
525549 202563
524081 203343
524676 203238
522584 203148
525175 202938
523519 201129
525774 202872
525977 202536
526175 203544
524841 199914
524050 203109
527623 204006
525249 203439
528635 204126
531676 203946
530484 203556
531644 205206
531763 205692
531954 205086
533359 206715
534432 207777
531554 208359
535505 206349
536482 208158
536665 208239
537545 208425
538916 207807
540224 208497
538656 208488
538778 206199
537119 208098
