158296 30339
163668 40251
168723 50217
171720 56859
174736 61902
175160 65328
176464 66615
177816 67830
178343 69696
179301 70797
179808 71310
180587 72747
180821 73428
181234 73251
181264 74022
182475 74604
182318 74358
183372 75579
184144 75522
185270 76272
184329 75375
186966 77112
186733 76494
187641 78012
188191 77757
186910 77085
187497 76491
186988 77817
186455 78222
186205 76833
186809 78315
186858 77706
187397 78462
188507 78816
188501 79278
189770 79461
190331 79347
190114 79998
192188 79854
190981 80436
191485 80442
190793 80202
191803 79779
192650 80373
192213 81141
192972 79842
193427 81357
193909 80181
194539 81030
193370 81105
193819 81183
194046 81024
192597 80616
192533 79668
193862 80616
193257 80415
190164 79155
191653 80481
193661 79971
193022 80145
191914 80628
192001 80538
191620 79905
192605 80703
191987 80364
194330 80748
194187 81456
193693 80682
195241 81465
194571 81828
195105 81423
195475 82452
197600 81309
195727 81711
196892 82449
195329 82944
196178 82185
197924 82509
196985 82557
198048 82926
196252 81720
199519 82635
198265 82818
197896 83097
198691 82818
198670 83097
198376 83196
197316 82914
197488 83139
200146 83196
200355 83019
198813 82749
200818 83538
199676 83151
198207 83133
199283 83349
196161 83085
197603 82941
198926 82743
198264 82962
