288292 838636
325275 801653
325023 801905
325247 801681
325236 801692
325092 801836
325215 801713
325200 801728
324410 802518
325131 801797
325162 801766
324934 801994
325149 801779
324728 802200
325125 801803
324923 802005
325104 801824
324943 801985
325078 801850
325064 801864
325084 801844
324622 802306
325056 801872
324732 802196
325031 801897
325024 801904
324823 802105
324998 801930
324770 802158
324985 801943
324898 802030
324957 801971
324944 801984
324903 802025
324530 802398
324911 802017
324750 802178
324481 802447
324941 801987
324926 802002
324913 802015
324789 802139
324908 802020
324886 802042
324867 802061
324665 802263
324841 802087
324804 802124
324827 802101
324582 802346
324803 802125
324794 802134
324795 802133
324768 802160
324781 802147
324742 802186
324761 802167
324245 802683
324733 802195
324722 802206
324716 802212
324701 802227
324152 802776
324675 802253
324482 802446
324662 802266
324647 802281
324376 802552
324623 802305
324513 802415
324602 802326
324588 802340
324576 802352
324327 802601
324690 802238
324459 802469
324662 802266
324651 802277
324400 802528
324630 802298
324616 802312
324640 802288
324041 802887
324591 802337
324576 802352
324520 802408
324489 802439
324538 802390
324573 802355
324517 802411
324505 802423
324491 802437
324510 802418
323938 802990
324482 802446
324333 802595
324457 802471
324482 802446
324436 802492
324424 802504
