597394 101358
615141 133329
630827 167715
642044 189246
648820 206865
653670 217185
656285 222306
659964 227145
662747 233595
665919 237243
669766 238641
670312 241761
671494 242274
671652 244899
676857 247170
677782 248961
683244 250551
683030 253026
685541 254190
687632 255465
689012 255174
689854 255639
688486 257103
687290 255858
687036 257712
687126 253788
690441 258717
690767 258375
692586 260919
696791 262461
698936 262881
699266 263013
700704 264570
702548 264828
702414 265794
705138 266769
706566 267906
707080 266256
707228 267444
709966 268182
710185 268137
708413 268131
705347 267711
705846 266178
707110 266658
707183 267330
706929 267366
705162 266367
703058 266694
704487 266724
705972 266553
706588 266952
704621 266793
707583 267435
709435 268968
712948 268494
712114 270063
714358 270417
716509 271845
712350 271704
720868 271263
718489 272994
721029 274353
721762 273486
723316 274068
722370 274317
720876 272562
723355 274353
722644 272931
726305 275472
723887 276342
729251 274461
727077 275808
728174 275226
728233 275907
728375 276036
726440 275436
729806 276561
728033 276276
726682 275094
729026 276111
726946 275694
728526 275535
725361 275640
724602 272568
725058 275526
724787 274563
725167 274332
725739 274206
724774 273546
724259 273642
724237 273027
722494 273126
725481 273144
724134 272325
724736 272520
720353 271191
725378 271833
717139 272901
726140 271908
