371747 65460
383745 87231
394322 107841
401265 123285
406631 134571
408353 141015
410775 144888
413961 147855
414522 151548
415576 151788
418706 155793
420045 157536
421790 159525
423263 159168
423368 161118
424534 160845
424554 162357
424512 162210
426073 164571
427965 164817
430198 166494
430654 164706
433881 168036
434177 168099
436084 168687
435667 169722
436907 169152
435815 169545
436617 168438
436131 169584
436246 169587
435043 169251
436299 170019
435545 169959
435917 169092
436544 171207
439243 171558
440867 172713
441214 172287
442206 173355
443365 174720
444082 173496
445590 174411
445143 174360
446814 175077
445104 175503
445700 172743
450030 176280
449806 176499
450092 176928
450573 175773
447979 176055
450790 176439
448546 176025
448078 175704
449637 174321
450062 175464
447719 175383
449484 175455
447311 175035
446458 174552
447493 175236
446912 174723
446537 175416
445636 175080
447220 174987
446330 175179
446246 175248
448250 174696
446859 175986
446996 176637
449119 176286
452060 176127
450974 176943
452326 177201
452566 177546
451775 177933
452170 178389
457016 179046
454852 179055
455908 179097
457552 179577
459914 180201
455239 179811
458638 179661
457912 179517
458958 180168
458653 180333
459002 179871
461548 180126
457820 180702
458784 180237
462929 179196
464481 180924
459952 180255
462177 180978
460432 180354
460633 179745
462931 181185
461933 181092
