695774 115956
716262 153384
735994 192303
748224 217728
756981 236433
760686 250491
766073 254643
768762 262158
772400 266799
775495 271800
779611 275601
780740 278919
782567 276768
784366 282432
786258 282879
788415 284307
790130 287346
792837 289704
794121 289143
799739 293235
801169 295548
801876 292347
805970 296886
806826 297456
805007 298230
803830 294762
805501 298314
802931 297609
804504 298494
805093 299007
804855 300135
805620 300885
810708 301644
813060 302601
815786 304494
816276 305856
818535 305835
820866 307284
818775 304485
822082 308154
826820 309120
826801 309990
827222 309639
829202 309351
830917 310095
831374 310398
830503 310725
829572 309375
828395 310368
826591 306654
828098 309810
826253 306633
828079 309126
826856 309036
823506 305088
826443 309717
823169 306684
824978 308052
823476 308952
826390 308454
826424 310065
825059 309999
829926 309891
832274 311142
833560 310806
835651 312423
834706 313980
837795 313017
840012 313818
838774 315522
838358 314097
842211 315726
842747 315477
844898 316968
841040 315288
846045 315870
844488 315429
848943 316902
841553 314355
849199 317916
847330 317892
852439 318387
851942 318918
852665 319005
854469 318654
850518 319011
855042 319086
853987 320385
851710 319242
853120 318543
854866 319098
857481 318303
849833 319272
850342 319065
851211 318306
848519 317880
847292 316146
849965 318396
844233 315219
847891 317124
