259376 765552
292931 731997
293344 731584
292408 732520
293320 731608
292918 732010
293299 731629
293128 731800
293054 731874
293259 731669
292990 731938
293246 731682
293234 731694
293220 731708
293088 731840
293198 731730
292529 732399
292976 731952
293189 731739
292708 732220
293161 731767
293150 731778
293136 731792
293123 731805
292366 732562
293103 731825
293089 731839
292922 732006
293076 731852
292648 732280
293050 731878
293042 731886
292745 732183
293016 731912
293002 731926
293052 731876
292651 732277
293042 731886
293013 731915
292951 731977
293015 731913
292453 732475
292966 731962
292638 732290
292953 731975
292945 731983
292927 732001
292949 731979
292855 732073
292891 732037
292709 732219
292865 732063
292882 732046
292544 732384
292856 732072
292895 732033
292693 732235
292820 732108
292808 732120
292610 732318
292794 732134
292783 732145
292790 732138
292813 732115
292746 732182
292580 732348
292765 732163
292706 732222
292635 732293
292807 732121
292794 732134
292105 732823
292769 732159
292651 732277
292748 732180
292616 732312
292722 732206
292678 732250
292781 732147
292697 732231
292676 732252
292675 732253
292661 732267
292544 732384
292479 732449
292652 732276
292638 732290
292474 732454
292612 732316
292658 732270
292535 732393
292578 732350
292533 732395
292564 732364
292550 732378
292538 732390
292599 732329
292516 732412
292502 732426
292384 732544
