217172 39825
224717 53448
231610 66840
234905 75354
238617 82875
240384 86598
241416 89424
242834 90738
244436 93393
245439 93633
246036 95508
246345 95775
248129 97560
249617 98586
250138 97695
250739 100095
250960 98760
251248 100992
251633 100866
252113 100809
250822 100623
252826 101748
252927 102909
253955 102708
254595 102021
256390 103860
257836 104157
257588 104754
257644 105297
258888 105690
258799 105207
258752 106011
259258 105732
259790 104997
258486 106110
260483 105630
258427 105597
258632 104859
258612 105426
258535 105744
258321 104916
259007 105738
259599 106125
259913 106176
259858 107166
260558 106434
262645 107631
263657 106233
263731 107991
264231 108672
264653 107799
264933 107091
264836 108645
264682 108009
265065 108522
264921 108537
268203 109281
266865 109146
268341 108762
268939 108735
266699 109761
266335 108771
267495 109677
269325 109773
268683 108594
266599 109695
266573 108861
268883 109599
266575 109005
267627 109086
264923 107727
267343 109209
266812 109014
266237 108936
265886 108729
266804 108342
267842 108756
266304 108903
265602 107091
265906 108489
263927 109059
266675 108126
265282 107580
266782 108111
266048 108243
268132 108666
268559 108624
267472 109077
268946 109083
268069 109032
267883 110259
267389 110253
268618 109572
269345 109695
271033 110265
270628 109230
270586 111441
274856 110586
272707 111993
273683 110616
