580834 98319
598743 130347
614522 163797
623987 183975
631230 203052
637110 211746
638921 217824
642170 221187
644764 227133
647421 231348
650611 232329
652349 234939
652529 237345
655048 239208
656277 240381
659900 243342
663174 244398
666593 246702
667667 247830
668845 248757
668448 248403
670570 249450
667570 249243
669102 250212
666615 250776
668661 251328
670854 251607
674420 253764
676454 254688
677037 252906
679006 256374
679393 257484
682934 256413
683821 258054
684880 258912
688793 259557
688808 260562
689646 259434
690797 260982
689456 261546
689973 259743
686466 260397
689394 260436
686454 260550
686814 259512
688415 259881
684109 257664
684396 260082
683208 258867
686665 259200
685361 260277
687485 258831
687741 261117
691044 262269
693026 261825
692832 263247
694870 264012
693554 263610
695641 265065
698176 266382
700864 266376
700070 266469
701883 265686
702463 266868
702143 267771
701184 265224
704130 267546
701874 267174
706078 267969
706467 268413
710109 269538
706970 268377
707762 268845
706523 270027
709804 269250
711417 269067
707761 269619
707697 269145
710554 269577
704546 268416
705285 267252
706220 268758
706768 267696
706733 268170
705618 268074
706096 268080
704337 266721
702571 266010
702396 267108
707308 267444
701836 265785
703634 266700
702769 266220
702387 265713
698740 265272
706170 265503
704289 265470
704509 265383
705219 265695
701072 266406
