646711 108852
665768 143664
683673 180726
694802 202290
702858 223470
705809 232182
711187 240030
715254 244791
717339 249042
720027 254316
723470 257781
726545 260118
727211 261657
728683 264018
729742 263910
731702 265623
735446 269724
736817 270972
740705 272928
742697 274620
744713 274044
746156 276948
746817 276918
745946 276996
745572 276906
746313 277401
745540 276453
744386 278427
746494 278892
747858 279312
750859 280965
754965 281598
755483 283740
759677 282468
762112 285591
759635 285180
762483 286368
764007 287409
767392 288243
767780 289062
766639 289401
770051 289965
772298 287145
770195 289770
767575 287625
766768 287739
768476 287079
766688 288180
763557 288348
766287 285033
766394 287946
763464 286866
766529 288306
763543 285621
763589 288393
767455 288849
766390 288480
768701 289500
768303 290061
769833 290379
773992 291237
771449 289164
774763 292875
778339 292422
778954 291606
781650 294069
778862 294315
781681 293271
783391 295218
782812 296214
781542 294729
783603 293970
785537 295359
784242 296589
786203 296163
785341 296508
789468 297141
789230 298449
787530 297405
789005 296691
792237 296895
791210 298290
789281 297933
787854 296100
793378 297621
791375 298374
788159 296223
785323 296769
787858 297381
786714 297690
792347 296589
786616 296280
786290 294852
783811 295860
787058 295755
782595 295599
785832 296028
781285 294942
784320 292986
783576 295167
