377212 1089716
424195 1042733
423702 1043226
424103 1042825
424156 1042772
424141 1042787
423690 1043238
424059 1042869
424108 1042820
423787 1043141
424084 1042844
423705 1043223
424056 1042872
424062 1042866
423820 1043108
423935 1042993
424023 1042905
423879 1043049
423995 1042933
423989 1042939
423165 1043763
423961 1042967
423373 1043555
423592 1043336
423965 1042963
423950 1042978
423857 1043071
423926 1043002
423610 1043318
423898 1043030
423893 1043035
423139 1043789
423865 1043063
423854 1043074
423839 1043089
423482 1043446
423862 1043066
423817 1043111
423804 1043124
423032 1043896
423778 1043150
423765 1043163
423222 1043706
423744 1043184
423731 1043197
423711 1043217
423580 1043348
423712 1043216
423766 1043162
423718 1043210
423742 1043186
423327 1043601
423714 1043214
423368 1043560
423694 1043234
422863 1044065
423670 1043258
423460 1043468
423135 1043793
423648 1043280
423633 1043295
423216 1043712
423551 1043377
423594 1043334
423323 1043605
423575 1043353
423560 1043368
423291 1043637
423536 1043392
422897 1044031
423551 1043377
423536 1043392
423523 1043405
423153 1043775
423528 1043400
423484 1043444
423479 1043449
422959 1043969
423451 1043477
423103 1043825
423425 1043503
423412 1043516
423418 1043510
423165 1043763
423390 1043538
423340 1043588
423364 1043564
423256 1043672
423036 1043892
423330 1043598
423317 1043611
423306 1043622
423168 1043760
423503 1043425
423444 1043484
423431 1043497
423420 1043508
423168 1043760
423392 1043536
423443 1043485
