482776 82026
498266 110499
512299 137220
519173 156621
526859 169758
530116 178770
532437 184386
534948 186804
537288 190944
540302 194928
541151 197097
543805 197850
545136 199350
548169 203133
549189 202941
551144 206334
555244 207084
554613 208194
554110 208206
555128 208872
554121 209253
555629 208257
556342 210069
559528 212664
558934 214086
562120 213102
563233 213978
566143 216204
567034 215898
567370 217719
569347 217290
569199 216810
572473 218472
569207 217590
570029 218412
571258 219048
567173 215412
569367 218574
568089 218499
570327 218598
570063 217968
567930 216687
570682 218841
569769 217077
570124 219597
572206 220317
572163 220380
574250 221610
576053 220941
578165 223470
578904 223308
580736 223125
582535 224244
579241 222435
579839 223638
585182 224949
580169 225171
584269 224640
582979 226002
587190 224631
583815 224328
586273 225390
585348 226809
587673 225549
592173 225942
587596 226596
586468 225879
585639 225954
585520 226044
584039 222378
587602 225048
589037 225111
584600 224484
585881 224790
584087 222987
585615 224382
584942 225186
581236 223785
580418 221232
584418 224403
583833 223761
581451 224130
580622 222153
581611 224541
581174 224121
583511 223602
583959 224097
586227 221457
585896 223989
586259 226455
588023 225999
590895 226098
589035 225441
590763 226254
590740 227133
590463 226227
591213 227460
593276 227514
598264 228378
595375 228381
