227728 666736
257712 636752
257698 636766
257686 636778
257188 637276
257628 636836
257650 636814
257638 636826
257624 636840
257330 637134
257609 636855
257597 636867
257455 637009
257405 637059
257431 637033
257560 636904
257562 636902
257548 636916
257282 637182
257522 636942
257338 637126
257386 637078
257488 636976
257474 636990
257391 637073
257142 637322
257447 637017
257444 637020
257424 637040
256797 637667
257403 637061
257441 637023
257101 637363
256783 637681
257401 637063
257393 637071
257214 637250
257367 637097
257353 637111
257352 637112
257338 637126
257326 637138
257182 637282
257143 637321
257289 637175
256728 637736
257290 637174
257183 637281
257031 637433
257250 637214
257241 637223
257227 637237
256718 637746
257213 637251
257140 637324
257198 637266
256886 637578
257164 637300
256999 637465
257138 637326
257103 637361
256930 637534
257214 637250
257200 637264
256850 637614
257178 637286
257166 637298
257152 637312
256638 637826
257137 637327
257125 637339
257111 637353
257102 637362
256949 637515
257076 637388
257090 637374
256706 637758
257064 637400
257074 637390
257091 637373
257028 637436
256939 637525
256928 637536
257001 637463
256987 637477
256860 637604
256961 637503
256679 637785
256839 637625
256926 637538
256969 637495
256695 637769
256943 637521
256929 637535
256973 637491
256978 637486
256862 637602
256881 637583
256880 637584
256866 637598
