248588 742340
281295 709633
281556 709372
281543 709385
280788 710140
281153 709775
281511 709417
281497 709431
281329 709599
281471 709457
281472 709456
281324 709604
281446 709482
281189 709739
280859 710069
281410 709518
281233 709695
281384 709544
281079 709849
281387 709541
281375 709553
280465 710463
281353 709575
281339 709589
280939 709989
281313 709615
281283 709645
280963 709965
281293 709635
281273 709655
281193 709735
281251 709677
281239 709689
281225 709703
281184 709744
281193 709735
281248 709680
281234 709694
281226 709702
281120 709808
281200 709728
281206 709722
281186 709742
281172 709756
280769 710159
281146 709782
280801 710127
281124 709804
281112 709816
280927 710001
281114 709814
280777 710151
281088 709840
281074 709854
281106 709822
281052 709876
281040 709888
280989 709939
281026 709902
281049 709879
281000 709928
280782 710146
280946 709982
280964 709964
280568 710360
280938 709990
281051 709877
281037 709891
280675 710253
281011 709917
281003 709925
281050 709878
280977 709951
280963 709965
281022 709906
280949 709979
280937 709991
280667 710261
280915 710013
280883 710045
280902 710026
280875 710053
280891 710037
280666 710262
280865 710063
280551 710377
280843 710085
280245 710683
280817 710111
280692 710236
280803 710125
280789 710139
280732 710196
280763 710165
280813 710115
280741 710187
280732 710196
280715 710213
280776 710152
280749 710179
