114897 22359
119220 29943
122998 37743
124682 42606
126452 46164
127764 48708
128805 49959
128880 51324
129902 52449
130402 53007
130870 53067
131895 54225
131904 54720
132452 54831
132777 55254
133212 56322
133504 56409
134459 56232
134625 57129
135050 57279
134571 56481
134976 57330
134941 57507
134021 57723
135204 57717
136353 58233
136307 58056
136106 58848
138103 58539
137800 58959
137582 58908
137694 59958
139113 59400
139244 59619
140533 60006
139159 59022
139640 59943
139208 59913
138533 59682
138967 59778
138939 59955
138227 59565
138868 59526
137785 59832
138768 58401
139632 59535
139205 58881
139606 59598
140120 59880
139683 59670
139423 60330
140527 60528
139753 59958
141611 60990
141562 61083
142296 61122
142108 60564
143186 61191
140979 61215
142304 61248
141793 60939
141924 61479
142620 61230
144506 61716
143999 61809
143334 61536
143243 61284
145190 62088
144915 61788
144926 62001
143730 61782
143850 61617
142844 61785
142335 61017
142592 61593
142675 61650
142099 60990
143139 61530
142043 61665
144167 61329
141209 61290
142920 61368
142786 61455
142887 61242
143173 61398
142703 60618
142301 61032
141041 61317
141356 60756
141712 61152
140657 59979
142296 61167
141663 60813
142677 61311
142472 59016
142358 60930
142980 61191
143980 61188
143345 61452
145012 61620
