130592 379872
148408 362056
148344 362120
148550 361914
148540 361924
148521 361943
148245 362219
148476 361988
148497 361967
148327 362137
148486 361978
148410 362054
148275 362189
148450 362014
148437 362027
148259 362205
148427 362037
148407 362057
148394 362070
148177 362287
148245 362219
148388 362076
148204 362260
148307 362157
148359 362105
148346 362118
148145 362319
148322 362142
148282 362182
148214 362250
148265 362199
148288 362176
148065 362399
148269 362195
148273 362191
148245 362219
148190 362274
148318 362146
148269 362195
148274 362190
148251 362213
148238 362226
148271 362193
148219 362245
148063 362401
148121 362343
148197 362267
148000 362464
148171 362293
148161 362303
148148 362316
148138 362326
148139 362325
148084 362380
148105 362359
148160 362304
148110 362354
148038 362426
148057 362407
148075 362389
148069 362395
148056 362408
147918 362546
148032 362432
148096 362368
148021 362443
148010 362454
147776 362688
148005 362459
147977 362487
147968 362496
147936 362528
148078 362386
148064 362400
148099 362365
148042 362422
148041 362423
148023 362441
147693 362771
147999 362465
148013 362451
147988 362476
147848 362616
147962 362502
147763 362701
147939 362525
147660 362804
147920 362544
147909 362555
147627 362837
147915 362549
147901 362563
147954 362510
147879 362585
147608 362856
147926 362538
147847 362617
147836 362628
147876 362588
147825 362639
