60796 176436
69781 167451
69617 167615
69757 167475
69748 167484
69565 167667
69731 167501
69678 167554
69709 167523
69631 167601
69700 167532
69533 167699
69676 167556
69618 167614
69576 167656
69650 167582
69624 167608
69628 167604
69310 167922
69637 167595
69535 167697
69613 167619
69604 167628
69592 167640
69593 167639
69575 167657
69343 167889
69527 167705
69556 167676
69529 167703
69532 167700
69213 168019
69511 167721
69506 167726
69494 167738
69484 167748
69488 167744
69563 167669
69515 167717
69265 167967
69395 167837
69483 167749
69478 167754
69466 167766
69456 167776
69444 167788
69187 168045
69406 167826
69454 167778
69414 167818
69449 167783
69446 167786
69289 167943
69375 167857
69363 167869
69436 167796
69370 167862
69389 167843
69350 167882
69338 167894
69235 167997
69321 167911
69362 167870
69299 167933
69316 167916
69334 167898
69304 167928
69268 167964
69262 167970
69250 167982
69204 168028
69228 168004
69354 167878
69119 168113
69330 167902
69321 167911
69245 167987
69304 167928
69364 167868
69282 167950
69236 167996
69338 167894
69260 167972
69256 167976
69240 167992
69228 168004
69201 168031
69221 168011
69201 168031
69189 168043
69209 168023
69284 167948
69185 168047
69184 168048
69164 168068
69100 168132
69147 168085
69200 168032
69079 168153
69128 168104
