334016 962912
375999 920929
375984 920944
375971 920957
375756 921172
375858 921070
375251 921677
375926 921002
375911 921017
375898 921030
374925 922003
375873 921055
375877 921051
375854 921074
375849 921079
375759 921169
375759 921169
375827 921101
375802 921126
375789 921139
375141 921787
375764 921164
375789 921139
375332 921596
375761 921167
375161 921767
375735 921193
375497 921431
375716 921212
375701 921227
375476 921452
375677 921251
375541 921387
375624 921304
375652 921276
375639 921289
375637 921291
375614 921314
375003 921925
375592 921336
375579 921349
374944 921984
375554 921374
375620 921308
375630 921298
375390 921538
375581 921347
375596 921332
375442 921486
375234 921694
375532 921396
375519 921409
375387 921541
375337 921591
375498 921430
375370 921558
375470 921458
375459 921469
375469 921459
375260 921668
375423 921505
375410 921518
375399 921529
375248 921680
375468 921460
375254 921674
375381 921547
375370 921558
375016 921912
375068 921860
375334 921594
375388 921540
375310 921618
375305 921623
375299 921629
375325 921603
375221 921707
375260 921668
375246 921682
374639 922289
375224 921704
374818 922110
375200 921728
375231 921697
375252 921676
375319 921609
375331 921597
375144 921784
375280 921648
375267 921661
374913 922015
375246 921682
375233 921695
375222 921706
375300 921628
375217 921711
375197 921731
375210 921718
375167 921761
374670 922258
