46180 133436
53129 126487
53154 126462
53143 126473
53132 126484
53069 126547
53054 126562
52994 126622
53103 126513
52926 126690
53081 126535
53079 126537
53062 126554
53050 126566
52864 126752
52934 126682
53042 126574
52644 126972
53020 126596
52901 126715
52890 126726
52991 126625
52957 126659
52979 126637
52969 126647
52897 126719
52950 126666
52938 126678
52771 126845
52969 126647
52957 126659
52845 126771
52908 126708
52928 126688
52916 126700
52939 126677
52788 126828
52894 126722
52909 126707
52698 126918
52865 126751
52853 126763
52799 126817
52856 126760
52844 126772
52816 126800
52822 126794
52787 126829
52803 126813
52806 126810
52792 126824
52790 126826
52770 126846
52783 126833
52750 126866
52765 126851
52802 126814
52824 126792
52814 126802
52802 126814
52841 126775
52841 126775
52773 126843
52783 126833
52761 126855
52796 126820
52785 126831
52732 126884
52715 126901
52710 126906
52768 126848
52712 126904
52683 126933
52717 126899
52683 126933
52722 126894
52661 126955
52627 126989
52717 126899
52639 126977
52627 126989
52651 126965
52633 126983
52635 126981
52639 126977
52627 126989
52684 126932
52684 126932
52632 126984
52595 127021
52576 127040
52603 127013
52650 126966
52554 127062
52591 127025
52535 127081
52523 127093
52582 127034
52526 127090
52576 127040
