172886 32808
178576 43287
184471 54456
187031 61485
190144 67143
191024 69681
192419 72753
193527 73356
195210 75384
195384 76518
196296 78081
197545 78396
198288 79083
198954 79212
198992 80394
199123 80895
198590 81315
199107 81036
201116 82104
201553 81609
202240 83220
203365 83451
203140 83427
203150 84651
204288 83550
204781 84720
205332 84651
205016 83850
204060 84786
204336 84939
204783 84768
204427 84090
204148 84942
203942 85314
204720 84558
205461 85302
206385 85401
206542 84018
207391 86415
208363 86808
209946 86922
209673 86808
209086 87363
210172 87339
209638 87198
211396 87492
212203 87900
212289 88095
209938 85869
212913 88332
212144 88212
212863 88452
211363 86376
212775 88152
210476 86469
213009 87642
211207 87837
210972 87762
212070 87837
210517 87693
210482 87513
210295 87693
208980 87240
210070 87756
209525 86763
210095 87477
210046 87720
209008 87960
209638 87588
211762 88065
210318 87279
213428 88002
212748 87468
212715 88533
213395 88050
214681 88707
214652 89088
214147 89052
214726 88995
213297 88572
214073 89040
216436 89886
215462 88431
217775 90204
215322 89931
215636 89514
217812 90258
215280 89778
218830 89556
219575 90156
219097 89817
218694 90501
216007 88410
217379 88995
221035 90312
219279 90693
218315 89874
215350 90441
218550 90255
217520 89409
