9517 2445
10009 3366
10414 4125
10590 4686
10887 5151
11109 5361
10970 5382
11053 5718
11303 5781
11259 5910
11105 5619
11319 6078
11321 5877
11353 6015
11774 6177
11383 6066
12030 6237
11587 6225
11669 6264
11645 6105
12154 6186
11694 6267
11909 6384
12107 6369
11810 6024
12063 6438
11871 6348
12113 6474
12120 6513
11964 6447
12283 6501
11919 6375
12206 6546
12579 6516
12331 6441
12087 6561
12305 6480
12185 6522
11983 6555
12158 6498
11931 6489
11992 6576
12059 6387
11736 6429
12428 6456
12210 6495
12489 6567
12445 6639
12104 6552
12024 6762
12708 6561
12353 6381
12642 6696
12762 6651
13102 6738
11939 6216
12692 6687
12813 6768
12309 6561
12995 6792
12524 6750
13142 6717
13140 6858
12867 6681
12937 6720
13418 6687
13485 6753
13322 6699
12653 6795
13332 6783
12995 6588
13016 6600
12334 6534
12265 6600
12591 6522
12309 6549
12223 6603
12314 6621
12439 6699
12755 6555
12335 6768
12649 6624
12187 6636
12911 6702
12625 6567
12571 6723
12986 6699
13140 6510
13116 6597
12707 6519
12798 6744
12766 6729
12745 6684
13236 6732
12906 6663
13262 6549
13348 6606
13371 6759
13029 6462
13192 6816
