466470 79662
481150 106785
495404 132399
501958 151809
509697 166101
512584 172359
515175 178386
517245 182949
520401 186021
522592 189195
522086 189741
525049 193047
527664 194364
530298 197052
530748 198840
532993 200265
535712 200919
535255 201669
534591 199953
535456 202251
535847 203442
536117 203724
539932 205383
539997 205833
543670 206823
543752 207993
546511 206928
546573 209703
547515 209292
552241 210849
550581 211248
550683 212166
549260 209826
552176 211239
552227 211488
549140 209313
549511 211281
551256 211296
547858 209586
549241 211110
549663 210663
551295 212271
551512 212400
552662 211374
553384 213546
555328 214122
554890 212391
557210 215571
558208 215694
560762 216726
558484 214155
561214 217302
560621 215721
563404 217302
564339 217596
564076 218373
564035 218727
564031 218166
569274 218340
567752 218316
568411 217650
568712 219285
568620 219633
567597 219651
568446 218505
568403 218520
565184 217821
569917 218679
566758 218166
566353 218484
565548 217971
565383 217743
564234 217236
565866 217380
562056 217515
561064 217791
561100 217197
564353 217383
563987 217173
563332 216315
562800 217068
563049 216420
563818 217173
561099 216738
563943 217041
565049 218196
566002 217182
567966 218673
568093 217491
569565 218745
569372 219009
571268 219054
569555 219876
573897 220665
576138 221154
572302 220725
574443 221730
577650 222390
575934 222201
577645 221880
