46335 9804
48194 13365
49879 16632
50805 18972
51682 20508
52082 21675
52434 22074
52338 22458
53393 23178
53371 23643
53553 23874
53705 23706
53852 24381
54450 24162
54510 24516
54959 24972
55100 25155
54996 24699
55004 24828
54722 25365
54368 24888
55435 25779
54639 25197
55546 25794
56141 25668
56452 25950
55963 25854
55962 25677
56607 26229
56996 26226
57807 26298
57557 25854
57401 26163
56862 26307
56628 26295
56147 26160
56210 26238
57252 26316
56232 25593
56671 26286
57036 26520
56109 26343
57615 26337
57091 26574
56788 26025
57516 26721
57469 26010
57837 26745
57380 26916
58407 26895
57848 26847
57903 27033
57524 26775
57984 26931
58814 27108
58275 27186
59258 27003
58144 27219
58801 27339
57803 26451
60022 27183
59134 27210
59078 27507
59161 27363
58702 27177
58945 27471
58024 26871
58413 27273
59033 27135
58568 26775
59097 27063
58530 27207
57711 27198
58795 27075
58889 27021
58382 26898
58493 26997
58069 26643
58822 26901
59017 27144
58624 27093
57573 27087
58468 27177
57846 27060
59568 26829
57860 26211
59605 26892
58509 27057
59276 27390
59258 27393
59285 27399
59505 27105
59469 27195
60313 27492
60320 27648
58771 27345
59336 27594
59575 27690
59644 27780
60147 27663
