202274 37356
209279 49824
215606 62799
218361 70335
223069 77637
223910 81228
224519 82131
226751 85530
228257 87315
228414 88848
228931 89883
230156 90081
230943 90807
232030 92112
233251 93243
233288 93630
234418 93885
234407 94410
233529 92985
234430 94827
234856 95628
234806 94629
238072 95637
238997 96627
237673 97230
239186 96963
240778 98145
240440 98157
241894 98469
242734 98838
242200 98568
239985 97419
241091 98277
240789 98688
241888 98838
239227 97377
240300 99030
240489 97779
240163 98670
241431 99201
241691 99435
242682 99993
241690 100182
244169 98736
245211 100314
245004 101004
245422 100689
247096 101244
245977 101463
247280 101736
247193 101622
247765 101553
246597 100305
247107 102219
250067 101694
246732 101991
247384 101886
247503 102753
248526 102252
249164 102333
250492 101787
248427 102453
250011 102150
249013 102324
248632 101964
247385 100146
248217 101733
248755 101463
250759 101697
246944 100062
245814 101292
247242 102075
247545 101430
246832 101184
245798 100365
246304 101748
247301 100353
246350 101190
247935 101922
246797 101268
248659 101709
249135 102003
249813 102300
248685 101910
250952 102387
250481 102768
250421 102888
250772 102885
251450 103272
252221 103761
253490 103809
251768 103338
256066 103683
253059 103998
253307 103854
255263 103893
255251 104106
254425 103965
254711 103995
252370 104169
