114859 22698
119133 30015
122626 37833
124548 41709
126910 46731
127982 48888
128264 50319
128896 51384
130129 52473
131005 52605
131335 53727
130850 53988
131894 54546
131926 55266
133063 56031
133483 56469
134171 55002
134767 56946
133999 56463
134072 57243
134598 57543
134229 57336
135065 57480
134801 57192
134965 57717
136256 58179
136694 58185
137116 58950
136630 57948
136975 59061
137440 59643
137967 59127
138874 59448
139158 59565
140348 59787
140637 59895
140119 60045
139810 59883
138859 59730
138203 59292
139634 59850
138298 59334
139151 59766
137684 59322
138784 59925
138853 59778
138567 59745
139440 59472
139172 59838
139420 59772
140134 60540
140396 60381
140259 59478
142409 60897
141533 61074
140591 60780
142140 61071
143291 61335
141395 60852
141908 60990
142765 61089
143477 61485
143183 60648
143157 61791
143702 61203
144460 61611
143731 61680
143823 61785
143938 61989
143017 61836
144235 61980
141951 61398
143168 61749
143432 60726
144391 61704
143371 61527
144191 61596
142113 61233
143862 61251
142378 61029
142820 61287
143888 61038
143651 61248
142323 60633
143083 61041
142583 60843
141448 60642
143407 60870
142217 60798
143179 60945
142304 60561
143453 61182
142799 60684
142716 60750
141743 61263
143406 61155
145259 61494
143122 61473
145237 61170
144635 61113
