419080 72324
432249 96987
445519 121134
450261 137655
458386 149331
460304 156753
462257 161739
465903 165636
467924 168153
469435 171054
471154 173172
472037 173658
474941 177216
477010 178320
477801 178635
479348 180984
478911 181908
478955 182214
479581 181059
481699 183462
482860 184734
485430 184305
487552 186651
488379 185523
488140 188664
491761 189372
491807 189765
491431 190443
494268 190251
495060 190602
490823 187851
494283 190422
492838 190509
493084 191196
492003 190398
490380 189297
491820 190332
492001 191490
493420 191190
495781 191511
496266 192591
497033 193668
498835 194103
498892 193431
501134 194568
502019 195123
502984 195465
502520 196299
502156 194376
505543 196995
505465 196731
505575 197025
505801 196914
508598 196533
507917 197748
507918 196683
510911 198246
509309 197973
507690 196629
509957 197445
508635 197496
508525 195726
508848 197547
503358 196332
503624 195897
506384 196692
505684 196377
505199 196179
505307 196062
504673 196065
504085 195975
503362 195348
506560 196233
503251 195198
506241 195186
505871 196284
504077 196275
509311 196500
509992 196629
508451 197247
509601 196962
509641 198807
510239 198030
512718 198375
513650 199461
511804 199062
515929 198990
515155 200298
512136 200793
514351 199563
515459 199746
517151 201420
517297 199440
517394 201540
520745 200691
516623 201408
516606 199695
517711 201666
520384 201240
520059 202392
