729310 121227
750817 160419
770766 200724
783046 227193
793372 248037
795586 259755
802862 268149
805111 273816
807946 278286
811540 283368
814954 285975
818310 291336
822040 290817
822725 293484
821966 296319
824759 297951
825824 299232
830449 301491
833053 303789
834766 305322
837349 308103
841478 310041
840619 308613
845725 310614
844933 311526
845421 311616
846097 311007
843757 311766
844908 311214
843198 312219
843227 310572
844184 313083
848034 313959
849951 315795
851478 316251
855968 318252
855853 319539
859064 320730
858237 319281
860718 321132
862153 321150
862988 322908
864879 321447
866843 324621
866927 323166
870452 324231
869576 325053
869738 325125
869332 322245
868005 324900
869020 323550
870052 324012
868315 323364
866880 322596
865553 323865
865877 321591
867798 321630
864906 323274
863398 322530
863135 321756
863409 323121
865259 323262
865987 323283
865239 323511
868018 321933
871164 323751
871145 325299
873633 323823
874187 325926
875940 325299
881138 328329
881010 329481
882756 330075
883404 329604
883351 330003
883166 329685
881105 330372
884931 331086
886406 330660
887544 331797
884128 331611
887479 332001
885141 330555
892183 332118
890812 333165
891848 331296
893365 333132
893431 334170
890930 334158
892511 330426
896261 333684
893094 334038
895315 333804
894028 333819
891943 333483
892888 332499
895768 333090
892068 333270
888202 332214
895518 331551
