663078 111036
683309 146523
700945 184557
712630 208164
720481 228321
723775 239004
729777 245322
732883 250446
735725 255642
738448 259629
743105 263925
744444 263994
745354 268260
747538 269883
747862 271446
753170 273948
752634 273798
756946 277869
760180 279024
762007 281226
763498 280674
765959 281277
768176 284106
765333 283017
765571 284094
763438 283341
764917 284445
764613 284163
765182 285465
768460 285909
769680 288129
772661 286680
774475 290172
775810 289443
778320 292179
779232 290982
779463 293844
781494 291927
783364 294816
785484 295506
786690 292908
788780 296022
789545 296874
787287 292674
790357 297279
789466 295953
789119 296307
786544 296373
788364 295827
786365 292530
788674 295122
785955 293928
785698 294039
783206 294516
784029 295053
785233 294513
785196 295446
783483 293073
788228 296208
786223 296289
791475 297024
792894 296715
794780 297666
792262 295083
798570 299583
797441 300855
798583 299241
799360 302688
800023 301932
800354 301932
803082 299520
802430 302856
805753 302730
804651 301842
805568 301974
803265 303063
803074 301194
807633 304227
812563 303984
809802 305316
808663 304398
809736 304884
809573 305382
807278 302070
811853 304587
812277 305283
810185 305478
811996 304758
808972 304545
809567 304602
808937 302232
811727 304353
804411 298527
805524 303528
809630 303201
808923 302610
805079 303198
803528 302445
804503 301674
805343 302322
