325023 58068
335273 76524
345133 96645
350959 108909
355530 118809
357074 124656
359802 128580
361296 130617
362847 131448
364117 136287
365327 136038
368028 139446
368546 140643
370177 140877
369408 141993
370494 142086
372135 143628
373465 144297
375626 145902
376688 146874
376513 145854
377300 147843
379518 148587
378154 147480
377273 148242
379910 148902
378971 149055
378326 147522
380904 149205
377831 149598
380204 149787
380431 149670
382607 151074
385102 151506
384197 152208
386172 152598
387441 152016
385519 153693
387815 152637
387686 153402
389061 154479
389142 154317
390880 155007
390789 155430
390824 154929
391931 155196
392091 154776
392027 154500
390996 155037
391386 155010
389727 153234
390688 154713
387960 152697
391544 154788
388864 153168
390463 154113
388510 154263
389084 154563
385387 151983
389706 154341
389813 153615
391830 155172
392864 155202
391851 155742
393640 155688
394052 154845
394796 156501
394218 155658
397253 157107
395582 157200
396071 158493
398011 157350
398932 158088
399464 157071
398423 158070
399452 157467
399419 158463
397992 158505
400253 158328
399285 158724
399928 159069
402793 159594
404112 159741
403812 159015
403126 159477
402143 158754
401723 158742
401930 158910
402953 159537
402134 160713
401805 159702
402884 158547
405522 159603
404246 159600
404470 158937
402139 158892
399182 158637
399612 159249
400391 158136
400298 158820
