294166 53343
303404 70173
311817 87528
317541 99318
321407 108924
323729 114204
325134 117414
326748 118500
328761 122301
331348 124332
332328 126030
332927 125802
332825 128049
333114 126504
335062 129294
336844 130683
337702 131781
339332 131733
340972 133416
342930 133791
342534 133923
343928 134835
342129 134232
342283 135486
342826 135105
342100 135420
341390 135402
342659 134550
344990 136125
345368 137403
346840 136881
347117 138288
348612 138360
348638 139284
349601 139185
349607 139947
350530 138819
349966 139782
351135 141168
352064 138462
354536 141264
353001 141108
354274 140622
351958 141081
352553 140514
351402 141417
350305 139920
352655 140211
351571 140349
351574 138957
351668 140220
352639 139944
350710 139962
350955 140340
349569 140076
351100 141048
353356 140103
354409 140889
354763 140310
354353 142236
355468 142452
355813 142377
356319 141759
355555 143094
360625 144102
358631 141270
357931 143562
358395 144297
359662 144096
361366 144528
360295 141609
359017 142476
360308 144468
363178 144459
362526 145275
362939 144996
361188 145449
365332 143988
365986 145455
365454 145425
362826 145506
363742 145893
363841 145587
363378 145467
361802 144336
363564 144690
361481 145227
361196 144588
363156 144582
361755 144510
361457 144243
357909 142254
362143 144135
362526 144480
361122 143997
360468 143589
362983 142779
359367 143334
360959 144180
359339 143790
