340695 60792
351549 79596
360882 100635
366927 113094
372549 124374
373469 130740
376223 132945
378978 137055
380826 139104
381601 141477
383980 143751
384961 145281
385767 145179
387093 147369
386106 145974
387161 148911
389665 149391
389898 151413
391536 150963
393192 153018
393823 150306
397403 154803
397177 153630
397979 155640
399330 155781
398931 154617
399177 155883
398202 154026
398888 155913
397465 154509
397575 154581
398585 156717
397983 156714
399870 158076
402577 156807
402740 159075
404520 159537
404105 159027
406861 160377
406940 160326
406058 160299
408223 160977
409091 161616
410753 161895
411321 162276
410214 161841
412301 162522
411314 161901
411604 162588
412506 162621
410374 162324
410717 161679
410332 160359
411289 161730
408990 160815
408557 162357
406674 158793
410380 161637
407519 161106
408563 161205
408186 161433
408782 160938
407052 157473
410041 161490
408350 160644
410394 162264
412376 162132
412396 160941
414120 163401
414732 163053
412950 164682
415250 162168
416800 164772
415795 164760
417547 165189
419006 165852
418364 165738
417356 165744
420867 165768
417003 164643
418692 164772
418568 165423
418004 166029
419174 163776
420887 166077
421523 166788
424635 166416
419817 164610
425148 166608
424243 164628
424568 166317
426420 166743
419994 166224
425385 166122
426995 166791
422533 166566
420810 167178
423773 166380
421948 166245
421227 165990
