597225 100851
615437 133770
631508 167472
642569 189087
648711 207639
654568 216972
657784 223224
661374 227814
661920 229869
666114 236670
669735 239670
670661 241809
671109 244041
672108 245130
675266 246843
677622 248157
681365 251319
684304 251658
686370 254376
687150 252783
691245 255948
688814 256341
690810 256488
686773 254865
687256 257451
688803 257433
689593 257943
692584 259683
693561 258969
695901 261903
697801 262761
699038 261591
700242 264507
699235 261381
703461 265806
706533 266898
704571 265011
706925 268065
709069 266919
709316 268488
710246 268467
709210 267024
707998 267345
705016 264684
707882 267738
708050 266448
706973 266256
707910 267471
705127 267123
704567 266829
705175 266610
704506 266049
704632 266943
707469 268248
709043 268269
710554 267003
714085 270240
712143 271008
714335 267480
716838 272091
718200 272550
720803 272862
721364 272949
720333 273456
722505 274080
720773 273759
721035 271530
722039 272865
725468 273948
726451 275211
727787 276006
725235 276162
727017 276333
727712 276120
729584 275238
729131 276618
731357 276468
729385 277458
730486 275106
729050 276336
731110 275739
727833 275649
726765 275955
729960 274935
725001 274950
723388 273612
727029 274449
723207 274503
727885 274272
723425 274038
725128 274389
725821 273585
723547 270381
723610 273081
722930 272670
723170 271329
726466 271926
723340 272664
721264 272424
722991 272016
