33637 7596
34905 9990
36079 12513
36960 13992
37661 15492
37641 16344
38117 16563
38359 16734
38334 17472
38793 17457
39031 17925
39349 18042
39300 18357
39415 18501
39399 18600
39378 18174
39798 18681
39969 18858
39853 19128
39930 18531
40245 19125
40655 19278
40802 19314
41299 19398
40751 19368
41112 19353
41323 19299
40499 19254
40612 19149
40522 19725
40768 19209
40666 19191
40864 19506
40735 19545
40633 18918
41339 19737
42055 19767
41301 19920
42037 19947
41101 19950
41555 19881
41727 20136
42124 20214
42670 20052
41548 19785
42559 20262
42381 20196
42599 20397
42025 20253
42153 19737
42415 20145
42228 20259
42628 20280
42252 19839
42297 20223
41706 19908
41907 20019
42562 20040
42065 19806
41831 19878
42281 19884
41563 19809
42481 20070
42263 19818
42379 20058
42348 20109
42798 20355
43195 20271
42388 19974
43012 20241
43121 20010
42893 20505
42460 20559
42895 20457
43340 20658
44214 20721
43229 20556
43448 20442
43288 20424
43032 20613
42709 20478
43148 20466
43520 20673
43496 19782
42962 20532
44053 20793
42465 20721
43666 20550
42554 20382
43854 20265
43651 20274
43982 20520
43144 20505
43926 20688
43136 20532
43495 20472
43466 20745
43711 20370
43294 20628
42607 20328
