263163 47928
271839 62967
279509 79545
284599 89823
288050 98913
290296 102066
291580 106185
292837 108252
294368 110961
296362 111861
297181 112401
298693 114708
297942 114939
299799 116376
300842 117498
301407 116487
303478 119724
303953 119985
305611 119850
306785 120936
306056 121041
305052 120204
305982 121254
305672 121398
305857 121551
306493 121467
307554 122940
309182 124122
310640 124401
310628 124893
311908 124068
309715 124128
312341 125760
313628 126072
314202 126027
314489 126843
316287 126933
316074 125586
316728 126732
315545 126510
316269 126996
314182 125475
313782 125373
314839 126369
311838 126648
313853 124518
313857 126519
314381 126294
313590 126213
314629 126474
315862 126054
315480 126987
317098 126102
318599 127647
317283 127809
319245 128166
321004 129009
320553 128250
320175 128988
321260 128289
321408 129717
321999 129072
319394 129585
321346 129993
321138 130191
322011 129177
322928 130071
323322 130212
324450 130920
326510 131235
324262 131325
326549 130575
327193 130995
323801 129858
325841 130896
324243 130710
324756 130659
326738 130872
324209 129417
325145 130722
322061 129417
325847 130182
324979 130416
320755 128028
323779 129714
321776 129930
324071 129570
322069 130536
320949 130035
321936 129576
324087 129549
321599 129693
321957 129042
321502 129753
322110 128805
321592 129759
323166 128997
322673 128379
323757 130188
322216 129738
