580921 98718
598157 130041
614224 163881
624154 184677
630537 202020
635979 212241
639029 215592
642829 221859
644373 227286
646983 228201
651380 232638
652142 235629
653365 235740
655630 239511
657495 238587
660038 242529
665029 245007
665872 246930
666301 246501
666592 247860
669724 248022
669664 249267
666800 249252
668857 250404
668358 250008
668369 251583
670659 252570
673481 251124
675412 256011
676701 256149
678056 255348
681309 256977
682737 258492
682790 257100
684326 259323
688106 259974
687521 259533
689118 261270
688019 260880
689372 261312
690793 261150
689885 260820
687489 260715
688629 259908
687361 259464
687336 259551
686466 260100
684176 259470
686674 260127
684889 257037
686050 260322
688403 260757
688039 261213
689497 262884
693763 261906
692743 262401
694129 263544
696505 264237
693815 264972
697304 266226
699380 266244
701107 266241
699573 267129
697938 266580
700712 266412
706491 267318
707339 267000
702229 266865
704456 268488
704758 267858
709382 268338
709907 269043
704317 268785
707310 266304
709266 267612
708152 269325
707659 269088
709177 268410
706137 267447
705218 269490
706248 268272
707324 267963
706069 268200
705993 266748
705030 268104
704779 265119
705395 267618
702218 265293
703609 266613
701370 266976
703018 266733
701603 266520
704961 267012
698955 263931
702277 266670
702072 265617
702857 265413
702575 266139
700860 265644
701550 265881
