142 63
138 99
169 123
166 138
180 120
159 150
168 141
178 156
197 150
202 144
218 147
188 147
192 144
190 141
169 156
165 153
188 147
193 144
173 132
169 150
191 138
177 159
185 147
162 138
160 156
159 150
149 147
176 117
161 120
151 90
131 102
132 69
156 87
169 123
154 138
171 141
169 150
169 147
189 153
161 135
188 144
204 153
248 147
222 141
158 150
191 141
173 150
152 150
189 153
207 147
196 153
219 147
185 156
180 156
185 153
183 138
191 138
162 150
155 135
157 114
152 93
136 75
149 84
150 99
158 123
171 132
173 135
183 141
160 141
166 168
179 159
171 159
219 147
201 150
188 144
174 150
164 138
156 147
166 147
222 144
197 138
227 141
210 135
177 153
172 156
174 153
174 147
189 147
182 141
163 135
144 117
142 93
138 81
130 63
155 96
162 114
165 132
177 144
175 147
170 144
