630438 106572
649014 140073
665883 176271
676925 198678
685014 218475
688628 226242
693334 234720
696616 237603
699519 244107
702033 248517
705189 250479
707760 254118
708199 255006
709836 257169
710899 259167
714180 260262
717766 263127
719355 263895
722636 267252
725340 267567
726624 269691
728516 269319
728589 270072
727317 269880
726908 271011
724260 267087
726965 271845
726350 270948
728457 273252
730196 274116
733984 274182
736506 276222
737800 278034
740228 277938
741133 277608
741350 279372
744370 279528
742585 278325
746130 281172
746045 281811
749481 281715
749126 280875
752067 281709
748957 282333
746382 279849
746554 281310
748084 281652
749289 280761
745056 277152
743974 280884
745311 281115
739783 275334
745026 281001
743293 278769
745285 281160
744517 280803
748962 282789
751468 281991
752161 283203
751905 284169
753688 284928
754346 284733
758205 286392
758701 287196
758658 285825
761081 288045
761450 287961
761725 288474
764144 288162
762609 288768
763473 288183
761885 289368
764694 289317
764211 289686
766067 289707
767491 289941
768269 288465
765469 291090
768889 289005
772348 290211
768826 289482
772387 291171
770870 291363
771516 290433
769000 291081
766946 289434
769022 290508
765828 287442
767646 289935
764959 285285
765650 288975
764443 289071
765801 287175
763894 288306
765498 287649
761402 286548
764111 288048
760535 287745
762967 287211
765260 287202
