547700 92604
564857 123774
579674 155304
588859 175209
596187 191949
600886 200568
602829 203982
606532 210708
609333 214752
612963 218985
614317 219867
615606 223542
616864 225045
618217 224889
621266 229140
624154 231009
626522 232455
629300 233619
631439 234894
630031 235791
631090 235935
629762 234228
629750 235413
629893 237000
630253 238257
634291 236352
635008 240252
637692 239844
639433 242283
641391 242601
642734 243630
642069 242091
645433 245037
645337 242376
650467 246510
648947 246351
649106 246780
649776 246813
649529 247632
647804 247296
648064 244413
647724 246642
648229 246753
647870 246252
647229 245895
646666 245106
647878 246753
645628 246495
645993 245652
648484 247065
649520 245451
652151 248502
654148 247644
655163 249855
653785 250149
658057 251019
657007 249279
659072 252789
660514 253053
662644 252180
664692 252669
662525 253032
662642 253176
660639 251280
662939 251721
664880 254355
666236 253734
664874 253707
669016 255081
667450 254658
670454 254580
667147 255156
667280 253083
669332 254346
668549 255465
667425 253323
665274 253647
669283 253980
668224 253947
665736 252702
666713 253347
665099 251109
664706 253026
662124 251691
662987 253218
661452 251880
662633 251436
661629 252402
658447 249153
662187 251700
659981 252105
661998 251250
660450 251913
665027 251907
663947 251769
664719 250443
661919 251928
664797 251748
662858 252456
666097 252741
