158279 30153
163696 39723
168789 50250
171916 56841
173852 61680
174994 65376
176065 66744
177464 68271
178072 69384
179147 71142
179561 71016
180673 72756
180938 73230
182274 73638
181604 73443
181596 73746
182882 75000
184429 75057
183696 75519
185477 76449
184687 76179
185788 76620
186920 77655
187252 77553
187694 77274
187732 77754
187342 77277
187925 78063
185931 76971
186943 78039
186624 77091
187680 78033
188286 78033
188294 79044
188988 79164
189662 79344
190230 79683
189818 79626
190373 79671
192569 80061
190333 80199
191223 80586
192763 80631
192999 80604
193755 81051
193776 80850
193214 81066
195561 81342
191952 79998
192936 81003
194439 81051
192556 80451
192817 81156
193636 80829
190605 79053
192059 80424
193102 80901
191826 79833
192764 80568
192224 80718
191716 80484
191458 80403
191425 80796
190509 78867
193791 80502
193607 81045
192978 81678
193986 80862
195661 81498
195207 81879
194365 81711
196115 82308
195609 82029
197034 82242
195086 82650
196470 81978
199052 82872
196606 82947
196523 82824
196503 82197
198600 82752
198483 82122
198938 83352
198673 82920
199160 83514
200076 83139
199955 83286
199864 83217
200008 83367
197964 82584
199748 83172
198208 83349
197658 83052
199963 83337
200307 83493
199290 82911
199670 82545
200532 83040
199258 82668
197875 82710
