762431 125826
784693 167175
806010 208818
818035 237291
830044 258699
832959 271374
838557 278523
842191 284121
844461 290631
849881 295062
853326 298980
856401 303003
860026 305844
860944 306483
858583 308061
863220 310368
862614 310725
865182 314337
867948 316005
872743 317577
874636 318306
878027 321867
880627 323775
883134 323340
884503 326037
884466 324000
884500 325992
884032 325086
884379 325236
883158 326394
882513 326541
883060 325548
882931 326274
887550 328023
887330 327300
890652 330846
893034 329331
894827 332193
898388 332949
899337 334953
900410 333042
902775 335511
903381 336072
904689 337248
905295 337050
910402 338289
909894 338733
910408 337500
911651 337242
911929 339540
911923 339228
912452 338682
913799 338781
908530 336120
907038 335481
909420 338700
907129 336417
908119 337092
908764 336840
903158 333135
905472 336705
903783 333612
905659 336306
903118 336657
906664 336417
908909 336741
907101 337305
909792 337113
913131 338502
912634 339735
915094 340542
915543 340320
914861 341271
914602 339852
919327 342891
923450 344664
919913 340302
926325 344982
922360 341988
926510 345420
930036 344796
928029 345510
929357 345072
927350 344349
925874 346299
926848 345459
930806 346371
934332 346128
926244 346602
935695 347622
934059 345963
928679 347067
935150 347178
930391 346968
934705 347415
937481 348261
937066 348519
933373 348339
930946 347985
934731 347976
