498765 84996
514414 112623
529309 142356
536633 161277
543579 176568
547280 182205
551006 189309
553889 193452
554481 198612
557869 200604
560211 203115
561923 205023
562455 206514
565948 209553
566614 209361
568722 211641
572159 214326
572368 211329
574081 215337
573175 213276
572878 215385
572975 216444
574985 216012
576970 218325
577576 218988
581372 220626
583341 221946
584593 222429
585065 222072
587318 223845
587282 223263
588713 223569
590532 224205
592350 226092
592755 225600
591491 225486
590629 224751
590529 224772
589669 225579
587838 225534
586653 224340
585450 223512
587535 225813
586969 226119
587963 225402
590738 225843
591664 226956
592007 226761
595462 228180
596080 226863
596032 229731
599255 229536
600666 230655
603584 229434
602115 230985
600830 230814
600347 228585
603099 231225
604551 231351
603520 232065
606750 232629
604630 231855
607964 233415
609541 233349
607555 233391
609213 233673
609412 233289
607308 233799
607946 233535
604917 232284
608647 231561
603347 231744
601674 230955
606444 231831
604276 230361
603806 231705
605718 231825
604249 232080
598245 229371
606059 231468
601346 231804
602708 231438
604688 230508
600989 230694
602647 231222
599452 229911
603499 231069
605036 230238
603040 230850
603484 231180
609742 230931
607948 231789
608108 231840
608023 232578
608926 233028
608800 233343
610577 232728
609744 233505
611268 233571
610840 234591
