204 93
216 135
237 162
224 156
263 195
256 195
242 207
236 204
288 207
271 213
274 213
263 204
297 207
242 222
351 195
304 192
343 204
317 210
316 210
274 198
244 207
281 201
312 192
294 204
294 207
308 207
305 198
273 210
274 192
291 204
310 198
287 213
262 207
276 204
238 207
240 201
233 189
243 177
230 162
213 132
213 120
209 96
217 132
233 150
246 180
267 195
233 216
245 156
229 189
266 219
228 213
270 213
256 216
272 195
250 213
346 195
324 204
320 183
281 201
307 207
235 204
234 195
231 198
306 192
299 201
303 198
334 198
290 222
282 222
261 204
269 207
267 210
274 210
221 219
286 189
261 210
252 201
252 201
250 174
224 156
213 135
208 93
204 114
223 132
234 138
243 180
258 177
249 207
260 201
230 183
275 207
249 195
254 228
288 207
283 210
296 195
321 198
334 195
347 204
310 180
