387281 67437
399766 90216
411492 112725
416754 127233
423951 139569
425230 145959
428055 149742
430157 154368
432934 156819
434413 157422
435880 161688
438045 161382
439848 165198
440992 166209
442056 167508
442720 167106
441327 168774
442891 169164
443686 170472
445845 171579
446946 171912
451026 173700
451164 173226
451288 174642
454051 175536
454763 175209
456076 176640
456702 175968
455439 176319
456017 176991
453627 176091
453472 176940
453700 177438
454391 176241
455880 176724
454304 176337
456650 178119
457931 177756
458545 179289
460541 180258
460373 179853
463972 181086
463778 181494
462068 180435
464935 180153
465414 181974
465827 182235
467358 182547
467344 182925
468363 183675
470131 182790
468674 183774
468508 180345
470640 183063
468287 182889
467149 183741
468054 183282
468879 183162
468410 182682
469420 182412
468654 182325
469911 182403
464394 181899
466393 182487
465471 182406
464613 181776
466563 182376
464803 179922
466352 181713
465955 182682
466777 181665
467037 182349
465979 182442
469504 182868
469555 181704
472385 183594
474789 184107
472929 184194
470830 185376
472462 185073
476517 185775
474457 184323
477610 186927
472220 184158
475163 186744
479433 185709
475940 186030
478377 186708
478072 186345
479410 187857
477469 186138
479773 187503
479915 186726
476947 186996
478680 186561
479868 188208
480019 188538
481357 187077
482446 187581
480400 187503
