187486 35160
194299 46887
200207 58443
202876 66657
206573 72033
207939 75738
208885 77958
210485 79845
210651 81486
211153 82092
212730 83529
214127 84624
213818 85653
214698 85647
216806 86658
216078 87132
216802 87462
216673 87762
217122 88068
217564 88992
218370 89085
220228 89721
220567 89874
220072 89838
220814 90891
222284 91302
222650 91161
222898 91968
223648 91374
223332 91614
223820 91797
222226 89958
222859 91980
222479 91908
222706 92061
221137 90069
222081 91830
223291 91887
223444 92757
223773 91653
225170 92664
225644 93570
226330 93921
226334 92289
228598 94098
227814 94557
227933 94422
225797 91632
227663 94338
229547 94950
229475 95322
229405 94221
230592 95286
230730 95547
228797 95358
230898 95199
231482 94566
230942 94905
227292 93273
230156 95106
228874 93381
229734 94734
231078 94782
229408 94005
230041 94509
228056 93186
227947 94320
228555 94653
228253 93324
229822 94119
228277 94521
227387 94593
228697 94926
228683 94194
228859 95037
229622 93747
232032 95403
231244 94845
231606 95592
232848 95718
232267 94977
232503 95880
231770 96717
231821 95223
232929 96705
234765 96369
234900 96990
232589 95244
236097 96990
231260 95424
236063 97110
234929 96933
236472 96990
236770 97050
234340 97530
236085 96666
236317 97431
235420 96924
235737 97677
237970 97911
