278858 50442
287595 66930
295740 83562
300703 94635
304430 103854
306217 107964
308307 110544
310366 113718
312133 116121
312976 118431
314449 119901
314290 118521
315360 122019
316928 122484
316802 123288
319005 124026
320495 125673
321551 125976
323118 127083
323780 127089
325194 128319
324509 127503
325673 128013
324181 128637
322533 127728
324195 128616
324565 129294
326135 129861
325334 128691
327383 130893
329962 132054
327791 130305
329661 132036
331667 131607
331925 132681
334180 133023
333545 133104
334259 134070
334996 133830
334176 133923
334630 132408
335710 133713
334343 132759
334026 132699
333871 133506
334036 133359
331600 133509
332771 133032
331904 133557
331635 133224
331105 133497
332768 132450
332777 133944
335024 133170
335857 134340
336273 134550
335364 134757
337985 134619
336022 135885
337777 136146
340401 136527
338577 136551
340640 134883
339997 136704
338863 136497
341794 136719
341421 136371
339504 137250
341554 137562
341294 136368
344670 137373
343514 137601
342709 137463
342722 137748
344195 138813
344352 136800
346038 137592
346071 138576
345452 137610
343793 138417
343347 137817
345914 138375
342198 135639
343751 137451
343636 137364
341704 137436
343010 137028
342474 137484
342078 137070
340190 135678
341508 136833
342900 136320
341845 137007
340606 136299
341330 136812
340698 135615
339882 136467
342851 134973
341205 135948
341887 136218
