696227 116121
717041 153603
735762 192885
748009 217830
757031 238017
760259 249219
765822 256884
768837 262230
772595 267147
775334 271929
780097 273867
781841 278646
782749 277734
784545 282330
785216 283401
786599 285600
789664 286755
792375 289821
795292 291165
798567 293592
799447 292227
802632 296802
805491 297195
805428 298296
802463 293922
804409 298257
804588 298332
805522 298209
803244 298035
803605 299097
807455 299739
809260 300480
811172 302739
812833 301884
815987 303825
818352 305790
819856 305202
822618 306888
821862 307968
822724 306843
823213 308943
828354 309681
826583 307566
829530 310884
830397 310839
829131 310122
830723 310896
829616 310983
827594 307845
831337 309312
828006 308811
827596 309081
828285 308730
823757 308211
826249 309102
822112 304527
823994 308556
825260 308775
824371 306933
822147 309438
823505 309642
826439 309324
828586 308457
831534 310641
831935 312030
835451 311409
835298 313998
838192 313323
839555 314055
839182 315720
840723 314595
842493 316704
844314 315435
847134 316671
844978 317421
841938 314721
846144 316590
843956 317094
844049 317679
847145 317301
848078 316983
850640 319020
849431 319527
850736 316782
852278 319944
846392 319239
850819 318537
854113 319998
855744 319050
848813 320133
853101 319992
849022 317637
850481 318984
855858 318174
851135 319077
847389 317640
849676 317790
845210 317010
848499 317037
846020 317448
