679853 114405
699873 149796
718543 188229
729891 213087
738594 232620
741564 245184
747486 250878
750013 256494
753352 260064
758631 266067
761513 269895
763975 271143
765107 274302
764934 273558
767381 277359
768235 277050
771955 281985
774256 281220
777818 285777
778213 287085
782716 289251
784653 289644
785062 288879
787522 290811
786158 290334
787416 291384
785478 288729
785490 291192
787142 292161
786567 292200
787109 294264
788694 291261
791102 296517
794392 297474
797454 299028
799192 299295
800005 298368
800838 300024
800871 300909
802850 299772
807363 301305
808519 302445
809721 303054
808049 303453
806281 299565
812532 303825
808232 303156
807390 301407
805115 303204
806101 302160
807036 302127
805664 301125
805945 302292
804300 299154
807257 301344
804445 301329
805059 301293
803787 302055
806029 301851
805938 302163
806506 303483
811105 303810
810943 302595
812381 305391
811030 302859
815600 306258
818137 307410
818066 307389
820772 307878
823259 308295
821329 309111
823368 309459
822168 308544
823761 309897
820617 303837
823072 309987
826781 309945
825851 309969
826040 310470
827930 311004
831865 311643
825521 310161
832908 311730
830307 312057
830362 311598
827424 310077
833359 311955
834440 312939
828693 310152
832524 311499
831628 311352
828469 312069
831250 312291
831393 310245
832524 310785
829928 310962
824461 311091
823528 309945
826768 310464
830507 309669
