73053 15153
75870 20067
78161 25203
79757 28047
81111 30987
81556 32571
82481 33564
82340 34281
82909 34236
83514 35451
83844 35064
84511 36408
84742 36168
84669 36903
84591 36894
84844 37401
84289 36435
86635 37554
85997 38025
86340 38004
86769 38409
87174 38685
87521 38463
87042 38958
87887 38958
87382 38118
87813 38802
87790 38754
87098 38463
87334 38781
87873 39051
87273 38802
87929 39330
87651 38820
87775 39441
89337 39702
89330 39744
88825 39546
89275 39720
90430 40080
89070 40023
90143 40401
90664 40272
91600 40467
90187 40299
91224 40485
89983 40500
90960 39552
90311 40542
90314 40344
90469 40263
90141 40446
90440 40218
90014 40260
90826 40116
90669 39501
91305 39894
89421 40248
90309 40332
90061 38814
89677 40116
90066 40017
89567 40212
90129 39963
89742 40212
90071 40398
90403 40674
90948 40647
91174 40851
90839 40245
92067 41037
91347 41031
90591 40401
92255 40578
91781 41010
92353 41202
92363 40065
93177 41412
93259 41433
92187 40884
92709 41496
92847 41655
93179 41385
91612 41076
93739 41454
92943 42030
93761 41301
93109 41199
93763 41133
93491 41547
94314 41658
92886 40992
92807 41541
94118 41448
93508 41418
95243 41562
94339 41550
94129 41424
93246 41166
93398 41211
