356146 62799
367332 83409
378176 104598
384588 117999
389931 129165
391175 135918
393931 138534
395388 142635
396641 143646
400102 147363
400252 149655
403251 150879
404271 151794
405893 153189
405146 154980
407095 155388
405742 153408
408981 157290
409757 158187
410890 157872
413126 159831
414334 159402
415276 161493
416977 161931
418123 162600
416893 162882
417453 162270
418349 162852
418055 162876
416429 161745
416249 163212
415795 161694
416095 163086
416859 164112
420363 165159
419705 164106
420971 165072
422036 165585
425420 167286
423023 164958
425882 167391
425626 165393
427419 168219
427210 168735
426627 168651
427869 168549
429595 169518
431195 169131
431555 169695
430626 170142
433835 169266
428360 165849
431090 168597
430292 169470
429661 168000
430441 168645
428035 168363
429430 168699
427216 168528
427350 166956
427718 168603
427223 168072
427651 167607
427550 168528
427112 166167
428214 167934
426414 169050
430474 169266
430749 169053
431918 168915
431442 169989
433775 169986
432784 170688
434597 171273
434680 171618
437512 171831
434996 171078
436404 172134
437561 172269
438596 172761
438603 172185
437490 171432
437938 172032
438502 173169
440063 170661
439485 172674
438063 172896
443454 172143
441046 173547
441175 174303
439780 173613
443478 174294
442960 172149
445007 173787
438699 173823
443969 173313
440159 174207
442881 174024
445542 174618
441554 173340
