745666 123636
767958 164142
788051 204597
801232 232248
810559 253299
813637 265278
819627 271419
823952 279702
826705 283989
830298 289371
833950 293550
836560 295851
840971 299691
843235 300000
842924 301107
841965 303864
845715 305889
846088 305091
849600 310125
853929 311247
856691 313407
861302 314856
862035 316119
864551 318135
865205 317079
865546 318894
863295 317982
863791 319128
864955 319563
863283 318720
862162 318975
860666 318456
863535 320412
867837 321450
868732 323736
872954 320919
877116 325443
878854 326475
878594 325914
880641 327639
878689 328092
880420 328914
884854 330543
887498 329820
888418 328440
889001 331056
889679 332070
888475 332001
894812 332223
889878 330798
892202 331596
891189 331260
889542 331497
887680 330759
887054 329940
887783 329484
886894 330108
886934 330057
883937 327861
885978 330006
883294 329388
886385 330435
885787 329481
883176 326280
886707 330477
889338 329325
890744 330861
889991 331209
895561 333198
897373 333486
895120 333177
895977 334071
901965 335712
901562 333435
903238 337035
903553 337383
904323 338637
901517 338940
902380 337470
903226 338877
903825 335952
906046 337107
907830 338904
907892 339525
908915 338316
907805 339591
911341 339321
914034 341004
912797 341322
915675 341142
911939 339978
916520 340863
915470 339663
913698 341106
916430 338508
918569 340617
916701 340893
915270 339720
913955 340401
915486 339468
