483008 82722
497835 109626
512051 138228
519336 156675
527234 170751
529868 177915
532314 182892
535821 188256
538708 191826
540860 194127
541535 197232
543762 198657
544967 200631
547682 203580
548679 203571
552644 206313
552622 207348
555477 207675
554785 209421
554932 208074
555114 209871
554776 208971
557608 211332
557932 212403
560230 212286
562486 214149
562542 213924
564578 216306
568098 215559
569482 216882
569097 218037
571739 217866
572842 218856
571110 217026
570097 218871
570379 218265
568419 216705
571001 218349
567516 218469
569929 218256
569155 218439
567353 218088
569279 217932
569998 218373
573085 219207
573525 219657
573642 221643
573717 219645
577227 221505
578790 223518
577917 221667
580889 223671
579195 223173
580287 224043
581176 224157
580878 222504
582531 224856
581439 223944
585901 225618
585752 225141
589126 226797
586046 226122
586762 223221
589394 226422
588785 226824
588420 226176
588506 225522
587654 225633
584387 224892
585657 225720
586225 226002
584490 222666
585251 225138
585865 223833
582872 224760
581983 224469
582737 222864
583478 224568
582963 220890
584114 223974
582992 223983
584047 223515
581894 224220
582937 224016
583578 223572
583661 223659
585474 224325
586466 223713
588062 222180
583808 224913
590053 224694
587618 225255
590591 225324
587645 224598
590954 227370
590709 227307
592806 226404
594685 228354
595026 228126
594471 228921
