309735 55884
319519 73599
328368 92295
333866 103812
338589 114159
340220 119502
343253 121533
343579 125367
345814 126993
347881 130161
348718 131796
350230 132954
351772 133935
351226 134250
351928 135207
354038 136626
355265 137751
356816 138531
357992 139653
358833 140445
359382 140856
361042 141432
361315 141504
361447 141207
360005 142125
359170 142209
359263 141564
361077 142983
359965 140787
361452 141858
363997 143451
363409 143133
365612 144852
366512 145521
366890 145899
368228 146046
367221 145719
368077 147141
366926 146415
370565 147969
370750 147033
372492 148398
373500 148005
374496 147609
372562 147879
374005 148038
373364 147417
372350 147483
371524 147048
372063 147438
369505 147312
371883 147516
369984 145815
370736 147078
370068 147006
370254 147288
370544 146946
371682 146862
371253 147594
373262 148053
373849 148596
372885 147861
375770 148650
372476 149235
377279 149829
376895 148497
377425 150405
378834 150870
379992 151113
379312 150285
380382 151548
379103 148665
378816 151308
379048 150435
379454 151902
380113 151869
380131 152133
381569 148266
382099 152397
383861 151461
384515 152193
380063 150810
386487 152400
382734 152436
386101 152676
384681 152820
384339 152775
382270 152460
381593 150306
385424 152403
383131 149979
381934 152148
381263 151998
378799 151131
382423 151410
380164 151353
382381 151227
381620 151062
378769 150720
382978 150753
