232555 42465
240372 56487
247213 71205
250888 80532
254841 87735
256921 92070
258424 94632
258975 96207
261482 98904
262097 100608
262207 99276
263842 102456
264288 102837
266289 104427
267788 105342
269461 105294
269518 106950
269890 107154
269532 107586
269710 107988
269365 106887
269451 107544
270780 108873
271265 108978
271785 109566
273202 110688
274658 110544
274018 111186
273304 109305
276605 111750
276113 112143
278542 112500
279317 112239
278058 112290
278717 112524
277851 112956
277673 112554
277256 113109
277634 112866
277300 111393
277047 112587
276639 112653
276138 112452
276606 112071
276284 111414
277821 112899
279975 113427
280223 113409
280529 113754
281759 112362
281200 115032
283493 115095
283050 114351
282731 115623
282922 113745
283889 115386
284073 115626
284082 115038
284375 115857
283634 116328
284912 116010
284886 116439
283581 114408
284735 116160
287994 116577
287786 116268
288110 117213
286598 116742
288163 117138
285186 116403
287660 116337
287198 116631
285968 116157
287333 115317
286030 116175
285611 115908
286682 116142
284491 115872
283739 115941
284208 114318
284994 115596
284347 115080
284357 115632
283826 114864
284115 115425
283893 115902
284205 114210
287300 115032
285913 115272
283734 115116
286065 115656
286624 115836
286940 115644
286689 116703
287440 115932
287354 116349
286907 116982
288819 116313
290072 117666
287800 117333
