129406 25251
133606 33123
137569 42081
140505 47100
142304 51984
143445 53793
144069 56049
144811 56613
145736 58032
146368 57777
147528 60075
147577 60519
148068 60405
147830 60594
148614 61158
149780 62298
149650 62703
150603 62889
151500 63351
152422 63534
152982 63963
152338 64101
152580 63648
151483 64272
151900 64398
151881 64224
152225 63366
152686 64815
153996 65217
153801 64959
154531 65427
155206 65532
155367 65481
155182 66120
155591 66396
156628 66645
157072 66744
157130 66768
156196 67002
157440 66453
157351 66957
158049 67320
157778 66408
156984 66912
155784 65685
156739 67026
156750 66435
156596 66507
155209 65376
157220 66330
156539 66522
157334 66318
157984 66789
157202 67038
157271 66537
157532 67152
158804 67794
157724 67314
158423 68001
158380 66843
159865 67833
159755 66876
160473 68502
159613 68385
160683 68169
161835 68688
159543 68538
159678 68295
161384 68553
161535 68472
161280 68388
163112 68463
164438 68814
161350 68613
161378 68835
162401 68832
163234 69252
161548 68973
161159 69075
162588 69042
160857 69054
163605 68505
162918 68868
159498 68385
161441 68592
160831 68217
161356 68442
163326 68490
161371 68250
161311 67470
161351 68403
159772 68322
159838 67155
161483 68130
160693 67818
159749 68400
161208 67878
159659 67803
161601 68199
160715 67584
