275 138
288 150
306 207
301 219
317 201
314 270
291 165
347 258
328 240
288 267
366 261
338 282
359 264
350 279
356 270
383 258
384 264
379 255
418 276
455 258
380 279
373 264
404 258
362 264
301 264
312 270
372 270
342 255
410 258
414 258
390 273
457 255
389 264
403 261
394 270
404 270
330 285
349 267
360 258
367 255
339 264
336 267
361 279
336 264
303 273
318 237
328 237
324 225
308 198
278 159
274 126
270 129
288 162
315 177
328 234
299 210
300 267
356 255
333 270
349 252
342 267
371 255
361 270
356 279
353 288
375 264
349 267
380 261
378 276
395 285
397 279
391 270
301 267
359 261
421 255
316 258
346 264
310 264
307 267
413 270
435 240
395 261
361 264
447 276
455 261
386 252
382 264
351 279
372 270
318 270
369 267
348 273
367 255
341 261
333 267
326 264
334 255
343 234
316 219
304 204
