371466 65124
383221 87030
394711 108255
400341 123528
406571 134505
408551 141162
410937 145728
413285 147024
414377 151455
416857 153363
419059 154704
420163 157458
421482 157752
423298 160377
423284 160815
423851 160116
424556 161997
425531 162828
426711 164256
426969 165786
428499 164757
430338 167286
431686 167739
434800 167130
435359 169110
435520 168003
437577 169632
435871 169506
435508 168300
435894 170034
435429 168291
435665 170076
432775 168171
434452 168315
436323 170928
437447 171243
439545 171864
439425 172101
439217 173388
443272 173661
443200 173142
441806 174654
445435 173379
445242 174603
446338 175353
447461 175275
446294 175623
450019 175656
450571 176460
449980 175656
449783 176748
449053 176784
449500 176034
448602 176334
446480 174831
450217 176337
448069 176172
448375 175620
445861 174018
446158 174870
446829 175389
448767 175494
445670 174762
446624 174951
448160 175368
445074 174795
446024 175326
448830 175314
449044 174882
448460 175413
451549 176490
449468 176841
451427 177165
451565 175110
452183 177114
451555 176898
452810 178065
455092 177306
456705 178248
458334 179121
456732 179298
457769 180024
457220 175458
458927 180045
457299 179781
457049 180255
458087 179127
459633 178197
458012 180267
460143 179154
456716 180177
459453 180519
460721 179367
461080 179910
463678 181152
462577 179499
464278 180891
461906 181131
461468 180144
464720 180885
