403332 70332
416008 93462
428231 117162
434205 130920
441321 144984
444342 151413
445515 156543
448418 159135
450045 162819
451623 164454
454202 167076
453323 166764
456587 171477
459728 172557
459216 171615
461321 174486
460081 175458
460889 175569
462134 175158
464490 177579
465030 178521
467574 179718
468231 178125
469688 180978
471272 182217
472084 180729
472941 183747
474428 183654
474541 183753
473839 183444
474052 181692
474201 183708
473677 182907
473652 183816
472179 183972
471674 183354
474827 184134
475072 183486
478054 185130
477206 185805
478605 185952
481060 186807
481611 186810
483508 188223
483732 188916
483187 188196
485499 188781
483271 188193
487984 189669
484875 189327
486239 189327
488168 190605
485255 187557
489901 191064
489152 189759
489471 190896
489204 190554
488222 190119
486125 190728
487676 190134
486623 188679
487610 188016
486739 189174
485865 189705
485193 189927
484234 187716
487076 188829
485323 189432
486767 189375
484302 189276
483939 189183
483546 188847
485403 188781
485379 188115
486597 189474
487484 190167
488593 189201
491975 190737
492428 191382
493293 191679
491725 191358
491091 191079
495555 192465
493564 192357
498532 192300
494318 193824
493166 194187
499341 193974
494695 191511
496680 194214
495365 194166
498108 193515
500042 194265
499286 192588
498849 194013
499303 194559
499428 193923
501534 194427
502146 195075
504121 195261
