613851 103266
632722 137247
648276 172287
659435 194262
666194 212142
671152 222732
675406 228531
677784 233235
680823 237711
684574 242676
687680 245889
689446 248202
688635 248694
690959 250938
691822 252027
696724 255663
699135 257262
700366 258885
703783 259440
706682 261831
708714 261936
707951 261837
708150 263325
707631 264033
705798 262275
707733 264213
707710 263853
707970 264948
712518 266547
714840 267345
715869 269208
719829 269934
718903 270693
719645 271644
722417 271800
724351 272415
725070 273840
726002 272409
727770 274536
728763 275433
730215 275094
728959 275232
726399 272157
731096 274566
729582 274635
728624 274425
727260 274293
722565 272388
724875 273804
725797 274230
727160 273768
722839 273936
724975 273615
722537 272880
728695 274344
727702 276375
730160 275850
731156 275679
730829 276876
734188 277851
736151 279414
735419 279093
739983 279840
737014 278370
739784 281085
741597 281262
743813 281208
741639 280026
743063 281358
742865 277680
744832 282156
743369 279057
749013 283176
750930 282423
748918 283218
749351 283536
748180 283536
746241 283455
748211 281337
750070 283998
748046 279729
749666 283419
747548 283293
746012 281130
746345 283188
746838 282987
748144 282786
746155 282474
746181 282132
745965 280875
744918 281331
743764 281982
745625 280482
745072 280518
745230 280035
744942 280395
743507 279051
742443 279627
744198 280437
742688 275676
