100753 20058
104248 26706
107789 33519
109364 37521
111115 41586
112034 43392
112524 44247
113163 45717
113846 46263
114415 47151
114558 47796
115190 48408
116024 48642
116633 48267
117372 49698
117113 49176
118700 50325
117788 49788
118411 50304
117784 50880
117762 50655
118074 50814
117257 50883
119559 51639
119630 51675
119983 51294
120356 51990
120067 52479
121221 52506
120433 51717
121544 53163
121956 52872
122340 52704
122315 52785
122607 52785
121401 52491
121288 52965
120959 52386
121731 52716
121987 52923
120594 52353
121837 52215
121410 52809
122138 53355
122182 51816
122566 53490
122984 53439
123858 53952
123724 53166
124208 54126
124227 53757
125720 54312
124564 54576
124720 54246
124341 53760
124546 54393
126114 54258
125430 54555
124167 54147
125152 54657
126754 54294
126130 54438
125441 54606
125959 54624
125875 54492
125342 54576
125029 54606
125698 54465
125265 54363
125915 54534
124768 54222
124415 54402
124499 54180
123669 54435
124519 52554
124967 53631
124065 53865
123410 53385
125534 53760
125218 53745
125692 54237
125359 54153
126131 53847
124201 53790
125871 53973
125490 54489
126063 54207
125810 54429
127079 54171
126638 54885
126343 54699
126871 54912
126971 54408
126989 55104
126157 54867
127137 54723
126970 54903
127662 55068
127716 55107
128395 55566
