247870 45210
256329 60192
263460 74934
267615 85272
270968 93765
273135 96318
274896 100362
277141 101580
277299 104961
279282 106539
280142 106656
280554 108426
281409 109608
282442 110406
283330 111588
284665 111528
286139 113568
286743 112485
286968 113715
287606 114228
287129 113397
288131 114732
289012 114858
288907 115347
288039 115272
290331 116349
291266 117039
291574 117702
292746 117981
292741 118119
293733 118356
296480 118563
295231 119313
296981 119196
296918 119463
297929 120114
296747 120039
296704 119811
295459 119418
296140 117846
294821 119406
295847 118569
294047 119673
294741 119625
295073 119724
295474 119082
295321 120141
296358 118917
296135 119868
298002 120663
298722 119511
299035 121266
299228 120387
300998 121890
300117 120564
301074 122343
301576 122463
304835 122235
304241 122700
303885 122802
302623 123126
301129 121602
305302 122937
302868 123192
304866 123537
303865 122739
306805 123639
305836 123825
306992 123582
306331 123537
308217 124086
307953 123789
305313 124002
305448 123423
306810 123285
306681 123540
303722 123156
305757 123297
303866 121659
305688 122607
304068 122601
305985 122997
302311 120981
305228 122607
304366 122280
305483 122589
304029 121575
302770 122373
303161 122373
300409 121878
304254 122265
302778 122493
303812 122850
305302 122538
304792 121731
305211 122334
304935 122940
304155 123129
304072 122949
310237 122775
