450341 76767
465231 103500
479072 129384
484805 147000
492960 160353
495616 166899
498063 173118
500277 176388
503542 180327
503751 183444
505952 184266
507898 186117
510452 189294
512485 190581
514360 191907
516312 193332
515334 191841
518052 194886
517821 195561
515208 194268
517473 197079
518983 196293
521091 198948
522808 200184
524118 200661
525802 199902
526087 202350
529228 203052
530767 203922
531140 202041
531891 204114
532253 204552
531776 203667
532339 204510
532297 203901
531448 203514
529636 204546
530295 204555
527561 201330
530342 203877
532470 204681
530767 204945
534997 206649
531974 203958
534507 207387
538704 208200
538093 207363
541140 209631
539090 207837
539084 208509
541016 210702
538878 208860
542149 209331
544435 211116
543161 205923
545329 211476
548477 211950
545712 212151
546252 210864
549588 209754
547532 211809
548642 212199
546933 210720
546330 209043
545184 211431
546252 211473
543596 210855
545366 210525
547634 211308
543934 210294
547193 210555
543666 210180
543725 210222
545977 210234
542543 210372
545748 209721
541010 207942
542522 210057
544986 209952
540806 207420
547737 210423
544034 210285
545878 211113
549057 210831
548325 210825
548268 211950
550290 211794
547957 211365
551382 212070
551082 212721
549899 212880
552029 214098
552835 211275
552232 215055
557304 214941
556370 214617
557052 215223
556527 215286
558721 215343
558073 215787
