86634 17457
90181 23376
92933 29208
94666 33204
96160 35928
97015 37863
97051 39240
98028 39342
98225 40698
98373 40191
99176 41832
100150 42222
100799 42687
100502 42816
101415 43365
101015 43230
101049 43707
101266 43914
101014 43818
101433 44031
102348 44646
103196 44094
103309 45174
103295 44772
103431 45516
104500 45549
104831 45687
104879 45738
105217 45816
104535 45021
104755 45816
104413 45168
104666 45861
103026 45390
104302 45411
104359 45735
104809 46146
104323 45702
104727 46140
105854 46515
105702 46434
105938 46407
106377 46866
107113 47250
106643 46884
107374 47070
105973 46707
105822 46788
108352 47439
107833 46857
107688 47403
107661 46971
106879 47598
106756 47442
107535 47544
108426 47565
109806 47535
107537 47544
107667 47133
107147 46926
107645 47355
107700 47412
107744 46845
106628 47211
108419 47148
106676 46887
106390 47181
106107 46494
107600 47316
107750 46896
107750 47166
107965 47310
107374 47226
108217 46749
107393 47253
107985 47106
107138 47631
109214 47631
107735 47559
108753 47586
108345 47805
109421 47808
109523 47676
108442 48045
108776 47658
110078 47862
110550 47967
110642 47988
109523 48039
110952 48201
111785 48360
110627 48165
109775 48315
109274 48126
111241 47718
110098 47952
111047 48630
111056 48459
111594 48486
110291 48771
