564176 95442
581695 126969
596811 158964
606144 179550
613465 198081
618681 205548
621950 211851
624389 215973
627569 221097
630481 224853
632307 225279
633780 229161
635172 230949
636299 231864
640300 234906
642468 236865
643866 238593
645977 240678
649166 241113
649840 242442
649368 242709
649141 240675
649864 242835
647242 242622
648159 244332
650647 244281
654257 246498
656013 246636
657947 248439
660273 249549
658784 248592
661464 250794
662322 251721
666301 251001
668105 251751
666225 253788
669246 254343
669431 253278
670025 254139
667801 251613
669640 253833
667473 251202
669809 253437
666590 254055
665468 250101
666382 252915
666237 253695
666537 252111
666563 253101
667508 253149
665827 253632
669154 254970
667786 251529
672582 256110
672676 256650
675444 257652
677859 254550
678580 258279
678477 259011
679445 257982
680553 259734
681725 258405
682885 259812
679301 257244
680651 259830
685474 260211
686293 260706
686478 260622
687330 261267
689309 262281
688813 260913
685889 261930
689036 261984
689787 260031
686969 261336
690389 262347
685814 259953
688565 261930
687755 261915
682122 258642
685259 261051
686494 261030
683107 255618
684196 260697
683549 258345
684067 259962
685670 259881
684249 259131
683970 258507
685195 258810
682840 259278
681232 259854
682237 259143
684540 258579
683699 258549
681851 259233
682992 259119
679595 254196
682570 258948
681833 258624
