515333 87561
531452 116535
546132 146904
554516 165009
560900 182187
565523 189426
568185 194973
570872 198936
574155 203979
577107 206055
577710 209073
579053 209613
581278 212811
582677 215280
585267 215712
587356 217644
591434 219945
591992 221025
591197 221373
593116 220944
592362 222051
593456 223146
590790 222690
594166 224436
594034 223158
599502 226653
599247 227784
600833 228723
603979 228237
604269 230229
607466 229698
605680 231867
607187 229212
610291 232293
611357 232800
608264 232323
610587 232458
608987 232923
608236 232008
608329 232458
607910 231945
606909 231645
607372 232779
606231 231906
606858 230832
607844 231372
607088 232989
609650 233850
614951 234507
614009 235398
617637 235812
615909 235059
615676 236457
618417 237237
619404 236673
623739 238164
619116 238572
620104 238383
620257 238263
622442 236913
621152 239193
627090 239787
623478 238131
627666 240147
625893 240138
628050 240690
629141 240093
628120 238206
626466 240564
626212 240525
627309 240138
625034 236847
628186 239820
625929 239064
623254 239772
625704 239367
626053 238947
621732 238782
623681 238161
623041 239319
622916 237162
622712 238512
624542 238806
623632 237825
623111 238218
624061 237270
621665 237324
625257 237864
623773 237786
624512 238395
623637 237711
622478 237078
624609 238746
623783 237222
624656 239178
625490 238848
626921 238875
628878 240018
628416 239175
630108 240336
