713197 119283
733756 156651
753770 197109
765666 222036
774732 242949
776882 254349
783894 262689
787218 267555
789734 271575
794848 277398
797578 281916
799266 284610
801968 285999
804073 287472
803072 290592
805193 291297
809152 292839
812917 296379
814547 297507
819563 299823
818354 300039
823058 302637
823912 303816
826641 305163
824293 301737
825369 304962
824572 304365
826118 304263
822889 304887
823487 305241
823694 306129
826867 307362
828232 308136
831582 308523
833823 311013
836195 312567
837159 312273
837795 313866
838998 314454
840199 311238
845750 315453
845240 316911
845686 316836
844289 314526
847702 318162
849741 317907
851100 317484
849796 317307
848962 317733
848803 316101
848929 315555
851750 316395
847710 315540
845363 316062
844573 312771
846602 315549
846002 315534
845687 316449
843035 313461
843921 315204
843847 315162
849838 315585
847512 316620
850245 316767
850162 317229
850018 316863
853402 318936
854560 320343
854128 318477
858453 321039
856573 319686
860164 322518
863071 320520
863577 322917
863951 324495
864413 319977
864291 324948
864980 321849
862917 323862
866256 324453
866573 324573
868337 325152
866680 323661
870408 325554
870955 323466
874386 326781
873319 326028
868921 322359
874388 326451
874359 327615
875173 326766
873359 326940
872926 326604
874008 326337
878516 326373
870591 326082
869062 321912
869189 326487
865750 325605
866771 322671
