59636 12603
61939 16662
63865 20616
65276 23631
65935 25989
66518 26706
67331 27933
67918 28356
67915 29070
68379 29664
68525 29619
68603 30483
68556 30135
69153 30606
69337 30324
70429 31131
69900 31413
70024 30798
70378 31809
71147 31620
71097 31728
71074 31833
71048 32076
70974 32151
70683 31593
70902 31866
71186 31938
71161 32103
71951 32565
71541 31965
72078 32850
72331 33060
72324 33036
72480 32502
73017 32961
73142 32667
73080 33348
72980 33432
72946 33189
73552 33483
72683 33366
73643 32634
74045 33219
74204 33306
73373 33405
73759 33189
73555 33270
73069 33180
73222 33192
73915 33417
72977 32706
73344 32796
73277 33225
72915 33402
73471 33504
74924 33546
74176 33735
73902 33246
74266 33885
74145 33843
74680 33702
75047 33792
75722 34203
75236 34056
76156 34215
75248 34014
75078 34011
75668 33963
75617 33630
75242 33861
75607 34299
75887 33927
75843 34272
75898 33981
75469 34422
76079 34860
74133 34638
76103 34368
75935 34680
77269 34620
76266 33792
75942 34296
75441 34410
74800 33498
76166 34362
75728 34353
76312 34287
76499 34080
75193 33663
76209 34158
77356 34119
75318 33924
77378 34653
76245 34020
74714 34008
75002 34128
75199 33366
75936 33768
74851 33873
75085 33648
