646777 108684
665983 143454
683365 180411
695051 203460
703132 222933
706398 234300
711736 240138
714426 244689
715738 249966
719472 254082
724957 258336
726064 258216
726640 262005
728387 262974
729522 265341
733455 267003
736920 269850
739105 271404
741634 272421
743549 274815
743891 275799
745870 274668
748338 276501
748933 277119
745500 277071
746257 276885
745760 277242
746046 279225
747667 279108
751077 279648
750670 281901
753866 281313
756392 284214
756155 282597
760499 285402
758364 286320
762393 286560
766265 287130
762771 286317
767023 288750
767406 287460
771532 289329
770570 290184
768116 289350
769829 288321
768905 289359
768485 289293
765900 287769
768796 287466
765276 288516
767789 287745
765941 287322
767184 287469
764991 286614
764391 288144
766681 287706
764068 286092
767982 289383
767033 287952
770666 290547
771571 290493
770382 290772
774911 292458
777334 292707
773428 291090
781540 294801
778704 294834
782873 295539
779487 292869
786430 294780
781829 296079
785636 293292
784762 295887
781937 294876
787053 296421
785294 296823
787100 297534
786892 295689
789385 296832
786597 297288
791011 298332
791440 298155
789657 298293
788368 295302
791884 298449
793883 298059
789253 296682
788737 297408
787411 295899
789766 297219
787601 296625
786426 294225
786344 295203
786273 294765
782628 295428
787389 294639
783906 295158
783889 293379
779927 294642
786989 295074
