34 24
34 33
38 36
37 30
39 39
36 39
50 36
39 36
34 36
39 30
34 21
34 21
38 33
36 36
37 39
42 42
40 39
46 36
31 39
34 36
33 33
30 24
31 27
34 30
39 36
46 33
53 36
36 39
43 36
37 39
34 30
38 39
34 21
30 27
35 30
33 30
45 36
34 39
51 33
40 36
41 36
32 33
31 30
29 18
31 21
40 30
34 33
40 39
51 39
36 39
38 39
30 39
39 36
36 30
31 24
32 24
40 33
34 36
45 36
38 42
38 45
31 42
33 36
38 30
36 27
33 21
29 18
31 30
36 39
43 36
40 36
46 33
34 39
37 36
39 33
35 27
30 21
35 30
33 30
37 39
54 30
42 36
38 39
36 45
34 39
38 33
33 30
29 18
35 24
35 33
31 39
42 36
41 36
49 36
34 39
39 39
43 30
31 30
35 33
33 21
