217232 39864
225060 53199
231944 66786
234533 75384
238739 82869
239917 86688
240937 88680
242406 91371
243963 93231
244985 93210
246407 95256
246872 96606
247883 97647
248832 97890
249150 98196
250763 99786
251077 99591
251636 100839
251762 100023
251632 100521
251964 101550
252975 101238
253344 102690
254364 102939
254819 103950
254658 101682
256768 104238
257104 103536
258340 105060
258447 105273
258986 105816
258638 104754
258814 106035
258623 105255
259360 105747
257171 103473
259436 105402
259602 105543
258962 105810
257880 105249
259352 105498
259867 106098
259427 105840
260137 104526
261906 106677
261042 106287
262172 107070
262342 106893
264407 108108
264277 108246
264303 108201
265681 108117
264932 108474
264879 108066
265595 108075
265152 109197
266831 108825
266952 108603
268174 108834
267865 109302
266848 109761
268586 109413
267497 109911
266620 107781
268357 109275
267879 109401
266224 109446
267679 109317
266696 108681
266804 108684
267924 108738
265156 108918
267075 108846
265044 108264
266336 109317
265235 107700
266317 108180
266981 108408
266034 108675
264577 107796
268574 108018
265051 108393
265149 108579
266640 108264
266146 108228
267232 109044
265995 108804
268191 108717
269716 109563
265740 108609
269187 109626
268689 110130
269634 109818
267952 109035
268761 110709
271789 110496
270468 110793
270287 109884
272230 111033
273444 110871
