278743 50553
287715 66789
295589 84081
300800 94296
304978 103923
306805 108219
308514 111507
308826 113253
311254 116457
312728 118143
314990 119577
315441 121002
315586 121779
315550 120879
318031 123537
319180 124794
319947 125451
320802 125955
323228 127110
323553 126744
322982 126795
324203 128490
323508 128220
323919 127875
323821 127665
324402 128985
324288 128346
326265 129558
326027 130539
326872 130617
328644 131058
328547 131202
331756 131271
330288 132480
333287 132885
332350 132942
332841 133590
333212 134190
335598 134067
334591 132123
334884 134334
335580 134040
333216 133899
333588 132729
332095 133428
333361 133131
332832 133182
333833 133596
332491 133407
331740 132726
331115 133248
331188 131439
333066 133614
334276 133734
334196 133965
335485 133974
336217 134085
337844 134775
338935 135477
340051 135555
339513 136485
339780 136617
338746 135909
341132 136755
340477 137016
340131 136968
339608 136494
343300 136932
340693 134847
343031 137304
342813 137004
345334 137805
345150 137676
344596 136605
344561 138492
344605 137973
344044 137736
344512 137547
345680 137613
345099 138141
345626 137748
346519 137982
344160 138042
342585 137403
342429 135801
344096 137406
344265 137655
345646 136944
344490 136719
341263 136956
340469 137463
340496 134922
341189 136734
342276 135843
341128 136755
343177 136800
338925 135228
341937 136653
344331 136752
343023 136563
