143731 27996
148492 36252
153048 46170
156056 51687
158161 57099
158885 60018
160278 61107
161442 62187
161917 63876
162674 65064
164286 65841
164038 66129
164692 67077
164287 66573
165308 67572
165719 68316
166040 67806
167425 69396
167672 68889
169032 70311
168258 70578
169799 70716
169917 70731
169342 71031
170044 71070
169789 70164
169272 71187
169068 71109
168582 71436
170212 70914
171204 71739
171844 72225
170639 71736
171498 72063
173340 73008
172792 73356
173015 73035
172935 73392
173914 73749
172893 72597
174096 73644
176103 74028
175483 74157
175446 73725
174744 73359
175689 73992
175170 73809
174636 73233
173349 73512
174939 73521
174543 73194
175480 73371
174948 73761
174210 72843
174667 73701
175529 73689
173503 73662
174564 73356
173620 73773
175106 74598
175468 74199
175149 73938
176476 74454
177901 74895
176819 74877
176129 74397
177778 75414
178520 75156
178546 75588
179251 75606
178104 74655
179609 75273
177751 75372
178867 75342
178937 75621
180519 75705
179711 76026
178947 75894
180685 74940
180257 75906
181184 76149
182022 74979
181346 75750
182131 76053
180114 76011
178989 76167
181568 76062
180422 76083
179750 75978
182113 74655
178569 76281
180320 75798
178468 75972
179193 75312
179800 75741
181091 75588
179336 75234
178355 75057
176982 75093
178733 75504
