434583 74355
449150 100299
461627 125640
467360 142242
475497 155265
477989 161877
480394 167670
481867 170952
484347 173559
486544 177264
488458 179235
489329 179403
492574 183156
494181 183687
497350 186477
496973 187032
498417 187230
498525 188616
498203 187590
498738 189432
501389 190743
503042 191931
502811 191871
506144 194010
507747 194781
508259 195237
508031 193584
511398 196311
513059 197016
514057 197598
515798 197946
511637 196233
512232 197796
510594 195654
512857 197436
510791 198051
510973 197208
512635 197097
510919 198207
510298 197136
515605 198573
514717 199503
515674 198387
518168 201057
520291 201864
521895 199608
521774 201720
523073 202833
521687 199764
520106 203559
524231 203490
523737 202872
527069 204471
522925 203775
528303 204570
525598 203838
526915 204666
527131 204900
530608 204933
527868 202773
527427 204090
528551 204690
527396 204138
524144 204231
527705 204225
526716 203874
525325 203664
525817 203226
523730 201819
524235 203856
523886 201435
525177 202884
524640 203256
523160 201273
523957 202572
521976 200514
524717 202074
525310 203175
523076 200460
527293 203208
525091 202035
527704 204129
526471 205212
528330 205074
528597 203979
529603 205293
531662 205773
531713 205848
530559 206325
533590 206841
536896 207555
535742 207348
538718 207966
536352 208098
537302 207984
535196 207798
536097 208581
534952 207732
538128 206619
538678 208638
