83 45
92 66
92 78
99 87
104 75
101 102
105 96
131 93
135 87
100 90
94 96
107 84
83 90
119 87
104 96
107 93
89 87
101 84
102 72
80 60
78 51
81 51
91 60
92 78
86 84
110 87
106 93
123 87
105 87
117 84
136 90
101 93
128 93
129 87
113 96
95 102
101 96
105 84
97 87
99 81
93 72
80 45
83 42
86 72
95 69
95 84
82 75
110 90
118 90
118 87
130 87
109 87
103 99
91 87
121 93
112 93
101 99
101 93
105 87
102 87
99 75
89 63
82 48
83 48
92 60
96 84
100 84
92 93
122 93
89 96
110 84
120 90
119 84
93 96
115 90
120 87
124 84
107 93
104 102
95 87
94 90
87 78
93 69
83 54
81 54
90 66
96 81
100 72
106 93
114 90
127 87
106 90
116 87
120 87
103 90
123 99
103 84
128 96
115 93
92 105
