531784 90285
547567 119766
562932 150846
571957 170562
577603 185694
583740 195195
586158 200424
589869 205119
591263 208425
594372 212958
596004 215163
597203 217395
598604 217185
601199 220008
604695 222948
606785 224589
606734 225450
609497 226419
610650 228786
611544 227877
609955 230064
610263 228588
610568 229041
611553 230895
612950 231645
616711 231567
618889 233745
620794 234996
621276 235980
620988 235740
623394 237762
625314 237957
626947 235737
627696 239559
629215 240138
630187 239532
629745 237654
631351 239409
630300 239925
629187 238170
629715 237519
628589 237612
628422 239160
627716 239601
627173 239244
624237 237060
627587 239571
627991 239067
629325 240837
634144 240789
631942 239268
633645 242493
634424 241995
638208 243009
636610 244692
640233 245160
636434 244305
641413 245208
639466 245190
640852 244209
642239 246174
643105 245529
645076 247032
645801 247014
642551 245253
647496 246966
647771 247203
642847 244206
647550 247689
650028 247701
646898 247971
648633 247380
651164 247512
644152 245649
646659 247095
645580 244707
643816 246156
645366 246738
644522 245838
642472 244662
642160 245958
645602 245967
644327 244749
645194 245535
640609 245481
639556 242229
641482 244845
642578 244824
643140 244653
640308 245505
646297 245238
641929 244404
644670 243969
641258 244806
642825 243666
643226 244737
648742 245313
648583 246570
649869 245577
647918 246600
