172775 32700
178767 43299
184740 54300
187437 61638
190195 67362
190815 69768
192434 71895
193754 73872
194127 75783
195653 76644
195847 76416
196943 78825
197579 79488
198417 79251
198328 80484
198588 80970
199614 80997
199808 81750
200045 80631
201714 82467
202926 82200
203161 83565
203464 83934
202897 82551
204829 84219
205326 84597
205611 84012
205992 84876
204933 84915
204778 85095
203689 82971
204723 84756
204190 84384
204903 84264
205010 85293
205738 85506
206650 85860
205877 85701
208073 86277
206764 86856
209430 86769
209198 86787
209059 87645
208702 86799
211280 87567
210172 88137
210764 87321
211147 88137
211442 88071
212317 88002
212778 88458
212925 87720
211707 88206
209965 88086
212024 87861
210965 87315
210537 87867
211136 87567
211182 87804
209143 86889
210124 87789
210483 86604
208924 87468
210292 87453
211993 86955
208508 87138
211982 87309
210154 87738
210642 87417
210360 87942
211544 87849
211767 87990
213573 87843
213378 88311
213805 88977
214203 88566
212458 89016
214801 89232
214062 88923
214615 89631
216730 88866
215828 89955
215756 89457
216186 89127
215450 90192
216321 89949
215375 88278
215148 90345
216248 90153
216984 89406
216543 90282
219585 90111
215829 90531
216645 90096
218653 90123
219293 89649
218225 90708
219595 90024
217744 90075
220193 90075
