12999 13000
13000 26000
13001 26000
13002 26000
13003 26000
13004 26000
13005 26000
13006 26000
13007 26000
13008 26000
13009 26000
13010 26000
13011 26000
13012 26000
13013 26000
13014 26000
13015 26000
13016 26000
13017 26000
13018 26000
13019 26000
13020 26000
13021 26000
13022 26000
13023 26000
13024 26000
13025 26000
13026 26000
13027 26000
13028 26000
13029 26000
13030 26000
13031 26000
13032 26000
13033 26000
13034 26000
13035 26000
13036 26000
13037 26000
13038 26000
13039 26000
13040 26000
13041 26000
13042 26000
13043 26000
13044 26000
13045 26000
13046 26000
13047 26000
13048 26000
13049 26000
13050 26000
13051 26000
13052 26000
13053 26000
13054 26000
13055 26000
13056 26000
13057 26000
13058 26000
13059 26000
13060 26000
13061 26000
13062 26000
13063 26000
13064 26000
13065 26000
13066 26000
13067 26000
13068 26000
13069 26000
13070 26000
13071 26000
13072 26000
13073 26000
13074 26000
13075 26000
13076 26000
13077 26000
13078 26000
13079 26000
13080 26000
13081 26000
13082 26000
13083 26000
13084 26000
13085 26000
13086 26000
13087 26000
13088 26000
13089 26000
13090 26000
13091 26000
13092 26000
13093 26000
13094 26000
13095 26000
13096 26000
13097 26000
13098 26000
