32999 33000
33000 66000
33001 66000
33002 66000
33003 66000
33004 66000
33005 66000
33006 66000
33007 66000
33008 66000
33009 66000
33010 66000
33011 66000
33012 66000
33013 66000
33014 66000
33015 66000
33016 66000
33017 66000
33018 66000
33019 66000
33020 66000
33021 66000
33022 66000
33023 66000
33024 66000
33025 66000
33026 66000
33027 66000
33028 66000
33029 66000
33030 66000
33031 66000
33032 66000
33033 66000
33034 66000
33035 66000
33036 66000
33037 66000
33038 66000
33039 66000
33040 66000
33041 66000
33042 66000
33043 66000
33044 66000
33045 66000
33046 66000
33047 66000
33048 66000
33049 66000
33050 66000
33051 66000
33052 66000
33053 66000
33054 66000
33055 66000
33056 66000
33057 66000
33058 66000
33059 66000
33060 66000
33061 66000
33062 66000
33063 66000
33064 66000
33065 66000
33066 66000
33067 66000
33068 66000
33069 66000
33070 66000
33071 66000
33072 66000
33073 66000
33074 66000
33075 66000
33076 66000
33077 66000
33078 66000
33079 66000
33080 66000
33081 66000
33082 66000
33083 66000
33084 66000
33085 66000
33086 66000
33087 66000
33088 66000
33089 66000
33090 66000
33091 66000
33092 66000
33093 66000
33094 66000
33095 66000
33096 66000
33097 66000
33098 66000
