9999 10000
10000 20000
10001 20000
10002 20000
10003 20000
10004 20000
10005 20000
10006 20000
10007 20000
10008 20000
10009 20000
10010 20000
10011 20000
10012 20000
10013 20000
10014 20000
10015 20000
10016 20000
10017 20000
10018 20000
10019 20000
10020 20000
10021 20000
10022 20000
10023 20000
10024 20000
10025 20000
10026 20000
10027 20000
10028 20000
10029 20000
10030 20000
10031 20000
10032 20000
10033 20000
10034 20000
10035 20000
10036 20000
10037 20000
10038 20000
10039 20000
10040 20000
10041 20000
10042 20000
10043 20000
10044 20000
10045 20000
10046 20000
10047 20000
10048 20000
10049 20000
10050 20000
10051 20000
10052 20000
10053 20000
10054 20000
10055 20000
10056 20000
10057 20000
10058 20000
10059 20000
10060 20000
10061 20000
10062 20000
10063 20000
10064 20000
10065 20000
10066 20000
10067 20000
10068 20000
10069 20000
10070 20000
10071 20000
10072 20000
10073 20000
10074 20000
10075 20000
10076 20000
10077 20000
10078 20000
10079 20000
10080 20000
10081 20000
10082 20000
10083 20000
10084 20000
10085 20000
10086 20000
10087 20000
10088 20000
10089 20000
10090 20000
10091 20000
10092 20000
10093 20000
10094 20000
10095 20000
10096 20000
10097 20000
10098 20000
