29999 30000
30000 60000
30001 60000
30002 60000
30003 60000
30004 60000
30005 60000
30006 60000
30007 60000
30008 60000
30009 60000
30010 60000
30011 60000
30012 60000
30013 60000
30014 60000
30015 60000
30016 60000
30017 60000
30018 60000
30019 60000
30020 60000
30021 60000
30022 60000
30023 60000
30024 60000
30025 60000
30026 60000
30027 60000
30028 60000
30029 60000
30030 60000
30031 60000
30032 60000
30033 60000
30034 60000
30035 60000
30036 60000
30037 60000
30038 60000
30039 60000
30040 60000
30041 60000
30042 60000
30043 60000
30044 60000
30045 60000
30046 60000
30047 60000
30048 60000
30049 60000
30050 60000
30051 60000
30052 60000
30053 60000
30054 60000
30055 60000
30056 60000
30057 60000
30058 60000
30059 60000
30060 60000
30061 60000
30062 60000
30063 60000
30064 60000
30065 60000
30066 60000
30067 60000
30068 60000
30069 60000
30070 60000
30071 60000
30072 60000
30073 60000
30074 60000
30075 60000
30076 60000
30077 60000
30078 60000
30079 60000
30080 60000
30081 60000
30082 60000
30083 60000
30084 60000
30085 60000
30086 60000
30087 60000
30088 60000
30089 60000
30090 60000
30091 60000
30092 60000
30093 60000
30094 60000
30095 60000
30096 60000
30097 60000
30098 60000
