6999 7000
7000 14000
7001 14000
7002 14000
7003 14000
7004 14000
7005 14000
7006 14000
7007 14000
7008 14000
7009 14000
7010 14000
7011 14000
7012 14000
7013 14000
7014 14000
7015 14000
7016 14000
7017 14000
7018 14000
7019 14000
7020 14000
7021 14000
7022 14000
7023 14000
7024 14000
7025 14000
7026 14000
7027 14000
7028 14000
7029 14000
7030 14000
7031 14000
7032 14000
7033 14000
7034 14000
7035 14000
7036 14000
7037 14000
7038 14000
7039 14000
7040 14000
7041 14000
7042 14000
7043 14000
7044 14000
7045 14000
7046 14000
7047 14000
7048 14000
7049 14000
7050 14000
7051 14000
7052 14000
7053 14000
7054 14000
7055 14000
7056 14000
7057 14000
7058 14000
7059 14000
7060 14000
7061 14000
7062 14000
7063 14000
7064 14000
7065 14000
7066 14000
7067 14000
7068 14000
7069 14000
7070 14000
7071 14000
7072 14000
7073 14000
7074 14000
7075 14000
7076 14000
7077 14000
7078 14000
7079 14000
7080 14000
7081 14000
7082 14000
7083 14000
7084 14000
7085 14000
7086 14000
7087 14000
7088 14000
7089 14000
7090 14000
7091 14000
7092 14000
7093 14000
7094 14000
7095 14000
7096 14000
7097 14000
7098 14000
