19999 20000
20000 40000
20001 40000
20002 40000
20003 40000
20004 40000
20005 40000
20006 40000
20007 40000
20008 40000
20009 40000
20010 40000
20011 40000
20012 40000
20013 40000
20014 40000
20015 40000
20016 40000
20017 40000
20018 40000
20019 40000
20020 40000
20021 40000
20022 40000
20023 40000
20024 40000
20025 40000
20026 40000
20027 40000
20028 40000
20029 40000
20030 40000
20031 40000
20032 40000
20033 40000
20034 40000
20035 40000
20036 40000
20037 40000
20038 40000
20039 40000
20040 40000
20041 40000
20042 40000
20043 40000
20044 40000
20045 40000
20046 40000
20047 40000
20048 40000
20049 40000
20050 40000
20051 40000
20052 40000
20053 40000
20054 40000
20055 40000
20056 40000
20057 40000
20058 40000
20059 40000
20060 40000
20061 40000
20062 40000
20063 40000
20064 40000
20065 40000
20066 40000
20067 40000
20068 40000
20069 40000
20070 40000
20071 40000
20072 40000
20073 40000
20074 40000
20075 40000
20076 40000
20077 40000
20078 40000
20079 40000
20080 40000
20081 40000
20082 40000
20083 40000
20084 40000
20085 40000
20086 40000
20087 40000
20088 40000
20089 40000
20090 40000
20091 40000
20092 40000
20093 40000
20094 40000
20095 40000
20096 40000
20097 40000
20098 40000
