40999 41000
41000 82000
41001 82000
41002 82000
41003 82000
41004 82000
41005 82000
41006 82000
41007 82000
41008 82000
41009 82000
41010 82000
41011 82000
41012 82000
41013 82000
41014 82000
41015 82000
41016 82000
41017 82000
41018 82000
41019 82000
41020 82000
41021 82000
41022 82000
41023 82000
41024 82000
41025 82000
41026 82000
41027 82000
41028 82000
41029 82000
41030 82000
41031 82000
41032 82000
41033 82000
41034 82000
41035 82000
41036 82000
41037 82000
41038 82000
41039 82000
41040 82000
41041 82000
41042 82000
41043 82000
41044 82000
41045 82000
41046 82000
41047 82000
41048 82000
41049 82000
41050 82000
41051 82000
41052 82000
41053 82000
41054 82000
41055 82000
41056 82000
41057 82000
41058 82000
41059 82000
41060 82000
41061 82000
41062 82000
41063 82000
41064 82000
41065 82000
41066 82000
41067 82000
41068 82000
41069 82000
41070 82000
41071 82000
41072 82000
41073 82000
41074 82000
41075 82000
41076 82000
41077 82000
41078 82000
41079 82000
41080 82000
41081 82000
41082 82000
41083 82000
41084 82000
41085 82000
41086 82000
41087 82000
41088 82000
41089 82000
41090 82000
41091 82000
41092 82000
41093 82000
41094 82000
41095 82000
41096 82000
41097 82000
41098 82000
