34999 35000
35000 70000
35001 70000
35002 70000
35003 70000
35004 70000
35005 70000
35006 70000
35007 70000
35008 70000
35009 70000
35010 70000
35011 70000
35012 70000
35013 70000
35014 70000
35015 70000
35016 70000
35017 70000
35018 70000
35019 70000
35020 70000
35021 70000
35022 70000
35023 70000
35024 70000
35025 70000
35026 70000
35027 70000
35028 70000
35029 70000
35030 70000
35031 70000
35032 70000
35033 70000
35034 70000
35035 70000
35036 70000
35037 70000
35038 70000
35039 70000
35040 70000
35041 70000
35042 70000
35043 70000
35044 70000
35045 70000
35046 70000
35047 70000
35048 70000
35049 70000
35050 70000
35051 70000
35052 70000
35053 70000
35054 70000
35055 70000
35056 70000
35057 70000
35058 70000
35059 70000
35060 70000
35061 70000
35062 70000
35063 70000
35064 70000
35065 70000
35066 70000
35067 70000
35068 70000
35069 70000
35070 70000
35071 70000
35072 70000
35073 70000
35074 70000
35075 70000
35076 70000
35077 70000
35078 70000
35079 70000
35080 70000
35081 70000
35082 70000
35083 70000
35084 70000
35085 70000
35086 70000
35087 70000
35088 70000
35089 70000
35090 70000
35091 70000
35092 70000
35093 70000
35094 70000
35095 70000
35096 70000
35097 70000
35098 70000
