14999 15000
15000 30000
15001 30000
15002 30000
15003 30000
15004 30000
15005 30000
15006 30000
15007 30000
15008 30000
15009 30000
15010 30000
15011 30000
15012 30000
15013 30000
15014 30000
15015 30000
15016 30000
15017 30000
15018 30000
15019 30000
15020 30000
15021 30000
15022 30000
15023 30000
15024 30000
15025 30000
15026 30000
15027 30000
15028 30000
15029 30000
15030 30000
15031 30000
15032 30000
15033 30000
15034 30000
15035 30000
15036 30000
15037 30000
15038 30000
15039 30000
15040 30000
15041 30000
15042 30000
15043 30000
15044 30000
15045 30000
15046 30000
15047 30000
15048 30000
15049 30000
15050 30000
15051 30000
15052 30000
15053 30000
15054 30000
15055 30000
15056 30000
15057 30000
15058 30000
15059 30000
15060 30000
15061 30000
15062 30000
15063 30000
15064 30000
15065 30000
15066 30000
15067 30000
15068 30000
15069 30000
15070 30000
15071 30000
15072 30000
15073 30000
15074 30000
15075 30000
15076 30000
15077 30000
15078 30000
15079 30000
15080 30000
15081 30000
15082 30000
15083 30000
15084 30000
15085 30000
15086 30000
15087 30000
15088 30000
15089 30000
15090 30000
15091 30000
15092 30000
15093 30000
15094 30000
15095 30000
15096 30000
15097 30000
15098 30000
