41999 42000
42000 84000
42001 84000
42002 84000
42003 84000
42004 84000
42005 84000
42006 84000
42007 84000
42008 84000
42009 84000
42010 84000
42011 84000
42012 84000
42013 84000
42014 84000
42015 84000
42016 84000
42017 84000
42018 84000
42019 84000
42020 84000
42021 84000
42022 84000
42023 84000
42024 84000
42025 84000
42026 84000
42027 84000
42028 84000
42029 84000
42030 84000
42031 84000
42032 84000
42033 84000
42034 84000
42035 84000
42036 84000
42037 84000
42038 84000
42039 84000
42040 84000
42041 84000
42042 84000
42043 84000
42044 84000
42045 84000
42046 84000
42047 84000
42048 84000
42049 84000
42050 84000
42051 84000
42052 84000
42053 84000
42054 84000
42055 84000
42056 84000
42057 84000
42058 84000
42059 84000
42060 84000
42061 84000
42062 84000
42063 84000
42064 84000
42065 84000
42066 84000
42067 84000
42068 84000
42069 84000
42070 84000
42071 84000
42072 84000
42073 84000
42074 84000
42075 84000
42076 84000
42077 84000
42078 84000
42079 84000
42080 84000
42081 84000
42082 84000
42083 84000
42084 84000
42085 84000
42086 84000
42087 84000
42088 84000
42089 84000
42090 84000
42091 84000
42092 84000
42093 84000
42094 84000
42095 84000
42096 84000
42097 84000
42098 84000
