31999 32000
32000 64000
32001 64000
32002 64000
32003 64000
32004 64000
32005 64000
32006 64000
32007 64000
32008 64000
32009 64000
32010 64000
32011 64000
32012 64000
32013 64000
32014 64000
32015 64000
32016 64000
32017 64000
32018 64000
32019 64000
32020 64000
32021 64000
32022 64000
32023 64000
32024 64000
32025 64000
32026 64000
32027 64000
32028 64000
32029 64000
32030 64000
32031 64000
32032 64000
32033 64000
32034 64000
32035 64000
32036 64000
32037 64000
32038 64000
32039 64000
32040 64000
32041 64000
32042 64000
32043 64000
32044 64000
32045 64000
32046 64000
32047 64000
32048 64000
32049 64000
32050 64000
32051 64000
32052 64000
32053 64000
32054 64000
32055 64000
32056 64000
32057 64000
32058 64000
32059 64000
32060 64000
32061 64000
32062 64000
32063 64000
32064 64000
32065 64000
32066 64000
32067 64000
32068 64000
32069 64000
32070 64000
32071 64000
32072 64000
32073 64000
32074 64000
32075 64000
32076 64000
32077 64000
32078 64000
32079 64000
32080 64000
32081 64000
32082 64000
32083 64000
32084 64000
32085 64000
32086 64000
32087 64000
32088 64000
32089 64000
32090 64000
32091 64000
32092 64000
32093 64000
32094 64000
32095 64000
32096 64000
32097 64000
32098 64000
