49999 50000
50000 100000
50001 100000
50002 100000
50003 100000
50004 100000
50005 100000
50006 100000
50007 100000
50008 100000
50009 100000
50010 100000
50011 100000
50012 100000
50013 100000
50014 100000
50015 100000
50016 100000
50017 100000
50018 100000
50019 100000
50020 100000
50021 100000
50022 100000
50023 100000
50024 100000
50025 100000
50026 100000
50027 100000
50028 100000
50029 100000
50030 100000
50031 100000
50032 100000
50033 100000
50034 100000
50035 100000
50036 100000
50037 100000
50038 100000
50039 100000
50040 100000
50041 100000
50042 100000
50043 100000
50044 100000
50045 100000
50046 100000
50047 100000
50048 100000
50049 100000
50050 100000
50051 100000
50052 100000
50053 100000
50054 100000
50055 100000
50056 100000
50057 100000
50058 100000
50059 100000
50060 100000
50061 100000
50062 100000
50063 100000
50064 100000
50065 100000
50066 100000
50067 100000
50068 100000
50069 100000
50070 100000
50071 100000
50072 100000
50073 100000
50074 100000
50075 100000
50076 100000
50077 100000
50078 100000
50079 100000
50080 100000
50081 100000
50082 100000
50083 100000
50084 100000
50085 100000
50086 100000
50087 100000
50088 100000
50089 100000
50090 100000
50091 100000
50092 100000
50093 100000
50094 100000
50095 100000
50096 100000
50097 100000
50098 100000
