46999 47000
47000 94000
47001 94000
47002 94000
47003 94000
47004 94000
47005 94000
47006 94000
47007 94000
47008 94000
47009 94000
47010 94000
47011 94000
47012 94000
47013 94000
47014 94000
47015 94000
47016 94000
47017 94000
47018 94000
47019 94000
47020 94000
47021 94000
47022 94000
47023 94000
47024 94000
47025 94000
47026 94000
47027 94000
47028 94000
47029 94000
47030 94000
47031 94000
47032 94000
47033 94000
47034 94000
47035 94000
47036 94000
47037 94000
47038 94000
47039 94000
47040 94000
47041 94000
47042 94000
47043 94000
47044 94000
47045 94000
47046 94000
47047 94000
47048 94000
47049 94000
47050 94000
47051 94000
47052 94000
47053 94000
47054 94000
47055 94000
47056 94000
47057 94000
47058 94000
47059 94000
47060 94000
47061 94000
47062 94000
47063 94000
47064 94000
47065 94000
47066 94000
47067 94000
47068 94000
47069 94000
47070 94000
47071 94000
47072 94000
47073 94000
47074 94000
47075 94000
47076 94000
47077 94000
47078 94000
47079 94000
47080 94000
47081 94000
47082 94000
47083 94000
47084 94000
47085 94000
47086 94000
47087 94000
47088 94000
47089 94000
47090 94000
47091 94000
47092 94000
47093 94000
47094 94000
47095 94000
47096 94000
47097 94000
47098 94000
