43999 44000
44000 88000
44001 88000
44002 88000
44003 88000
44004 88000
44005 88000
44006 88000
44007 88000
44008 88000
44009 88000
44010 88000
44011 88000
44012 88000
44013 88000
44014 88000
44015 88000
44016 88000
44017 88000
44018 88000
44019 88000
44020 88000
44021 88000
44022 88000
44023 88000
44024 88000
44025 88000
44026 88000
44027 88000
44028 88000
44029 88000
44030 88000
44031 88000
44032 88000
44033 88000
44034 88000
44035 88000
44036 88000
44037 88000
44038 88000
44039 88000
44040 88000
44041 88000
44042 88000
44043 88000
44044 88000
44045 88000
44046 88000
44047 88000
44048 88000
44049 88000
44050 88000
44051 88000
44052 88000
44053 88000
44054 88000
44055 88000
44056 88000
44057 88000
44058 88000
44059 88000
44060 88000
44061 88000
44062 88000
44063 88000
44064 88000
44065 88000
44066 88000
44067 88000
44068 88000
44069 88000
44070 88000
44071 88000
44072 88000
44073 88000
44074 88000
44075 88000
44076 88000
44077 88000
44078 88000
44079 88000
44080 88000
44081 88000
44082 88000
44083 88000
44084 88000
44085 88000
44086 88000
44087 88000
44088 88000
44089 88000
44090 88000
44091 88000
44092 88000
44093 88000
44094 88000
44095 88000
44096 88000
44097 88000
44098 88000
