9 10
10 20
11 20
12 20
13 20
14 20
15 20
16 20
17 20
18 20
9 10
9 10
10 20
11 20
12 20
13 20
14 20
13 20
16 20
17 20
18 20
9 10
9 10
10 20
11 20
12 20
13 20
14 20
15 20
12 20
17 20
18 20
9 10
9 10
10 20
11 20
12 20
13 20
14 20
15 20
16 20
17 20
18 20
9 10
9 10
10 20
11 20
12 20
13 20
14 20
15 20
16 20
17 20
18 20
9 10
9 10
10 20
11 20
12 20
13 20
14 20
15 20
16 20
17 20
18 20
9 10
9 10
10 20
11 20
12 20
13 20
14 20
15 20
16 20
17 20
18 20
9 10
9 10
10 20
11 20
12 20
13 20
14 20
15 20
16 20
17 20
10 20
9 10
9 10
10 20
11 20
12 20
13 20
14 20
15 20
16 20
17 20
18 20
9 10
9 10
