20999 21000
21000 42000
21001 42000
21002 42000
21003 42000
21004 42000
21005 42000
21006 42000
21007 42000
21008 42000
21009 42000
21010 42000
21011 42000
21012 42000
21013 42000
21014 42000
21015 42000
21016 42000
21017 42000
21018 42000
21019 42000
21020 42000
21021 42000
21022 42000
21023 42000
21024 42000
21025 42000
21026 42000
21027 42000
21028 42000
21029 42000
21030 42000
21031 42000
21032 42000
21033 42000
21034 42000
21035 42000
21036 42000
21037 42000
21038 42000
21039 42000
21040 42000
21041 42000
21042 42000
21043 42000
21044 42000
21045 42000
21046 42000
21047 42000
21048 42000
21049 42000
21050 42000
21051 42000
21052 42000
21053 42000
21054 42000
21055 42000
21056 42000
21057 42000
21058 42000
21059 42000
21060 42000
21061 42000
21062 42000
21063 42000
21064 42000
21065 42000
21066 42000
21067 42000
21068 42000
21069 42000
21070 42000
21071 42000
21072 42000
21073 42000
21074 42000
21075 42000
21076 42000
21077 42000
21078 42000
21079 42000
21080 42000
21081 42000
21082 42000
21083 42000
21084 42000
21085 42000
21086 42000
21087 42000
21088 42000
21089 42000
21090 42000
21091 42000
21092 42000
21093 42000
21094 42000
21095 42000
21096 42000
21097 42000
21098 42000
