18999 19000
19000 38000
19001 38000
19002 38000
19003 38000
19004 38000
19005 38000
19006 38000
19007 38000
19008 38000
19009 38000
19010 38000
19011 38000
19012 38000
19013 38000
19014 38000
19015 38000
19016 38000
19017 38000
19018 38000
19019 38000
19020 38000
19021 38000
19022 38000
19023 38000
19024 38000
19025 38000
19026 38000
19027 38000
19028 38000
19029 38000
19030 38000
19031 38000
19032 38000
19033 38000
19034 38000
19035 38000
19036 38000
19037 38000
19038 38000
19039 38000
19040 38000
19041 38000
19042 38000
19043 38000
19044 38000
19045 38000
19046 38000
19047 38000
19048 38000
19049 38000
19050 38000
19051 38000
19052 38000
19053 38000
19054 38000
19055 38000
19056 38000
19057 38000
19058 38000
19059 38000
19060 38000
19061 38000
19062 38000
19063 38000
19064 38000
19065 38000
19066 38000
19067 38000
19068 38000
19069 38000
19070 38000
19071 38000
19072 38000
19073 38000
19074 38000
19075 38000
19076 38000
19077 38000
19078 38000
19079 38000
19080 38000
19081 38000
19082 38000
19083 38000
19084 38000
19085 38000
19086 38000
19087 38000
19088 38000
19089 38000
19090 38000
19091 38000
19092 38000
19093 38000
19094 38000
19095 38000
19096 38000
19097 38000
19098 38000
