48999 49000
49000 98000
49001 98000
49002 98000
49003 98000
49004 98000
49005 98000
49006 98000
49007 98000
49008 98000
49009 98000
49010 98000
49011 98000
49012 98000
49013 98000
49014 98000
49015 98000
49016 98000
49017 98000
49018 98000
49019 98000
49020 98000
49021 98000
49022 98000
49023 98000
49024 98000
49025 98000
49026 98000
49027 98000
49028 98000
49029 98000
49030 98000
49031 98000
49032 98000
49033 98000
49034 98000
49035 98000
49036 98000
49037 98000
49038 98000
49039 98000
49040 98000
49041 98000
49042 98000
49043 98000
49044 98000
49045 98000
49046 98000
49047 98000
49048 98000
49049 98000
49050 98000
49051 98000
49052 98000
49053 98000
49054 98000
49055 98000
49056 98000
49057 98000
49058 98000
49059 98000
49060 98000
49061 98000
49062 98000
49063 98000
49064 98000
49065 98000
49066 98000
49067 98000
49068 98000
49069 98000
49070 98000
49071 98000
49072 98000
49073 98000
49074 98000
49075 98000
49076 98000
49077 98000
49078 98000
49079 98000
49080 98000
49081 98000
49082 98000
49083 98000
49084 98000
49085 98000
49086 98000
49087 98000
49088 98000
49089 98000
49090 98000
49091 98000
49092 98000
49093 98000
49094 98000
49095 98000
49096 98000
49097 98000
49098 98000
