28999 29000
29000 58000
29001 58000
29002 58000
29003 58000
29004 58000
29005 58000
29006 58000
29007 58000
29008 58000
29009 58000
29010 58000
29011 58000
29012 58000
29013 58000
29014 58000
29015 58000
29016 58000
29017 58000
29018 58000
29019 58000
29020 58000
29021 58000
29022 58000
29023 58000
29024 58000
29025 58000
29026 58000
29027 58000
29028 58000
29029 58000
29030 58000
29031 58000
29032 58000
29033 58000
29034 58000
29035 58000
29036 58000
29037 58000
29038 58000
29039 58000
29040 58000
29041 58000
29042 58000
29043 58000
29044 58000
29045 58000
29046 58000
29047 58000
29048 58000
29049 58000
29050 58000
29051 58000
29052 58000
29053 58000
29054 58000
29055 58000
29056 58000
29057 58000
29058 58000
29059 58000
29060 58000
29061 58000
29062 58000
29063 58000
29064 58000
29065 58000
29066 58000
29067 58000
29068 58000
29069 58000
29070 58000
29071 58000
29072 58000
29073 58000
29074 58000
29075 58000
29076 58000
29077 58000
29078 58000
29079 58000
29080 58000
29081 58000
29082 58000
29083 58000
29084 58000
29085 58000
29086 58000
29087 58000
29088 58000
29089 58000
29090 58000
29091 58000
29092 58000
29093 58000
29094 58000
29095 58000
29096 58000
29097 58000
29098 58000
