17999 18000
18000 36000
18001 36000
18002 36000
18003 36000
18004 36000
18005 36000
18006 36000
18007 36000
18008 36000
18009 36000
18010 36000
18011 36000
18012 36000
18013 36000
18014 36000
18015 36000
18016 36000
18017 36000
18018 36000
18019 36000
18020 36000
18021 36000
18022 36000
18023 36000
18024 36000
18025 36000
18026 36000
18027 36000
18028 36000
18029 36000
18030 36000
18031 36000
18032 36000
18033 36000
18034 36000
18035 36000
18036 36000
18037 36000
18038 36000
18039 36000
18040 36000
18041 36000
18042 36000
18043 36000
18044 36000
18045 36000
18046 36000
18047 36000
18048 36000
18049 36000
18050 36000
18051 36000
18052 36000
18053 36000
18054 36000
18055 36000
18056 36000
18057 36000
18058 36000
18059 36000
18060 36000
18061 36000
18062 36000
18063 36000
18064 36000
18065 36000
18066 36000
18067 36000
18068 36000
18069 36000
18070 36000
18071 36000
18072 36000
18073 36000
18074 36000
18075 36000
18076 36000
18077 36000
18078 36000
18079 36000
18080 36000
18081 36000
18082 36000
18083 36000
18084 36000
18085 36000
18086 36000
18087 36000
18088 36000
18089 36000
18090 36000
18091 36000
18092 36000
18093 36000
18094 36000
18095 36000
18096 36000
18097 36000
18098 36000
