47999 48000
48000 96000
48001 96000
48002 96000
48003 96000
48004 96000
48005 96000
48006 96000
48007 96000
48008 96000
48009 96000
48010 96000
48011 96000
48012 96000
48013 96000
48014 96000
48015 96000
48016 96000
48017 96000
48018 96000
48019 96000
48020 96000
48021 96000
48022 96000
48023 96000
48024 96000
48025 96000
48026 96000
48027 96000
48028 96000
48029 96000
48030 96000
48031 96000
48032 96000
48033 96000
48034 96000
48035 96000
48036 96000
48037 96000
48038 96000
48039 96000
48040 96000
48041 96000
48042 96000
48043 96000
48044 96000
48045 96000
48046 96000
48047 96000
48048 96000
48049 96000
48050 96000
48051 96000
48052 96000
48053 96000
48054 96000
48055 96000
48056 96000
48057 96000
48058 96000
48059 96000
48060 96000
48061 96000
48062 96000
48063 96000
48064 96000
48065 96000
48066 96000
48067 96000
48068 96000
48069 96000
48070 96000
48071 96000
48072 96000
48073 96000
48074 96000
48075 96000
48076 96000
48077 96000
48078 96000
48079 96000
48080 96000
48081 96000
48082 96000
48083 96000
48084 96000
48085 96000
48086 96000
48087 96000
48088 96000
48089 96000
48090 96000
48091 96000
48092 96000
48093 96000
48094 96000
48095 96000
48096 96000
48097 96000
48098 96000
