13999 14000
14000 28000
14001 28000
14002 28000
14003 28000
14004 28000
14005 28000
14006 28000
14007 28000
14008 28000
14009 28000
14010 28000
14011 28000
14012 28000
14013 28000
14014 28000
14015 28000
14016 28000
14017 28000
14018 28000
14019 28000
14020 28000
14021 28000
14022 28000
14023 28000
14024 28000
14025 28000
14026 28000
14027 28000
14028 28000
14029 28000
14030 28000
14031 28000
14032 28000
14033 28000
14034 28000
14035 28000
14036 28000
14037 28000
14038 28000
14039 28000
14040 28000
14041 28000
14042 28000
14043 28000
14044 28000
14045 28000
14046 28000
14047 28000
14048 28000
14049 28000
14050 28000
14051 28000
14052 28000
14053 28000
14054 28000
14055 28000
14056 28000
14057 28000
14058 28000
14059 28000
14060 28000
14061 28000
14062 28000
14063 28000
14064 28000
14065 28000
14066 28000
14067 28000
14068 28000
14069 28000
14070 28000
14071 28000
14072 28000
14073 28000
14074 28000
14075 28000
14076 28000
14077 28000
14078 28000
14079 28000
14080 28000
14081 28000
14082 28000
14083 28000
14084 28000
14085 28000
14086 28000
14087 28000
14088 28000
14089 28000
14090 28000
14091 28000
14092 28000
14093 28000
14094 28000
14095 28000
14096 28000
14097 28000
14098 28000
