44999 45000
45000 90000
45001 90000
45002 90000
45003 90000
45004 90000
45005 90000
45006 90000
45007 90000
45008 90000
45009 90000
45010 90000
45011 90000
45012 90000
45013 90000
45014 90000
45015 90000
45016 90000
45017 90000
45018 90000
45019 90000
45020 90000
45021 90000
45022 90000
45023 90000
45024 90000
45025 90000
45026 90000
45027 90000
45028 90000
45029 90000
45030 90000
45031 90000
45032 90000
45033 90000
45034 90000
45035 90000
45036 90000
45037 90000
45038 90000
45039 90000
45040 90000
45041 90000
45042 90000
45043 90000
45044 90000
45045 90000
45046 90000
45047 90000
45048 90000
45049 90000
45050 90000
45051 90000
45052 90000
45053 90000
45054 90000
45055 90000
45056 90000
45057 90000
45058 90000
45059 90000
45060 90000
45061 90000
45062 90000
45063 90000
45064 90000
45065 90000
45066 90000
45067 90000
45068 90000
45069 90000
45070 90000
45071 90000
45072 90000
45073 90000
45074 90000
45075 90000
45076 90000
45077 90000
45078 90000
45079 90000
45080 90000
45081 90000
45082 90000
45083 90000
45084 90000
45085 90000
45086 90000
45087 90000
45088 90000
45089 90000
45090 90000
45091 90000
45092 90000
45093 90000
45094 90000
45095 90000
45096 90000
45097 90000
45098 90000
