39999 40000
40000 80000
40001 80000
40002 80000
40003 80000
40004 80000
40005 80000
40006 80000
40007 80000
40008 80000
40009 80000
40010 80000
40011 80000
40012 80000
40013 80000
40014 80000
40015 80000
40016 80000
40017 80000
40018 80000
40019 80000
40020 80000
40021 80000
40022 80000
40023 80000
40024 80000
40025 80000
40026 80000
40027 80000
40028 80000
40029 80000
40030 80000
40031 80000
40032 80000
40033 80000
40034 80000
40035 80000
40036 80000
40037 80000
40038 80000
40039 80000
40040 80000
40041 80000
40042 80000
40043 80000
40044 80000
40045 80000
40046 80000
40047 80000
40048 80000
40049 80000
40050 80000
40051 80000
40052 80000
40053 80000
40054 80000
40055 80000
40056 80000
40057 80000
40058 80000
40059 80000
40060 80000
40061 80000
40062 80000
40063 80000
40064 80000
40065 80000
40066 80000
40067 80000
40068 80000
40069 80000
40070 80000
40071 80000
40072 80000
40073 80000
40074 80000
40075 80000
40076 80000
40077 80000
40078 80000
40079 80000
40080 80000
40081 80000
40082 80000
40083 80000
40084 80000
40085 80000
40086 80000
40087 80000
40088 80000
40089 80000
40090 80000
40091 80000
40092 80000
40093 80000
40094 80000
40095 80000
40096 80000
40097 80000
40098 80000
