16999 17000
17000 34000
17001 34000
17002 34000
17003 34000
17004 34000
17005 34000
17006 34000
17007 34000
17008 34000
17009 34000
17010 34000
17011 34000
17012 34000
17013 34000
17014 34000
17015 34000
17016 34000
17017 34000
17018 34000
17019 34000
17020 34000
17021 34000
17022 34000
17023 34000
17024 34000
17025 34000
17026 34000
17027 34000
17028 34000
17029 34000
17030 34000
17031 34000
17032 34000
17033 34000
17034 34000
17035 34000
17036 34000
17037 34000
17038 34000
17039 34000
17040 34000
17041 34000
17042 34000
17043 34000
17044 34000
17045 34000
17046 34000
17047 34000
17048 34000
17049 34000
17050 34000
17051 34000
17052 34000
17053 34000
17054 34000
17055 34000
17056 34000
17057 34000
17058 34000
17059 34000
17060 34000
17061 34000
17062 34000
17063 34000
17064 34000
17065 34000
17066 34000
17067 34000
17068 34000
17069 34000
17070 34000
17071 34000
17072 34000
17073 34000
17074 34000
17075 34000
17076 34000
17077 34000
17078 34000
17079 34000
17080 34000
17081 34000
17082 34000
17083 34000
17084 34000
17085 34000
17086 34000
17087 34000
17088 34000
17089 34000
17090 34000
17091 34000
17092 34000
17093 34000
17094 34000
17095 34000
17096 34000
17097 34000
17098 34000
