4999 5000
5000 10000
5001 10000
5002 10000
5003 10000
5004 10000
5005 10000
5006 10000
5007 10000
5008 10000
5009 10000
5010 10000
5011 10000
5012 10000
5013 10000
5014 10000
5015 10000
5016 10000
5017 10000
5018 10000
5019 10000
5020 10000
5021 10000
5022 10000
5023 10000
5024 10000
5025 10000
5026 10000
5027 10000
5028 10000
5029 10000
5030 10000
5031 10000
5032 10000
5033 10000
5034 10000
5035 10000
5036 10000
5037 10000
5038 10000
5039 10000
5040 10000
5041 10000
5042 10000
5043 10000
5044 10000
5045 10000
5046 10000
5047 10000
5048 10000
5049 10000
5050 10000
5051 10000
5052 10000
5053 10000
5054 10000
5055 10000
5056 10000
5057 10000
5058 10000
5059 10000
5060 10000
5061 10000
5062 10000
5063 10000
5064 10000
5065 10000
5066 10000
5067 10000
5068 10000
5069 10000
5070 10000
5071 10000
5072 10000
5073 10000
5074 10000
5075 10000
5076 10000
5077 10000
5078 10000
5079 10000
5080 10000
5081 10000
5082 10000
5083 10000
5084 10000
5085 10000
5086 10000
5087 10000
5088 10000
5089 10000
5090 10000
5091 10000
5092 10000
5093 10000
5094 10000
5095 10000
5096 10000
5097 10000
5098 10000
