7999 8000
8000 16000
8001 16000
8002 16000
8003 16000
8004 16000
8005 16000
8006 16000
8007 16000
8008 16000
8009 16000
8010 16000
8011 16000
8012 16000
8013 16000
8014 16000
8015 16000
8016 16000
8017 16000
8018 16000
8019 16000
8020 16000
8021 16000
8022 16000
8023 16000
8024 16000
8025 16000
8026 16000
8027 16000
8028 16000
8029 16000
8030 16000
8031 16000
8032 16000
8033 16000
8034 16000
8035 16000
8036 16000
8037 16000
8038 16000
8039 16000
8040 16000
8041 16000
8042 16000
8043 16000
8044 16000
8045 16000
8046 16000
8047 16000
8048 16000
8049 16000
8050 16000
8051 16000
8052 16000
8053 16000
8054 16000
8055 16000
8056 16000
8057 16000
8058 16000
8059 16000
8060 16000
8061 16000
8062 16000
8063 16000
8064 16000
8065 16000
8066 16000
8067 16000
8068 16000
8069 16000
8070 16000
8071 16000
8072 16000
8073 16000
8074 16000
8075 16000
8076 16000
8077 16000
8078 16000
8079 16000
8080 16000
8081 16000
8082 16000
8083 16000
8084 16000
8085 16000
8086 16000
8087 16000
8088 16000
8089 16000
8090 16000
8091 16000
8092 16000
8093 16000
8094 16000
8095 16000
8096 16000
8097 16000
8098 16000
