33999 34000
34000 68000
34001 68000
34002 68000
34003 68000
34004 68000
34005 68000
34006 68000
34007 68000
34008 68000
34009 68000
34010 68000
34011 68000
34012 68000
34013 68000
34014 68000
34015 68000
34016 68000
34017 68000
34018 68000
34019 68000
34020 68000
34021 68000
34022 68000
34023 68000
34024 68000
34025 68000
34026 68000
34027 68000
34028 68000
34029 68000
34030 68000
34031 68000
34032 68000
34033 68000
34034 68000
34035 68000
34036 68000
34037 68000
34038 68000
34039 68000
34040 68000
34041 68000
34042 68000
34043 68000
34044 68000
34045 68000
34046 68000
34047 68000
34048 68000
34049 68000
34050 68000
34051 68000
34052 68000
34053 68000
34054 68000
34055 68000
34056 68000
34057 68000
34058 68000
34059 68000
34060 68000
34061 68000
34062 68000
34063 68000
34064 68000
34065 68000
34066 68000
34067 68000
34068 68000
34069 68000
34070 68000
34071 68000
34072 68000
34073 68000
34074 68000
34075 68000
34076 68000
34077 68000
34078 68000
34079 68000
34080 68000
34081 68000
34082 68000
34083 68000
34084 68000
34085 68000
34086 68000
34087 68000
34088 68000
34089 68000
34090 68000
34091 68000
34092 68000
34093 68000
34094 68000
34095 68000
34096 68000
34097 68000
34098 68000
