35999 36000
36000 72000
36001 72000
36002 72000
36003 72000
36004 72000
36005 72000
36006 72000
36007 72000
36008 72000
36009 72000
36010 72000
36011 72000
36012 72000
36013 72000
36014 72000
36015 72000
36016 72000
36017 72000
36018 72000
36019 72000
36020 72000
36021 72000
36022 72000
36023 72000
36024 72000
36025 72000
36026 72000
36027 72000
36028 72000
36029 72000
36030 72000
36031 72000
36032 72000
36033 72000
36034 72000
36035 72000
36036 72000
36037 72000
36038 72000
36039 72000
36040 72000
36041 72000
36042 72000
36043 72000
36044 72000
36045 72000
36046 72000
36047 72000
36048 72000
36049 72000
36050 72000
36051 72000
36052 72000
36053 72000
36054 72000
36055 72000
36056 72000
36057 72000
36058 72000
36059 72000
36060 72000
36061 72000
36062 72000
36063 72000
36064 72000
36065 72000
36066 72000
36067 72000
36068 72000
36069 72000
36070 72000
36071 72000
36072 72000
36073 72000
36074 72000
36075 72000
36076 72000
36077 72000
36078 72000
36079 72000
36080 72000
36081 72000
36082 72000
36083 72000
36084 72000
36085 72000
36086 72000
36087 72000
36088 72000
36089 72000
36090 72000
36091 72000
36092 72000
36093 72000
36094 72000
36095 72000
36096 72000
36097 72000
36098 72000
