22999 23000
23000 46000
23001 46000
23002 46000
23003 46000
23004 46000
23005 46000
23006 46000
23007 46000
23008 46000
23009 46000
23010 46000
23011 46000
23012 46000
23013 46000
23014 46000
23015 46000
23016 46000
23017 46000
23018 46000
23019 46000
23020 46000
23021 46000
23022 46000
23023 46000
23024 46000
23025 46000
23026 46000
23027 46000
23028 46000
23029 46000
23030 46000
23031 46000
23032 46000
23033 46000
23034 46000
23035 46000
23036 46000
23037 46000
23038 46000
23039 46000
23040 46000
23041 46000
23042 46000
23043 46000
23044 46000
23045 46000
23046 46000
23047 46000
23048 46000
23049 46000
23050 46000
23051 46000
23052 46000
23053 46000
23054 46000
23055 46000
23056 46000
23057 46000
23058 46000
23059 46000
23060 46000
23061 46000
23062 46000
23063 46000
23064 46000
23065 46000
23066 46000
23067 46000
23068 46000
23069 46000
23070 46000
23071 46000
23072 46000
23073 46000
23074 46000
23075 46000
23076 46000
23077 46000
23078 46000
23079 46000
23080 46000
23081 46000
23082 46000
23083 46000
23084 46000
23085 46000
23086 46000
23087 46000
23088 46000
23089 46000
23090 46000
23091 46000
23092 46000
23093 46000
23094 46000
23095 46000
23096 46000
23097 46000
23098 46000
