27999 28000
28000 56000
28001 56000
28002 56000
28003 56000
28004 56000
28005 56000
28006 56000
28007 56000
28008 56000
28009 56000
28010 56000
28011 56000
28012 56000
28013 56000
28014 56000
28015 56000
28016 56000
28017 56000
28018 56000
28019 56000
28020 56000
28021 56000
28022 56000
28023 56000
28024 56000
28025 56000
28026 56000
28027 56000
28028 56000
28029 56000
28030 56000
28031 56000
28032 56000
28033 56000
28034 56000
28035 56000
28036 56000
28037 56000
28038 56000
28039 56000
28040 56000
28041 56000
28042 56000
28043 56000
28044 56000
28045 56000
28046 56000
28047 56000
28048 56000
28049 56000
28050 56000
28051 56000
28052 56000
28053 56000
28054 56000
28055 56000
28056 56000
28057 56000
28058 56000
28059 56000
28060 56000
28061 56000
28062 56000
28063 56000
28064 56000
28065 56000
28066 56000
28067 56000
28068 56000
28069 56000
28070 56000
28071 56000
28072 56000
28073 56000
28074 56000
28075 56000
28076 56000
28077 56000
28078 56000
28079 56000
28080 56000
28081 56000
28082 56000
28083 56000
28084 56000
28085 56000
28086 56000
28087 56000
28088 56000
28089 56000
28090 56000
28091 56000
28092 56000
28093 56000
28094 56000
28095 56000
28096 56000
28097 56000
28098 56000
