11999 12000
12000 24000
12001 24000
12002 24000
12003 24000
12004 24000
12005 24000
12006 24000
12007 24000
12008 24000
12009 24000
12010 24000
12011 24000
12012 24000
12013 24000
12014 24000
12015 24000
12016 24000
12017 24000
12018 24000
12019 24000
12020 24000
12021 24000
12022 24000
12023 24000
12024 24000
12025 24000
12026 24000
12027 24000
12028 24000
12029 24000
12030 24000
12031 24000
12032 24000
12033 24000
12034 24000
12035 24000
12036 24000
12037 24000
12038 24000
12039 24000
12040 24000
12041 24000
12042 24000
12043 24000
12044 24000
12045 24000
12046 24000
12047 24000
12048 24000
12049 24000
12050 24000
12051 24000
12052 24000
12053 24000
12054 24000
12055 24000
12056 24000
12057 24000
12058 24000
12059 24000
12060 24000
12061 24000
12062 24000
12063 24000
12064 24000
12065 24000
12066 24000
12067 24000
12068 24000
12069 24000
12070 24000
12071 24000
12072 24000
12073 24000
12074 24000
12075 24000
12076 24000
12077 24000
12078 24000
12079 24000
12080 24000
12081 24000
12082 24000
12083 24000
12084 24000
12085 24000
12086 24000
12087 24000
12088 24000
12089 24000
12090 24000
12091 24000
12092 24000
12093 24000
12094 24000
12095 24000
12096 24000
12097 24000
12098 24000
