8999 9000
9000 18000
9001 18000
9002 18000
9003 18000
9004 18000
9005 18000
9006 18000
9007 18000
9008 18000
9009 18000
9010 18000
9011 18000
9012 18000
9013 18000
9014 18000
9015 18000
9016 18000
9017 18000
9018 18000
9019 18000
9020 18000
9021 18000
9022 18000
9023 18000
9024 18000
9025 18000
9026 18000
9027 18000
9028 18000
9029 18000
9030 18000
9031 18000
9032 18000
9033 18000
9034 18000
9035 18000
9036 18000
9037 18000
9038 18000
9039 18000
9040 18000
9041 18000
9042 18000
9043 18000
9044 18000
9045 18000
9046 18000
9047 18000
9048 18000
9049 18000
9050 18000
9051 18000
9052 18000
9053 18000
9054 18000
9055 18000
9056 18000
9057 18000
9058 18000
9059 18000
9060 18000
9061 18000
9062 18000
9063 18000
9064 18000
9065 18000
9066 18000
9067 18000
9068 18000
9069 18000
9070 18000
9071 18000
9072 18000
9073 18000
9074 18000
9075 18000
9076 18000
9077 18000
9078 18000
9079 18000
9080 18000
9081 18000
9082 18000
9083 18000
9084 18000
9085 18000
9086 18000
9087 18000
9088 18000
9089 18000
9090 18000
9091 18000
9092 18000
9093 18000
9094 18000
9095 18000
9096 18000
9097 18000
9098 18000
