26999 27000
27000 54000
27001 54000
27002 54000
27003 54000
27004 54000
27005 54000
27006 54000
27007 54000
27008 54000
27009 54000
27010 54000
27011 54000
27012 54000
27013 54000
27014 54000
27015 54000
27016 54000
27017 54000
27018 54000
27019 54000
27020 54000
27021 54000
27022 54000
27023 54000
27024 54000
27025 54000
27026 54000
27027 54000
27028 54000
27029 54000
27030 54000
27031 54000
27032 54000
27033 54000
27034 54000
27035 54000
27036 54000
27037 54000
27038 54000
27039 54000
27040 54000
27041 54000
27042 54000
27043 54000
27044 54000
27045 54000
27046 54000
27047 54000
27048 54000
27049 54000
27050 54000
27051 54000
27052 54000
27053 54000
27054 54000
27055 54000
27056 54000
27057 54000
27058 54000
27059 54000
27060 54000
27061 54000
27062 54000
27063 54000
27064 54000
27065 54000
27066 54000
27067 54000
27068 54000
27069 54000
27070 54000
27071 54000
27072 54000
27073 54000
27074 54000
27075 54000
27076 54000
27077 54000
27078 54000
27079 54000
27080 54000
27081 54000
27082 54000
27083 54000
27084 54000
27085 54000
27086 54000
27087 54000
27088 54000
27089 54000
27090 54000
27091 54000
27092 54000
27093 54000
27094 54000
27095 54000
27096 54000
27097 54000
27098 54000
