42999 43000
43000 86000
43001 86000
43002 86000
43003 86000
43004 86000
43005 86000
43006 86000
43007 86000
43008 86000
43009 86000
43010 86000
43011 86000
43012 86000
43013 86000
43014 86000
43015 86000
43016 86000
43017 86000
43018 86000
43019 86000
43020 86000
43021 86000
43022 86000
43023 86000
43024 86000
43025 86000
43026 86000
43027 86000
43028 86000
43029 86000
43030 86000
43031 86000
43032 86000
43033 86000
43034 86000
43035 86000
43036 86000
43037 86000
43038 86000
43039 86000
43040 86000
43041 86000
43042 86000
43043 86000
43044 86000
43045 86000
43046 86000
43047 86000
43048 86000
43049 86000
43050 86000
43051 86000
43052 86000
43053 86000
43054 86000
43055 86000
43056 86000
43057 86000
43058 86000
43059 86000
43060 86000
43061 86000
43062 86000
43063 86000
43064 86000
43065 86000
43066 86000
43067 86000
43068 86000
43069 86000
43070 86000
43071 86000
43072 86000
43073 86000
43074 86000
43075 86000
43076 86000
43077 86000
43078 86000
43079 86000
43080 86000
43081 86000
43082 86000
43083 86000
43084 86000
43085 86000
43086 86000
43087 86000
43088 86000
43089 86000
43090 86000
43091 86000
43092 86000
43093 86000
43094 86000
43095 86000
43096 86000
43097 86000
43098 86000
