999 1000
1000 2000
1001 2000
1002 2000
1003 2000
1004 2000
1005 2000
1006 2000
1007 2000
1008 2000
1009 2000
1010 2000
1011 2000
1012 2000
1013 2000
1014 2000
1015 2000
1016 2000
1017 2000
1018 2000
1019 2000
1020 2000
1021 2000
1022 2000
1023 2000
1024 2000
1025 2000
1026 2000
1027 2000
1028 2000
1029 2000
1030 2000
1031 2000
1032 2000
1033 2000
1034 2000
1035 2000
1036 2000
1037 2000
1038 2000
1039 2000
1040 2000
1041 2000
1042 2000
1043 2000
1044 2000
1045 2000
1046 2000
1047 2000
1048 2000
1049 2000
1050 2000
1051 2000
1052 2000
1053 2000
1054 2000
1055 2000
1056 2000
1057 2000
1058 2000
1059 2000
1060 2000
1061 2000
1062 2000
1063 2000
1064 2000
1065 2000
1066 2000
1067 2000
1068 2000
1069 2000
1070 2000
1071 2000
1072 2000
1073 2000
1074 2000
1075 2000
1076 2000
1077 2000
1078 2000
1079 2000
1080 2000
1081 2000
1082 2000
1083 2000
1084 2000
1085 2000
1086 2000
1087 2000
1088 2000
1089 2000
1090 2000
1091 2000
1092 2000
1093 2000
1094 2000
1095 2000
1096 2000
1097 2000
1098 2000
