25999 26000
26000 52000
26001 52000
26002 52000
26003 52000
26004 52000
26005 52000
26006 52000
26007 52000
26008 52000
26009 52000
26010 52000
26011 52000
26012 52000
26013 52000
26014 52000
26015 52000
26016 52000
26017 52000
26018 52000
26019 52000
26020 52000
26021 52000
26022 52000
26023 52000
26024 52000
26025 52000
26026 52000
26027 52000
26028 52000
26029 52000
26030 52000
26031 52000
26032 52000
26033 52000
26034 52000
26035 52000
26036 52000
26037 52000
26038 52000
26039 52000
26040 52000
26041 52000
26042 52000
26043 52000
26044 52000
26045 52000
26046 52000
26047 52000
26048 52000
26049 52000
26050 52000
26051 52000
26052 52000
26053 52000
26054 52000
26055 52000
26056 52000
26057 52000
26058 52000
26059 52000
26060 52000
26061 52000
26062 52000
26063 52000
26064 52000
26065 52000
26066 52000
26067 52000
26068 52000
26069 52000
26070 52000
26071 52000
26072 52000
26073 52000
26074 52000
26075 52000
26076 52000
26077 52000
26078 52000
26079 52000
26080 52000
26081 52000
26082 52000
26083 52000
26084 52000
26085 52000
26086 52000
26087 52000
26088 52000
26089 52000
26090 52000
26091 52000
26092 52000
26093 52000
26094 52000
26095 52000
26096 52000
26097 52000
26098 52000
