36999 37000
37000 74000
37001 74000
37002 74000
37003 74000
37004 74000
37005 74000
37006 74000
37007 74000
37008 74000
37009 74000
37010 74000
37011 74000
37012 74000
37013 74000
37014 74000
37015 74000
37016 74000
37017 74000
37018 74000
37019 74000
37020 74000
37021 74000
37022 74000
37023 74000
37024 74000
37025 74000
37026 74000
37027 74000
37028 74000
37029 74000
37030 74000
37031 74000
37032 74000
37033 74000
37034 74000
37035 74000
37036 74000
37037 74000
37038 74000
37039 74000
37040 74000
37041 74000
37042 74000
37043 74000
37044 74000
37045 74000
37046 74000
37047 74000
37048 74000
37049 74000
37050 74000
37051 74000
37052 74000
37053 74000
37054 74000
37055 74000
37056 74000
37057 74000
37058 74000
37059 74000
37060 74000
37061 74000
37062 74000
37063 74000
37064 74000
37065 74000
37066 74000
37067 74000
37068 74000
37069 74000
37070 74000
37071 74000
37072 74000
37073 74000
37074 74000
37075 74000
37076 74000
37077 74000
37078 74000
37079 74000
37080 74000
37081 74000
37082 74000
37083 74000
37084 74000
37085 74000
37086 74000
37087 74000
37088 74000
37089 74000
37090 74000
37091 74000
37092 74000
37093 74000
37094 74000
37095 74000
37096 74000
37097 74000
37098 74000
