15999 16000
16000 32000
16001 32000
16002 32000
16003 32000
16004 32000
16005 32000
16006 32000
16007 32000
16008 32000
16009 32000
16010 32000
16011 32000
16012 32000
16013 32000
16014 32000
16015 32000
16016 32000
16017 32000
16018 32000
16019 32000
16020 32000
16021 32000
16022 32000
16023 32000
16024 32000
16025 32000
16026 32000
16027 32000
16028 32000
16029 32000
16030 32000
16031 32000
16032 32000
16033 32000
16034 32000
16035 32000
16036 32000
16037 32000
16038 32000
16039 32000
16040 32000
16041 32000
16042 32000
16043 32000
16044 32000
16045 32000
16046 32000
16047 32000
16048 32000
16049 32000
16050 32000
16051 32000
16052 32000
16053 32000
16054 32000
16055 32000
16056 32000
16057 32000
16058 32000
16059 32000
16060 32000
16061 32000
16062 32000
16063 32000
16064 32000
16065 32000
16066 32000
16067 32000
16068 32000
16069 32000
16070 32000
16071 32000
16072 32000
16073 32000
16074 32000
16075 32000
16076 32000
16077 32000
16078 32000
16079 32000
16080 32000
16081 32000
16082 32000
16083 32000
16084 32000
16085 32000
16086 32000
16087 32000
16088 32000
16089 32000
16090 32000
16091 32000
16092 32000
16093 32000
16094 32000
16095 32000
16096 32000
16097 32000
16098 32000
