23999 24000
24000 48000
24001 48000
24002 48000
24003 48000
24004 48000
24005 48000
24006 48000
24007 48000
24008 48000
24009 48000
24010 48000
24011 48000
24012 48000
24013 48000
24014 48000
24015 48000
24016 48000
24017 48000
24018 48000
24019 48000
24020 48000
24021 48000
24022 48000
24023 48000
24024 48000
24025 48000
24026 48000
24027 48000
24028 48000
24029 48000
24030 48000
24031 48000
24032 48000
24033 48000
24034 48000
24035 48000
24036 48000
24037 48000
24038 48000
24039 48000
24040 48000
24041 48000
24042 48000
24043 48000
24044 48000
24045 48000
24046 48000
24047 48000
24048 48000
24049 48000
24050 48000
24051 48000
24052 48000
24053 48000
24054 48000
24055 48000
24056 48000
24057 48000
24058 48000
24059 48000
24060 48000
24061 48000
24062 48000
24063 48000
24064 48000
24065 48000
24066 48000
24067 48000
24068 48000
24069 48000
24070 48000
24071 48000
24072 48000
24073 48000
24074 48000
24075 48000
24076 48000
24077 48000
24078 48000
24079 48000
24080 48000
24081 48000
24082 48000
24083 48000
24084 48000
24085 48000
24086 48000
24087 48000
24088 48000
24089 48000
24090 48000
24091 48000
24092 48000
24093 48000
24094 48000
24095 48000
24096 48000
24097 48000
24098 48000
