24999 25000
25000 50000
25001 50000
25002 50000
25003 50000
25004 50000
25005 50000
25006 50000
25007 50000
25008 50000
25009 50000
25010 50000
25011 50000
25012 50000
25013 50000
25014 50000
25015 50000
25016 50000
25017 50000
25018 50000
25019 50000
25020 50000
25021 50000
25022 50000
25023 50000
25024 50000
25025 50000
25026 50000
25027 50000
25028 50000
25029 50000
25030 50000
25031 50000
25032 50000
25033 50000
25034 50000
25035 50000
25036 50000
25037 50000
25038 50000
25039 50000
25040 50000
25041 50000
25042 50000
25043 50000
25044 50000
25045 50000
25046 50000
25047 50000
25048 50000
25049 50000
25050 50000
25051 50000
25052 50000
25053 50000
25054 50000
25055 50000
25056 50000
25057 50000
25058 50000
25059 50000
25060 50000
25061 50000
25062 50000
25063 50000
25064 50000
25065 50000
25066 50000
25067 50000
25068 50000
25069 50000
25070 50000
25071 50000
25072 50000
25073 50000
25074 50000
25075 50000
25076 50000
25077 50000
25078 50000
25079 50000
25080 50000
25081 50000
25082 50000
25083 50000
25084 50000
25085 50000
25086 50000
25087 50000
25088 50000
25089 50000
25090 50000
25091 50000
25092 50000
25093 50000
25094 50000
25095 50000
25096 50000
25097 50000
25098 50000
