21999 22000
22000 44000
22001 44000
22002 44000
22003 44000
22004 44000
22005 44000
22006 44000
22007 44000
22008 44000
22009 44000
22010 44000
22011 44000
22012 44000
22013 44000
22014 44000
22015 44000
22016 44000
22017 44000
22018 44000
22019 44000
22020 44000
22021 44000
22022 44000
22023 44000
22024 44000
22025 44000
22026 44000
22027 44000
22028 44000
22029 44000
22030 44000
22031 44000
22032 44000
22033 44000
22034 44000
22035 44000
22036 44000
22037 44000
22038 44000
22039 44000
22040 44000
22041 44000
22042 44000
22043 44000
22044 44000
22045 44000
22046 44000
22047 44000
22048 44000
22049 44000
22050 44000
22051 44000
22052 44000
22053 44000
22054 44000
22055 44000
22056 44000
22057 44000
22058 44000
22059 44000
22060 44000
22061 44000
22062 44000
22063 44000
22064 44000
22065 44000
22066 44000
22067 44000
22068 44000
22069 44000
22070 44000
22071 44000
22072 44000
22073 44000
22074 44000
22075 44000
22076 44000
22077 44000
22078 44000
22079 44000
22080 44000
22081 44000
22082 44000
22083 44000
22084 44000
22085 44000
22086 44000
22087 44000
22088 44000
22089 44000
22090 44000
22091 44000
22092 44000
22093 44000
22094 44000
22095 44000
22096 44000
22097 44000
22098 44000
