37999 38000
38000 76000
38001 76000
38002 76000
38003 76000
38004 76000
38005 76000
38006 76000
38007 76000
38008 76000
38009 76000
38010 76000
38011 76000
38012 76000
38013 76000
38014 76000
38015 76000
38016 76000
38017 76000
38018 76000
38019 76000
38020 76000
38021 76000
38022 76000
38023 76000
38024 76000
38025 76000
38026 76000
38027 76000
38028 76000
38029 76000
38030 76000
38031 76000
38032 76000
38033 76000
38034 76000
38035 76000
38036 76000
38037 76000
38038 76000
38039 76000
38040 76000
38041 76000
38042 76000
38043 76000
38044 76000
38045 76000
38046 76000
38047 76000
38048 76000
38049 76000
38050 76000
38051 76000
38052 76000
38053 76000
38054 76000
38055 76000
38056 76000
38057 76000
38058 76000
38059 76000
38060 76000
38061 76000
38062 76000
38063 76000
38064 76000
38065 76000
38066 76000
38067 76000
38068 76000
38069 76000
38070 76000
38071 76000
38072 76000
38073 76000
38074 76000
38075 76000
38076 76000
38077 76000
38078 76000
38079 76000
38080 76000
38081 76000
38082 76000
38083 76000
38084 76000
38085 76000
38086 76000
38087 76000
38088 76000
38089 76000
38090 76000
38091 76000
38092 76000
38093 76000
38094 76000
38095 76000
38096 76000
38097 76000
38098 76000
