5999 6000
6000 12000
6001 12000
6002 12000
6003 12000
6004 12000
6005 12000
6006 12000
6007 12000
6008 12000
6009 12000
6010 12000
6011 12000
6012 12000
6013 12000
6014 12000
6015 12000
6016 12000
6017 12000
6018 12000
6019 12000
6020 12000
6021 12000
6022 12000
6023 12000
6024 12000
6025 12000
6026 12000
6027 12000
6028 12000
6029 12000
6030 12000
6031 12000
6032 12000
6033 12000
6034 12000
6035 12000
6036 12000
6037 12000
6038 12000
6039 12000
6040 12000
6041 12000
6042 12000
6043 12000
6044 12000
6045 12000
6046 12000
6047 12000
6048 12000
6049 12000
6050 12000
6051 12000
6052 12000
6053 12000
6054 12000
6055 12000
6056 12000
6057 12000
6058 12000
6059 12000
6060 12000
6061 12000
6062 12000
6063 12000
6064 12000
6065 12000
6066 12000
6067 12000
6068 12000
6069 12000
6070 12000
6071 12000
6072 12000
6073 12000
6074 12000
6075 12000
6076 12000
6077 12000
6078 12000
6079 12000
6080 12000
6081 12000
6082 12000
6083 12000
6084 12000
6085 12000
6086 12000
6087 12000
6088 12000
6089 12000
6090 12000
6091 12000
6092 12000
6093 12000
6094 12000
6095 12000
6096 12000
6097 12000
6098 12000
