45999 46000
46000 92000
46001 92000
46002 92000
46003 92000
46004 92000
46005 92000
46006 92000
46007 92000
46008 92000
46009 92000
46010 92000
46011 92000
46012 92000
46013 92000
46014 92000
46015 92000
46016 92000
46017 92000
46018 92000
46019 92000
46020 92000
46021 92000
46022 92000
46023 92000
46024 92000
46025 92000
46026 92000
46027 92000
46028 92000
46029 92000
46030 92000
46031 92000
46032 92000
46033 92000
46034 92000
46035 92000
46036 92000
46037 92000
46038 92000
46039 92000
46040 92000
46041 92000
46042 92000
46043 92000
46044 92000
46045 92000
46046 92000
46047 92000
46048 92000
46049 92000
46050 92000
46051 92000
46052 92000
46053 92000
46054 92000
46055 92000
46056 92000
46057 92000
46058 92000
46059 92000
46060 92000
46061 92000
46062 92000
46063 92000
46064 92000
46065 92000
46066 92000
46067 92000
46068 92000
46069 92000
46070 92000
46071 92000
46072 92000
46073 92000
46074 92000
46075 92000
46076 92000
46077 92000
46078 92000
46079 92000
46080 92000
46081 92000
46082 92000
46083 92000
46084 92000
46085 92000
46086 92000
46087 92000
46088 92000
46089 92000
46090 92000
46091 92000
46092 92000
46093 92000
46094 92000
46095 92000
46096 92000
46097 92000
46098 92000
