2999 3000
3000 6000
3001 6000
3002 6000
3003 6000
3004 6000
3005 6000
3006 6000
3007 6000
3008 6000
3009 6000
3010 6000
3011 6000
3012 6000
3013 6000
3014 6000
3015 6000
3016 6000
3017 6000
3018 6000
3019 6000
3020 6000
3021 6000
3022 6000
3023 6000
3024 6000
3025 6000
3026 6000
3027 6000
3028 6000
3029 6000
3030 6000
3031 6000
3032 6000
3033 6000
3034 6000
3035 6000
3036 6000
3037 6000
3038 6000
3039 6000
3040 6000
3041 6000
3042 6000
3043 6000
3044 6000
3045 6000
3046 6000
3047 6000
3048 6000
3049 6000
3050 6000
3051 6000
3052 6000
3053 6000
3054 6000
3055 6000
3056 6000
3057 6000
3058 6000
3059 6000
3060 6000
3061 6000
3062 6000
3063 6000
3064 6000
3065 6000
3066 6000
3067 6000
3068 6000
3069 6000
3070 6000
3071 6000
3072 6000
3073 6000
3074 6000
3075 6000
3076 6000
3077 6000
3078 6000
3079 6000
3080 6000
3081 6000
3082 6000
3083 6000
3084 6000
3085 6000
3086 6000
3087 6000
3088 6000
3089 6000
3090 6000
3091 6000
3092 6000
3093 6000
3094 6000
3095 6000
3096 6000
3097 6000
3098 6000
