30999 31000
31000 62000
31001 62000
31002 62000
31003 62000
31004 62000
31005 62000
31006 62000
31007 62000
31008 62000
31009 62000
31010 62000
31011 62000
31012 62000
31013 62000
31014 62000
31015 62000
31016 62000
31017 62000
31018 62000
31019 62000
31020 62000
31021 62000
31022 62000
31023 62000
31024 62000
31025 62000
31026 62000
31027 62000
31028 62000
31029 62000
31030 62000
31031 62000
31032 62000
31033 62000
31034 62000
31035 62000
31036 62000
31037 62000
31038 62000
31039 62000
31040 62000
31041 62000
31042 62000
31043 62000
31044 62000
31045 62000
31046 62000
31047 62000
31048 62000
31049 62000
31050 62000
31051 62000
31052 62000
31053 62000
31054 62000
31055 62000
31056 62000
31057 62000
31058 62000
31059 62000
31060 62000
31061 62000
31062 62000
31063 62000
31064 62000
31065 62000
31066 62000
31067 62000
31068 62000
31069 62000
31070 62000
31071 62000
31072 62000
31073 62000
31074 62000
31075 62000
31076 62000
31077 62000
31078 62000
31079 62000
31080 62000
31081 62000
31082 62000
31083 62000
31084 62000
31085 62000
31086 62000
31087 62000
31088 62000
31089 62000
31090 62000
31091 62000
31092 62000
31093 62000
31094 62000
31095 62000
31096 62000
31097 62000
31098 62000
