10999 11000
11000 22000
11001 22000
11002 22000
11003 22000
11004 22000
11005 22000
11006 22000
11007 22000
11008 22000
11009 22000
11010 22000
11011 22000
11012 22000
11013 22000
11014 22000
11015 22000
11016 22000
11017 22000
11018 22000
11019 22000
11020 22000
11021 22000
11022 22000
11023 22000
11024 22000
11025 22000
11026 22000
11027 22000
11028 22000
11029 22000
11030 22000
11031 22000
11032 22000
11033 22000
11034 22000
11035 22000
11036 22000
11037 22000
11038 22000
11039 22000
11040 22000
11041 22000
11042 22000
11043 22000
11044 22000
11045 22000
11046 22000
11047 22000
11048 22000
11049 22000
11050 22000
11051 22000
11052 22000
11053 22000
11054 22000
11055 22000
11056 22000
11057 22000
11058 22000
11059 22000
11060 22000
11061 22000
11062 22000
11063 22000
11064 22000
11065 22000
11066 22000
11067 22000
11068 22000
11069 22000
11070 22000
11071 22000
11072 22000
11073 22000
11074 22000
11075 22000
11076 22000
11077 22000
11078 22000
11079 22000
11080 22000
11081 22000
11082 22000
11083 22000
11084 22000
11085 22000
11086 22000
11087 22000
11088 22000
11089 22000
11090 22000
11091 22000
11092 22000
11093 22000
11094 22000
11095 22000
11096 22000
11097 22000
11098 22000
