3999 4000
4000 8000
4001 8000
4002 8000
4003 8000
4004 8000
4005 8000
4006 8000
4007 8000
4008 8000
4009 8000
4010 8000
4011 8000
4012 8000
4013 8000
4014 8000
4015 8000
4016 8000
4017 8000
4018 8000
4019 8000
4020 8000
4021 8000
4022 8000
4023 8000
4024 8000
4025 8000
4026 8000
4027 8000
4028 8000
4029 8000
4030 8000
4031 8000
4032 8000
4033 8000
4034 8000
4035 8000
4036 8000
4037 8000
4038 8000
4039 8000
4040 8000
4041 8000
4042 8000
4043 8000
4044 8000
4045 8000
4046 8000
4047 8000
4048 8000
4049 8000
4050 8000
4051 8000
4052 8000
4053 8000
4054 8000
4055 8000
4056 8000
4057 8000
4058 8000
4059 8000
4060 8000
4061 8000
4062 8000
4063 8000
4064 8000
4065 8000
4066 8000
4067 8000
4068 8000
4069 8000
4070 8000
4071 8000
4072 8000
4073 8000
4074 8000
4075 8000
4076 8000
4077 8000
4078 8000
4079 8000
4080 8000
4081 8000
4082 8000
4083 8000
4084 8000
4085 8000
4086 8000
4087 8000
4088 8000
4089 8000
4090 8000
4091 8000
4092 8000
4093 8000
4094 8000
4095 8000
4096 8000
4097 8000
4098 8000
