38999 39000
39000 78000
39001 78000
39002 78000
39003 78000
39004 78000
39005 78000
39006 78000
39007 78000
39008 78000
39009 78000
39010 78000
39011 78000
39012 78000
39013 78000
39014 78000
39015 78000
39016 78000
39017 78000
39018 78000
39019 78000
39020 78000
39021 78000
39022 78000
39023 78000
39024 78000
39025 78000
39026 78000
39027 78000
39028 78000
39029 78000
39030 78000
39031 78000
39032 78000
39033 78000
39034 78000
39035 78000
39036 78000
39037 78000
39038 78000
39039 78000
39040 78000
39041 78000
39042 78000
39043 78000
39044 78000
39045 78000
39046 78000
39047 78000
39048 78000
39049 78000
39050 78000
39051 78000
39052 78000
39053 78000
39054 78000
39055 78000
39056 78000
39057 78000
39058 78000
39059 78000
39060 78000
39061 78000
39062 78000
39063 78000
39064 78000
39065 78000
39066 78000
39067 78000
39068 78000
39069 78000
39070 78000
39071 78000
39072 78000
39073 78000
39074 78000
39075 78000
39076 78000
39077 78000
39078 78000
39079 78000
39080 78000
39081 78000
39082 78000
39083 78000
39084 78000
39085 78000
39086 78000
39087 78000
39088 78000
39089 78000
39090 78000
39091 78000
39092 78000
39093 78000
39094 78000
39095 78000
39096 78000
39097 78000
39098 78000
