460599 702135
464079 693573
490604 702786
463277 740529
471064 689733
475912 703179
468766 713685
459186 675141
455295 636099
499181 723564
459390 693882
483880 670608
494937 667734
467101 694713
469954 679899
502902 675729
488348 644019
494119 720540
454047 671748
460920 724722
483908 707742
467661 657906
511519 682611
466944 720096
464673 651156
458464 653502
448836 677715
470279 714225
479527 697653
455521 688977
463098 719577
479444 718749
486198 766107
490744 652782
494702 707550
490080 720417
462638 650289
495418 690219
479859 692289
494011 762243
504005 695583
459210 674847
547131 709026
496642 709176
484230 688983
485768 691278
469004 681723
476875 702063
464909 670518
471127 692706
493249 764580
471565 695973
480144 653457
470146 672264
500186 654444
473498 779415
470051 723375
500721 632460
460255 706518
459983 666501
491634 736485
481315 709326
486159 693405
468757 736125
477050 723603
515110 686283
470136 700281
471611 697923
450524 670011
507083 695550
472553 699774
478461 625110
477031 663111
482042 651294
458147 695442
457342 660021
511794 689874
469095 755241
461548 669180
474695 724956
464911 662265
480993 758820
473918 708258
465644 658200
465920 704703
458270 688794
456383 656844
483042 672441
469863 716031
451538 668418
463761 683163
465397 659781
479479 650319
475911 645447
480536 691962
474644 679566
459362 656853
451354 692595
467809 671610
489662 698775
