40814 64509
42530 63015
39075 62934
41929 58560
41163 65223
36185 59022
39007 67101
40740 61455
37466 59403
37650 58506
36316 60897
40667 69264
38926 59211
39126 59223
37655 57417
41173 67494
43435 61431
42521 65496
37449 56994
39019 56847
38252 61128
41565 58590
44424 67008
38627 62772
41617 63144
43352 58296
36945 62511
39667 61863
41847 62715
36984 58128
39768 64491
37963 58230
37992 59727
44048 57315
36705 58482
37285 63057
39476 58269
39898 63048
40962 62679
40067 56964
41486 61173
38398 61566
38573 59433
38621 61146
42750 57699
39656 60045
42392 59694
38260 58929
39723 55119
36740 59337
39442 58809
40749 62232
39140 57660
38903 57963
38835 65505
38437 64371
37414 56895
38758 56793
37636 58296
36979 56862
39441 58095
39234 66813
43593 60837
43417 65559
42685 55614
39231 56382
39940 58452
38435 62625
38917 59127
39604 59502
41594 63762
39729 61392
40189 59886
40269 64041
37643 63006
42817 64068
38983 58662
40972 68832
38543 58536
40324 61314
38817 59217
38219 63237
38944 65154
40094 63291
38201 57912
38743 61605
37038 59085
43506 67959
42985 61074
39803 63669
39095 55596
39289 62754
37935 62433
41551 58158
37511 60264
40288 63180
40067 54639
40948 61773
40813 62181
38848 63909
