536644 754305
555487 813579
556262 763410
531869 716409
505507 765180
553199 743520
556104 785664
566538 801741
556645 806766
563915 751902
502957 786585
515554 745887
536321 799335
515652 796488
554486 764265
514640 747831
529663 773880
510834 787515
535020 778164
508025 790389
529686 779961
518069 780789
515863 736698
582255 758514
515925 749874
535937 759996
519346 720234
569415 793473
552696 817518
545808 829185
510628 731028
577440 821427
529467 832392
520667 732867
508670 771411
512546 775863
547357 719685
529703 793755
540255 846630
517270 727176
563929 766809
516366 778650
512017 732414
536340 745644
538711 780813
537324 771189
519547 758214
499749 748680
529512 793764
537816 787800
562145 779568
510467 830220
604976 811020
534298 816390
584319 875436
583557 787752
531213 766383
536332 730059
524759 807675
572260 778185
525121 760947
526171 782313
534538 794754
557782 700947
518845 745014
547415 743259
561346 844599
552287 732849
525704 760644
592390 783273
532515 740949
520142 780513
546625 727176
525366 758892
519031 747000
515482 708561
568868 787461
539089 743253
532414 750849
542471 829161
536949 779988
556802 754506
530576 796242
506775 813873
528184 812070
548072 774132
510528 748536
537769 752286
517153 761163
506899 747390
526099 773757
532061 839310
557150 742020
515528 745026
535413 763113
544709 760014
520428 770637
531260 713118
520910 797808
522931 756624
