123 282
126 261
113 258
111 279
137 285
113 306
116 288
132 318
117 303
131 282
119 249
129 330
119 291
136 270
130 288
137 354
130 369
179 255
110 276
144 258
142 309
145 258
120 315
164 270
113 297
119 294
122 321
131 267
143 351
121 279
140 333
111 300
146 342
166 372
171 255
120 300
163 366
125 318
132 264
145 306
115 306
107 282
149 321
119 249
121 291
112 360
112 300
125 255
123 303
123 258
140 255
114 252
157 333
139 252
114 312
132 306
115 324
134 237
154 312
149 267
178 264
126 276
104 288
150 336
139 282
117 261
120 252
138 327
127 237
125 246
135 300
123 261
132 294
147 294
124 273
157 330
126 309
120 270
123 246
119 285
119 345
122 264
137 300
151 291
113 264
128 240
127 291
140 315
109 261
115 273
136 279
129 267
129 300
158 264
127 315
118 288
109 282
131 270
119 291
141 336
