575208 823347
578597 846399
568070 834810
610402 836607
569531 876399
559457 817737
548650 846897
553129 863664
592517 889344
590315 841464
617341 823320
581143 878355
556263 776544
596471 907305
551462 871539
572774 860775
559518 832566
563222 828054
544716 797874
593121 855291
560375 887391
591143 806883
577766 843588
545212 860571
617013 812430
567117 821235
572019 784296
580272 879867
560470 849834
560504 798573
582900 864549
587888 859035
602601 969096
567298 878322
573281 864756
573622 842913
601401 951567
599386 920961
618550 942975
563030 890574
567599 816147
572631 883662
566720 812901
556044 861771
555053 805068
583228 916920
570961 843633
567175 873972
605340 894588
553997 861579
615522 835599
561123 804717
573245 874941
570408 801282
577212 833016
585917 824760
537289 768354
589920 822498
568790 759219
628499 849045
558750 781056
558037 821382
605482 771060
608046 847584
591506 787083
580305 887712
587256 939711
562335 871428
589071 816147
588392 802431
581512 826206
575527 811446
585934 885243
575806 858861
592889 819696
549153 803496
599657 875655
577549 787845
586446 796650
557478 851814
576140 843792
561655 895509
589993 796263
586067 794187
570842 900186
536176 793635
586235 788970
596327 845556
559849 798180
557032 804657
557744 869955
552503 841827
543249 806532
572062 826455
563657 795147
567704 865350
540132 814995
555032 751809
542105 830094
568664 804513
