828567 1172361
827636 1211640
799018 1154505
822557 1094652
809687 1124028
818893 1139439
876084 1138704
775966 1100628
837508 1166283
844977 1162410
777413 1180449
812602 1117725
839714 1237380
824301 1207530
817767 1127529
792292 1155435
847590 1275552
810205 1158501
786030 1148751
773725 1185609
785126 1138752
799040 1155963
805014 1268886
789754 1112709
846473 1218837
829032 1239609
798942 1136466
883470 1347549
808498 1211463
778335 1155066
819898 1191768
860659 1151172
822218 1128873
783500 1195962
897613 1281423
820108 1180590
830565 1181151
822563 1193337
816525 1227501
771192 1156071
854726 1248168
808009 1173534
821210 1244634
795005 1180017
784974 1163499
815364 1210101
841803 1214595
843032 1132764
859010 1145250
793601 1189158
794029 1094997
794259 1183428
793763 1187970
771403 1211142
859323 1314330
796041 1226757
783673 1191141
818340 1138713
794760 1175406
828897 1154934
840163 1166409
814731 1136610
799745 1190298
774703 1145880
870398 1143057
839861 1090878
803794 1214670
839040 1240638
786825 1125303
824951 1164444
814244 1090275
810771 1256307
799317 1146819
823201 1079181
809414 1214778
839643 1171917
986486 1149000
791909 1087101
794607 1237128
779862 1142733
830427 1160217
805275 1195494
795381 1138017
804073 1133184
828003 1179279
818002 1208532
808514 1097877
851587 1129647
838842 1245825
830428 1183941
814900 1215132
854831 1260234
832300 1210287
929413 1283589
772083 1151652
788140 1134903
781390 1122915
876462 1101744
791149 1102371
824393 1230675
