890723 1306056
922466 1222866
878965 1266339
922525 1316802
926200 1415355
908736 1269315
935365 1315800
951507 1265766
854919 1205460
905304 1336899
875008 1322280
907136 1285680
924115 1270863
833637 1308510
850141 1203444
984432 1377897
899243 1315386
882307 1316094
884960 1266603
858313 1303167
903647 1288524
882098 1380669
926472 1290384
872693 1228710
842254 1286169
851043 1275051
928791 1326030
915947 1309617
926364 1314303
896149 1212687
925729 1262427
891055 1296828
889143 1340427
917276 1327764
954292 1242447
892385 1290477
908074 1255245
845657 1314378
900456 1202337
931676 1344873
926832 1232061
896433 1208532
885872 1279824
852311 1291263
940184 1203360
867625 1270806
907016 1377654
929769 1246125
873786 1235199
895158 1400331
899208 1355718
904527 1302822
886596 1313037
892839 1302360
860029 1323570
915396 1287174
908730 1244934
887095 1309896
914952 1352829
930368 1194432
855237 1277814
914174 1251639
915884 1479255
871929 1394136
935380 1316541
916472 1442004
861548 1296198
881417 1321011
886582 1297305
880963 1258395
914297 1224099
889708 1288431
951336 1273683
872433 1292589
884353 1274853
896851 1349997
946748 1342323
873266 1347744
960719 1305975
927354 1291053
914459 1216662
871251 1253085
974320 1488201
866984 1209465
880944 1318410
886781 1256139
864151 1364229
873541 1312230
875973 1272237
885115 1277997
872131 1301562
870853 1259763
943307 1369950
895554 1362246
885893 1336194
862089 1274571
867663 1339518
1026065 1339407
948829 1483716
899152 1289157
