840088 1266990
872792 1256781
831700 1249032
833873 1194114
858258 1221786
856324 1242066
848118 1231023
863506 1296099
839602 1190412
826187 1271139
854316 1195428
829536 1211655
879527 1137834
821997 1196412
922165 1288617
888547 1191750
890407 1276812
869183 1233201
887588 1330212
854921 1184967
834445 1201740
886454 1198056
818006 1205679
809242 1193754
861680 1115112
832607 1187019
836225 1281411
897712 1228557
870435 1147197
824945 1258452
891999 1220970
830645 1350411
899665 1355061
842338 1298247
813180 1227780
820755 1237032
848005 1226172
814725 1226571
863917 1179540
835300 1272948
849477 1167606
867194 1200954
845630 1236795
868516 1279455
833224 1229622
888567 1244640
849649 1247961
804823 1237812
845015 1202970
888474 1285173
828521 1227564
856476 1268658
838583 1218150
834429 1266087
832307 1206294
844431 1273950
843607 1175295
833161 1225569
868687 1299900
840387 1176963
832825 1196730
850696 1255665
827801 1194711
866527 1256373
823778 1231473
912904 1130346
835250 1214229
845350 1227699
883230 1250559
818971 1120434
831296 1199409
838637 1185651
836880 1207191
830395 1184091
860023 1221561
857028 1227639
869333 1179009
873330 1345728
830547 1264647
868839 1238820
864940 1261575
910074 1146666
814932 1233255
856861 1192038
865935 1303506
845894 1234275
880547 1286436
877115 1179072
853042 1219950
855640 1249971
892381 1212648
850103 1313883
880816 1313595
905101 1171785
861458 1250853
834214 1284237
867160 1162185
883213 1444641
868618 1211481
866132 1201614
