386540 531804
399426 558297
385837 525222
382913 562908
362174 552954
395755 529854
400687 548982
367934 598116
368929 531222
372989 559869
410476 640410
361457 563034
358058 591801
374549 561891
362853 583896
375340 530862
381414 576492
388491 561675
398518 605061
369045 538179
375481 582828
370632 539634
371564 533901
363042 568863
382696 601356
383378 518985
384867 565716
361885 565590
370987 555159
406215 562818
355051 557247
384656 552102
365673 541164
370147 516741
366581 526854
376600 505941
406576 606555
386184 571917
356531 572415
369876 542733
416071 541695
368482 557673
370322 553917
393667 527274
348455 539526
377925 519201
365910 539046
367284 538833
373944 539652
380635 545967
415826 577545
360243 551058
372080 547017
392853 538530
361337 526110
390576 577443
382551 518823
358413 544905
391617 566217
369471 563244
365139 556071
366000 552453
395321 580521
377286 552270
401247 531282
365598 548115
373226 562923
380997 574500
377888 538167
380657 505167
358154 530160
382086 541218
370087 551937
388200 524331
399736 564354
375744 532512
387946 543075
379313 540993
370647 555699
373966 519411
368947 538233
361643 517044
382382 552798
373276 537249
365881 561192
383373 604677
361487 543579
363510 540015
382559 525411
380156 571707
401588 573471
365544 582948
403794 612567
387449 598158
387878 521529
369749 517623
412424 596718
364977 517875
377757 560787
384760 535164
