784961 1150704
781999 1118697
800210 1103313
844695 1086186
855068 1178238
789404 1105245
791266 1126773
787557 1184865
777299 1120716
839401 1215162
830853 1161609
792122 1107888
799155 1236633
793228 1138068
750850 1116198
773155 1114071
776254 1155402
762834 1074141
793454 1208634
778870 1188003
805567 1122675
791507 1166013
834698 1230582
800244 1133436
770575 1092459
790241 1081953
812985 1080981
767724 1087524
789298 1185120
864327 1203954
822689 1176120
759405 1144821
809241 1085649
780536 1222722
813828 1146060
797348 1114944
788949 1131069
789027 1140381
810060 1162590
800862 1159338
804917 1216122
845855 1148631
807963 1189038
765957 1106190
781109 1090968
824380 1191945
803996 1140735
811725 1070091
809623 1147191
764031 1192467
790545 1230720
894167 1170846
786314 1163775
811342 1226262
789682 1137522
790611 1161417
767126 1168356
781361 1236513
822520 1225572
770535 1234764
770840 1142493
758545 1189422
776075 1106709
761908 1051218
779055 1121466
782872 1121508
769353 1056378
788119 1107720
782042 1143963
789772 1140873
777683 1099854
801129 1070127
763463 1223850
831104 1068837
832894 1105626
793129 1157415
801559 1183629
785988 1077579
803381 1122849
794346 1080054
813131 1187121
803821 1175214
829433 1130886
821344 1120986
783251 1151481
784073 1124832
816854 1222929
817782 1092855
811330 1133010
767901 1150947
821920 1187091
778157 1079442
817003 1109877
763500 1120998
812520 1278261
813523 1213218
812818 1188321
806868 1121745
773716 1146732
828890 1136991
