99 240
80 210
73 189
85 156
76 168
82 153
61 183
68 168
66 159
66 174
73 126
86 177
61 180
86 174
79 150
62 144
66 225
62 162
75 159
87 189
61 177
86 159
65 168
66 183
81 156
62 180
77 183
73 186
61 156
65 198
70 195
60 180
67 138
71 219
77 180
70 189
78 162
68 174
71 174
72 186
58 183
64 174
77 213
59 189
67 156
70 192
63 183
63 171
78 219
77 192
94 207
62 189
66 183
70 174
84 186
86 174
92 141
103 162
57 165
67 144
72 162
78 165
61 150
68 177
91 141
70 168
74 189
75 174
80 156
66 198
74 183
104 225
76 165
84 189
65 177
61 171
90 144
73 186
69 156
66 165
98 210
66 180
61 165
68 174
67 156
65 195
83 153
74 216
73 162
94 147
83 159
87 198
83 183
68 180
79 195
59 165
61 174
88 201
84 171
79 201
