245852 391029
245308 351285
248684 362064
232561 346488
235937 355134
265871 424065
254841 380298
239769 367956
256709 375408
264496 384789
239967 356706
282768 365298
240120 340830
245314 389607
230430 329292
251700 354219
239422 357207
243032 350523
252748 339438
230752 358443
263170 398871
243673 361182
242898 380112
249381 356787
258904 384843
248180 379704
243089 343932
263294 333603
234293 365406
253620 362919
258088 358941
253887 394281
235191 376320
252532 337716
252652 358311
247126 369219
252629 344649
244364 368592
243708 390144
242135 362631
247374 368325
244456 379878
263292 391041
242860 359730
242088 355140
246892 378108
240810 354960
249239 347169
260534 380718
251001 356160
237593 360900
241766 359265
237448 371586
230224 344163
250676 344616
239278 381645
250724 343692
239718 357786
235816 357930
245292 351948
247692 385203
245004 381138
240901 349731
262531 385875
246341 362640
244252 364317
263776 369936
243398 343464
243280 390555
243654 355704
236406 364155
237842 351198
233709 355683
256741 338553
247324 386460
249726 385746
245138 329058
245668 344925
244444 351267
240986 346203
249775 370827
273027 422322
275454 396441
261775 394890
235387 390828
247892 360837
240104 364986
235046 367875
245846 353676
234384 360429
243542 358050
240426 365328
251954 368712
261796 372168
236529 377487
263894 369180
243949 333450
248365 365382
266943 373488
239958 376491
