345224 547020
341669 486909
335170 485757
353719 524760
321677 497160
354907 500685
342820 490308
333900 485862
327107 523185
357924 485619
330626 499683
348267 469470
360674 527124
338169 472335
352136 497949
339786 504126
333812 511098
328397 518025
329760 466116
334547 507930
340410 515502
322302 477573
348506 522855
328195 503568
341265 472827
330812 513444
350648 465264
349179 506598
346839 480063
361080 521028
343845 476460
342766 476160
350012 495150
334975 506526
359526 492579
336835 509010
330506 499995
343926 472941
348184 529485
338924 547746
332556 473304
333740 488640
341801 460470
337640 479781
328718 472584
348078 498435
378127 536793
335844 504195
359555 584268
353422 483648
332755 481140
352440 463323
344821 502242
349844 529878
337780 481704
334242 492582
341853 549033
339747 494232
328928 494196
345556 512709
357357 528324
345737 512004
337819 491766
339295 462930
338536 473409
339112 459858
343946 528405
332351 498375
348490 466902
323458 508041
329625 494589
354291 534936
337225 479058
369840 544680
329576 499389
333525 481932
350966 474249
348811 476181
324556 486432
351561 459693
363334 472653
328114 479730
351326 486957
337328 476700
343798 509787
331172 504204
334242 484848
333288 487473
341137 537495
327266 498258
336156 469782
340374 521865
348231 483333
332764 494100
353254 486105
344394 472827
326118 495108
357286 540564
355271 468990
329953 497265
