318399 483252
315648 478611
324704 507081
306683 476328
315866 468678
384357 451266
314913 461931
326812 433497
314511 507894
308965 449217
301404 447822
312776 457446
337332 503376
327355 487137
327656 489372
322692 494466
306405 451281
336039 458463
320666 439128
322719 470742
326854 464025
321248 479547
321032 484482
299838 454965
317075 485499
306083 489732
330550 479865
337897 471489
315925 440031
326898 505602
318479 457269
323310 445962
311842 490638
315012 465270
325218 443490
346394 501981
308332 458976
320151 488019
316311 486819
317315 459954
322943 479568
310727 467598
316301 450762
328226 472335
318876 471411
312709 449544
318098 443097
312986 446052
313485 452040
345336 463872
326336 456126
332828 453627
319182 446667
309910 491181
326112 462075
302985 454872
331068 472788
326607 465210
314341 456588
316986 490785
311436 483516
324181 473622
292319 458346
337237 500424
304444 452109
309618 478617
309769 456501
328011 469740
303913 478308
329634 499869
335328 511134
316308 482451
344213 492669
317329 479634
326081 461718
327098 476943
309182 495906
311144 438339
303711 484926
321700 491760
329886 492525
329402 464736
331076 482397
344250 482553
330368 488895
316355 434262
330751 514503
328353 457185
356630 510522
334461 452844
335918 465441
321890 451290
307005 478941
336448 507201
322583 488148
318501 504675
312292 499980
317419 430752
302985 481497
332174 451722
