687067 929676
656947 964587
737322 1099221
748049 1049802
653243 995370
694409 1024515
711632 998880
670919 1008615
679880 995004
704280 957087
700046 960633
681165 996606
727682 990177
678283 975726
670375 983484
660411 979203
696191 1031403
662005 956094
663630 1009239
702207 1005102
752037 1109604
699632 961905
698792 970164
696046 1035831
699309 1000956
692666 983292
667488 1000686
654882 1014063
677128 976677
684773 1025556
711066 996963
693050 950631
683497 909297
697038 1080906
670797 979635
669804 909717
684619 946890
711761 1011366
684794 1049793
729569 961518
684051 997686
690903 960147
709138 1020792
672314 961716
736828 999717
705364 1034316
681849 965100
672524 983289
674267 978267
692790 1004037
681006 945786
732871 1015434
671068 973287
743081 1029393
672961 1025595
665762 1000578
696573 955416
709983 1015092
673673 999150
685444 1001436
687498 939672
659422 993276
687902 984732
713443 1053480
657417 965001
794551 1097124
704652 974085
683343 965952
687429 1030497
685278 1022973
694158 980658
661427 995778
708377 1049409
709793 1049877
690374 993615
698816 1013919
673738 1023735
728630 1098990
685593 1032546
688044 1042143
700427 927813
720765 1046439
695524 1047057
683197 1024554
735361 1078644
687998 958671
688484 1003344
765900 1075785
664692 984330
676057 1017852
694489 1008144
693377 978240
665408 1018557
730368 953463
692969 1003398
675752 965637
694818 1025991
749843 977385
663864 964929
698054 1060419
