462025 669633
469068 632682
477555 681057
450865 692022
445669 677499
463049 684678
445714 648081
439323 674202
468406 732951
445381 670749
443882 632220
442242 623418
467938 628023
448593 695850
451656 665997
502499 751050
470137 685431
478208 667722
442634 650853
455770 617124
479342 660735
452495 638451
434295 640839
453597 684255
490226 654249
437324 668184
436947 662166
465771 695745
444593 664608
450281 671967
457112 688797
463911 689535
480300 733152
460148 642531
434892 677406
453866 623925
433090 675294
457259 651567
471937 753162
514490 615909
447234 687390
450296 632952
426900 636315
449126 674862
450200 666219
453207 635706
478405 667305
442409 641670
454390 691800
447538 652494
449821 642426
430251 673599
454514 664968
444035 670938
459313 657702
475809 732330
451579 666633
447817 665172
455199 638733
442547 629634
457955 622089
464955 672813
461439 673104
466498 660840
457824 652314
444683 636357
451083 612546
443043 670110
466719 695646
517747 752799
453070 630123
446688 650565
438511 642906
452147 687885
447805 658590
463530 652026
478279 677088
442885 632379
450565 654240
482892 673479
449269 695538
449122 682527
470567 695703
475791 673074
443241 659964
462821 715518
466048 657105
435987 633804
449633 661932
440763 675186
458943 630471
465028 667896
448121 684135
452800 654966
437364 602022
448494 687813
441531 685983
465630 647697
466125 687969
438544 653316
