138765 217626
129686 218331
140651 215211
139517 217896
134541 207819
133463 211641
138598 197232
140406 193755
148454 230829
151817 210405
137402 202089
140354 202332
140144 199341
157118 218889
137138 206631
138216 212631
137534 202002
130721 198264
137176 205605
132691 200745
140058 205665
129774 190440
145356 205929
133340 213723
134888 202524
148516 210540
137627 217566
142363 222243
150448 206547
140775 212463
151282 216636
137010 204930
135214 205212
137685 202995
137872 192498
133650 202905
130447 210093
145647 206877
143179 222144
145701 211221
146524 206259
135025 199623
135631 221151
136073 201417
139445 206019
142054 209139
137306 196845
141557 213345
139718 214221
128839 204864
141774 208275
133599 206127
143480 227244
134565 202428
144925 207387
132408 200385
142020 201366
130381 208629
135774 195888
135141 208101
137194 199125
137523 196746
144997 229122
135123 205983
138790 217053
134324 208518
151425 218685
148950 202497
136105 197316
143724 188202
139081 193329
132025 194055
148060 215691
141604 227940
141179 201405
144481 190059
134713 202428
137903 197979
133354 192591
139270 217428
142516 205968
136391 217329
133204 197841
135785 211662
139136 224808
135487 217950
140928 215955
140977 212862
151546 204693
139921 214848
130557 201420
127519 201648
141447 205683
131929 205227
133877 200490
137990 209433
134154 196794
132672 200067
141688 198768
148620 236466
