479088 763791
472849 708603
473915 705867
504020 772293
474884 722613
502081 679752
494643 657933
492016 687114
483409 682605
552546 771120
502884 728547
490830 680424
485382 694440
471033 694863
513556 733824
475447 716028
526167 740904
478645 736800
492286 692634
496638 678819
509177 721854
520782 719037
483110 692220
479662 714843
481873 706788
499077 723267
522750 756099
474127 730143
540265 716616
493585 722241
507230 751758
481667 713325
486983 728343
473240 714792
481198 736086
491642 743574
505165 717201
503889 677970
488182 728274
531107 739116
495729 714618
461926 684600
496773 695319
489087 717795
499633 699054
486902 709692
510436 715683
479908 731118
488602 674316
494469 712899
494963 769785
476157 683289
471926 696423
490293 744681
521710 770529
515021 687672
474850 702105
500136 739113
485577 707199
484861 706077
479872 705627
501029 710442
505981 683229
493768 677307
485902 687681
478163 722385
485810 675606
477781 751299
517679 726339
482391 691980
474582 724728
541735 739494
507269 686322
515801 783576
473788 740601
490488 751341
499261 699624
492116 745533
515757 796242
484757 712386
489947 703956
496102 758256
487755 691326
534156 803571
480802 728040
511822 753519
484913 703641
508767 662097
485833 718557
481481 798978
505459 722550
510951 811128
504301 745542
499356 734208
491183 723837
503766 799644
505454 740784
494703 704808
491672 741102
495945 768588
