879504 1265511
971443 1303944
904585 1299789
892679 1323249
902788 1299651
910383 1282107
1003791 1337613
902938 1293699
918726 1344966
890117 1343748
953071 1277190
921596 1377729
914487 1360200
884531 1344768
922060 1381845
869683 1277400
875847 1218852
970037 1438752
933731 1310649
909675 1384383
968897 1426629
893788 1397976
939318 1303029
964533 1325592
911563 1435155
877298 1226292
890489 1339812
929848 1402296
927253 1353255
952467 1420641
962687 1252074
926712 1323177
916612 1322397
882412 1242246
932465 1333638
926379 1337244
901123 1293516
910360 1251768
916590 1277103
937247 1389429
897758 1268247
917104 1319364
955010 1211520
950018 1330998
970448 1406256
902449 1298487
897739 1303365
933672 1277697
895913 1261017
876119 1370625
920912 1301274
891193 1262727
963616 1283874
875469 1361034
894930 1367808
905577 1412895
908190 1289493
951312 1243890
976411 1470072
1042385 1412472
909960 1343253
947978 1303464
893554 1274727
948799 1380411
886315 1340241
916969 1384746
880035 1309227
911101 1217250
998341 1452030
937908 1262121
917216 1416972
937557 1286622
923696 1483680
894032 1324443
948279 1440756
919411 1363317
956127 1432719
900053 1321719
920927 1268994
912475 1287456
940538 1441011
926433 1371441
923709 1278978
973274 1509012
950005 1373070
927973 1366428
916003 1370481
918713 1252458
926955 1340505
916253 1246467
872369 1290855
879669 1367094
894513 1290081
934101 1338267
938218 1334214
876024 1329114
868818 1247517
939615 1302846
915012 1340394
919289 1335378
