25 81
32 87
22 63
22 78
23 81
25 60
21 60
20 81
22 84
34 75
37 84
25 78
19 69
34 72
23 75
23 75
21 75
23 72
19 63
22 66
22 63
27 72
22 54
29 90
28 63
22 81
24 69
19 69
21 75
28 69
24 72
24 57
22 69
25 81
43 81
27 84
26 66
25 81
25 57
22 69
25 78
23 81
23 78
21 69
23 99
24 69
39 66
25 81
26 63
29 81
27 81
26 69
21 75
21 81
31 66
26 78
19 63
22 66
20 72
23 81
21 72
29 84
19 63
25 60
25 75
31 96
30 72
21 78
24 75
29 60
22 63
23 87
27 57
21 81
30 72
27 81
24 57
35 63
22 72
30 66
21 90
27 72
24 78
25 93
21 66
28 66
25 84
25 69
34 45
19 81
23 78
21 78
21 72
29 69
29 66
20 78
25 60
20 87
23 75
28 90
