82406 129954
84415 125265
91568 127278
86910 135582
86809 132930
84328 126348
88145 123846
87550 135081
84763 130995
87338 122913
87892 129846
87016 123111
93394 129231
89789 144699
84840 124452
82148 135420
88333 127965
84882 141009
85807 120459
90448 127377
89939 118290
85758 134094
84941 131478
92705 129795
91124 136071
88890 136290
88475 130449
83724 135468
86576 129588
85297 135285
84666 135153
86838 133689
84032 131913
94589 120051
83338 128370
86965 136173
90876 147222
87078 121302
85841 131199
93401 143169
89501 125526
97518 143805
83454 132018
84923 130629
87782 132636
85562 118710
91048 139656
86726 134292
86840 139551
83538 131340
83840 131232
83370 130392
85637 141918
87759 136416
84931 125793
88321 124149
86285 143238
81730 128181
92765 122913
84875 126252
88279 121815
89819 122184
82905 138951
88503 129792
93461 132495
89010 137769
93745 123081
86869 135255
88205 133068
82607 133785
84180 125154
88983 131853
85131 129942
86020 135558
83790 124275
87500 135381
89746 128940
85438 128094
85271 129417
94809 147087
82358 129654
86207 135795
95913 130044
83916 132321
87252 144330
89986 129084
81901 126441
87765 135768
83509 132879
83915 133209
83724 119106
85300 126675
90705 127503
90881 128706
86496 125640
89360 136302
82209 130011
105729 154770
87155 126219
82756 128016
