356917 579681
380215 525492
371648 550596
365899 510951
353897 531636
365267 528870
385643 493182
370640 534705
349575 549306
366181 549606
348170 532206
363930 520350
364073 539628
371045 522009
355712 516660
382778 519600
386895 583527
341528 492954
353052 513672
366662 561474
356385 506130
376807 534996
351174 534858
361158 494964
341445 522471
361884 507024
352618 521310
359152 550539
376666 547176
362920 482976
378641 543144
353752 544794
366027 499911
381451 521610
367687 532737
346853 526020
369123 541989
367449 530757
380319 546180
378891 548430
358067 536274
348023 499872
379615 592485
359831 553332
351078 533193
373092 548655
379222 498873
382071 569307
361118 528537
356844 566226
356253 518367
360042 545394
354806 510582
360939 541527
357787 521961
371412 474579
348578 496215
351681 491175
368100 538818
346828 517077
345709 542016
359470 576513
358004 544704
364474 526746
349859 537495
340551 506286
364723 554838
353269 536550
353994 561321
340905 525510
362084 509943
384959 534483
343279 518355
368279 544311
348431 507576
340854 521208
356343 521559
339890 531672
350532 497025
351955 535638
362345 507183
361421 540585
363289 522960
344789 485211
353795 506685
366805 549900
357212 571635
380846 578220
364880 514797
352181 569892
347552 529212
354431 509415
352274 531780
342097 533850
344057 491949
363281 568689
366564 506127
374685 566178
348870 500370
357581 526689
