216 537
255 444
284 561
274 558
250 567
237 534
241 495
285 468
229 510
232 570
271 543
269 555
232 525
245 546
237 549
243 528
289 633
238 522
269 486
254 510
258 528
334 501
275 516
239 552
225 537
238 531
250 492
303 432
215 498
224 504
244 507
248 549
228 555
246 537
303 528
251 498
292 534
275 630
280 552
264 522
276 498
230 546
256 528
230 588
269 597
242 588
266 480
320 693
318 567
236 600
235 534
315 693
268 438
276 648
215 561
330 519
231 480
304 588
250 552
271 615
314 570
241 606
222 525
247 540
361 627
233 537
267 504
315 558
276 603
238 564
243 528
231 540
218 525
297 516
234 564
255 489
289 507
271 498
350 543
257 543
284 486
254 519
303 507
237 555
290 483
232 567
271 564
231 534
236 531
251 507
301 591
263 558
258 621
308 699
226 531
310 459
293 528
259 567
255 516
241 594
