400890 634197
447045 673404
434041 612192
408247 587277
425070 630714
401843 614877
422409 631707
451078 621999
416011 600981
411785 616128
408852 654330
407228 570954
384434 595041
420541 668445
410831 582597
414027 589674
430619 629055
403729 626394
415488 573237
417760 601530
421705 582612
420792 613032
433030 617325
456689 588081
413002 603111
418979 625134
416653 597024
416308 624252
435013 596604
411280 590136
417060 616293
428558 630144
426034 654603
437815 586749
430625 566124
419704 650850
427680 610149
404654 605313
421534 628662
442928 606099
442191 595617
429598 639267
413311 624042
405433 593106
426764 606135
394335 605292
406948 595080
404969 608166
411932 624360
404817 633135
420529 592539
421952 588006
404591 557172
401614 596859
447918 664905
451682 639819
418986 616206
414710 622008
435436 618540
392748 612576
416582 605307
485054 668493
415400 631644
397618 626796
429854 628371
435191 586410
428999 584652
439258 638283
435332 624201
427320 592680
415441 638550
434070 614124
415152 608172
412502 585534
409047 587214
399107 617454
418714 557166
409481 618732
405937 631854
393387 603795
457387 679110
423104 675549
418710 601566
416995 600087
406774 562473
405571 579423
416275 643119
437595 594804
419958 642171
403928 617463
445205 556575
410888 603282
416837 604527
402160 614037
465883 626430
412193 590034
421720 658071
440803 652254
433225 600681
420578 628284
