72098 114696
67423 112818
71897 106485
67339 113037
67780 102384
69472 97164
75346 106650
78258 117873
68100 105807
68872 106572
73983 112023
68603 101733
74042 113916
72386 108225
71006 107487
71211 109596
74498 103803
68838 107544
70351 104535
68429 103020
68699 107442
66354 107787
74064 109431
70930 105531
71461 107718
71983 108948
72095 115581
64979 103785
68623 111603
69138 113529
79640 98499
71626 114801
67986 107268
68728 108054
72374 103920
69420 100908
73314 118983
68198 112761
69285 107745
72085 106476
68570 99102
69728 111651
74353 108327
65771 110010
70255 104418
70024 109281
71665 109074
73477 114408
69543 102432
69974 108246
67192 102852
76596 118566
76068 106497
67454 109098
71873 110970
70112 104532
71731 111837
70809 99681
74093 113232
70254 106938
72343 97284
69700 105525
69205 101517
73440 113055
79753 125280
77436 105999
67670 99414
68251 102789
70102 105135
69679 103206
70422 113247
69078 105033
69627 109323
75317 110316
66183 99102
72529 107994
68962 110601
66489 114090
71682 111537
66472 101727
69457 102093
76361 107379
73601 116499
74131 125961
72338 110991
73265 106236
66848 102534
71197 109494
67813 103374
74286 119508
73348 115362
71940 95715
73931 100380
69402 107655
71670 100404
71789 107820
67808 102351
72976 119682
75613 106737
68111 104823
