104967 165921
103597 155031
112571 146994
112597 176457
110210 187563
126740 166815
108051 147660
105530 153714
100639 159486
111847 162867
103410 171225
103008 150936
104854 160743
102682 154002
112732 160350
102066 159093
100142 147585
102112 151377
106996 162630
104184 144543
103532 162399
99381 161859
97564 163356
110142 155874
104496 150549
100012 157524
101402 152382
112579 143484
99968 148848
102127 150531
102471 153876
113489 147249
102928 166167
105154 156768
99954 160407
103944 154551
101801 152400
105555 165810
97279 151866
101922 157998
102145 149145
108325 157290
99933 144567
103506 153246
105208 157380
100680 175143
104356 160302
103132 143682
107091 150945
100114 158016
104486 167358
102722 157365
101119 155445
99751 168195
118733 162501
109236 140292
105035 159945
101399 156873
101184 152682
110813 175515
101620 152928
100021 143442
108186 174879
96150 155589
101915 172167
102583 152334
103706 150288
110201 143163
106643 152718
106280 171000
106000 146907
106958 149850
106385 165579
101764 158451
105477 157842
103461 168204
100016 152814
106169 148590
102963 162189
104345 146655
105812 147093
108186 163944
103021 145485
102181 164751
99307 148077
100001 144096
103862 159627
110180 157332
101470 144102
104940 154395
111740 159093
113508 178332
106878 174960
102971 157245
103343 145281
102687 149142
112549 155406
99171 151428
101278 159852
98734 160593
