203335 293625
185790 306834
202302 279426
190509 273624
180070 297399
200077 270243
193389 279654
190185 285966
188603 292443
187884 277611
192294 263496
182841 285426
187913 307704
191510 275445
184493 278274
188533 300447
200904 276783
201552 307659
184317 269937
195208 316377
191679 292341
187233 287787
198470 320691
193787 288057
190483 283401
220242 247497
185219 276471
184631 268719
201808 264657
185348 270879
195503 285516
188439 274671
211157 302814
191920 284493
196832 311673
189184 283143
187865 285861
193335 306978
199931 277050
182753 270594
203140 273762
184779 280491
193376 275562
185446 270456
187162 267912
191305 285135
199774 314748
196903 293754
195791 296151
184731 278532
193635 270171
180208 279681
194896 275121
192640 296625
189602 292347
187381 277110
203027 288924
204126 323910
203177 303048
192228 276987
181404 274182
191065 303108
188579 264144
183704 276186
186516 293199
181095 279063
187238 280272
202599 290091
187935 275310
204449 287640
179312 291354
185930 264714
189819 299202
188970 269898
193843 316086
195454 285780
188476 280515
202333 282855
192791 308952
189566 292998
184245 264882
199943 298305
190874 274191
194191 276117
192709 286911
186006 277293
190744 274152
191972 313338
203741 259917
189980 282738
176035 271146
196167 306975
212147 284985
190416 299814
186046 295686
186886 280248
186477 291504
193551 296040
180851 263310
189982 274392
