398034 606279
401857 594585
375042 586248
388422 583110
392182 577098
389796 554439
464623 606828
404408 610833
403350 599073
381444 564480
399741 578091
416009 573096
387089 585258
396853 572850
409056 585966
394793 607410
398364 605700
392237 625326
387474 564819
373322 595203
395153 573282
384915 597078
404576 568866
387393 608184
391607 581625
388435 553521
394775 614895
393451 543987
402181 527898
380578 574437
429619 556140
414290 614322
380053 617187
395443 610866
390769 617772
384257 580905
402472 618084
399008 597492
390558 634812
400942 552624
433542 591678
382895 586437
407472 687237
419629 533400
388243 615585
421262 562071
403349 573828
399020 558288
399518 563517
390621 561780
386078 559128
388146 626349
391671 564930
428845 591129
397385 573837
411925 611796
391453 573264
398677 628833
374080 607758
393280 632496
386711 557199
397413 608376
403504 627768
396878 579744
417179 633252
395998 573090
397079 637137
396873 563244
379033 582723
403539 588396
378810 619425
392717 573624
411156 574287
427483 561936
423438 707283
412395 612057
376250 558309
402687 590739
417237 608565
387407 576738
430501 631239
402413 634851
375040 596727
394279 549750
368754 576564
410502 620862
377438 590943
403946 546747
391924 610533
416695 638124
385327 538530
418731 588384
409717 583770
398426 570450
408182 531333
400774 595515
377560 569157
404366 536646
389683 626649
399019 573867
