606052 883626
596207 890709
637798 933432
620647 951258
630812 893298
598065 891411
605421 881835
596966 840093
616607 944712
600729 826158
600493 865620
645498 844566
643007 953454
607268 847746
636533 843462
601018 909090
619970 934071
594205 833805
627692 929187
616938 839247
606236 893025
601563 855147
669100 849036
619847 896808
620226 955917
645428 843132
617196 955965
600873 877134
600969 890121
605971 871824
660145 918561
617618 994338
613106 907785
607264 876738
592379 825402
637457 915183
613529 917838
612362 821505
640753 885396
595084 864174
616166 910824
582705 884889
634844 983883
619108 928953
638539 870771
646490 979725
636358 907230
602656 919899
620760 852516
640230 833961
675062 770175
586095 878301
590195 853773
674020 901494
600762 865293
679504 912375
600102 921789
613278 901104
621530 921054
613179 836925
611599 865437
591083 886254
619038 892827
621058 831417
620675 927678
594357 916182
610470 897408
634459 887613
617541 872913
628132 856950
659387 941871
623168 881700
601510 897006
599176 905148
574223 830478
585263 893973
613908 894207
615704 939315
631135 873462
605132 879885
610922 864123
589394 851775
603984 942672
615781 883500
636062 881646
608786 898659
647639 947025
640406 925140
595078 834453
625720 933894
643064 940914
603588 867774
604602 972822
611798 832590
594482 891903
650690 973062
606794 837030
638063 859245
608085 824469
617731 914700
