164724 251304
181010 248625
175371 252273
177052 257289
175536 286983
173622 248478
173911 256281
170323 247548
167133 266328
173586 276993
176992 284418
170610 255129
162257 251487
163887 261315
173698 257001
190920 295974
168557 265344
173251 274566
185491 282762
168246 245244
175638 249264
170432 276078
178237 263205
172754 258033
176487 262296
180734 252774
164771 244626
169649 244551
170846 251487
181004 243780
187672 284037
171126 257193
170275 262800
169842 244089
168417 259983
177346 266337
176550 251115
166302 263271
177597 256158
170729 258222
162699 244350
182670 256818
172135 252393
162691 258039
172384 254313
173732 245571
174896 282531
177650 240690
176412 244857
171380 247122
181375 273114
192778 256689
178200 254424
171360 243630
163945 248484
165796 241323
174073 266829
175174 244464
173972 246828
167963 252363
179362 262707
184556 276627
175844 264522
167019 233361
174343 245751
190170 292140
165979 241248
173881 268539
180420 247287
183774 272298
173037 250650
168380 261846
178509 270777
179680 270615
193908 282243
169553 259050
170860 262122
174876 242523
186305 266391
179299 256083
167929 265674
166345 244086
173218 258603
173085 258405
166412 256593
167508 268815
170158 263805
174052 242535
171560 252600
180091 265938
179821 241233
176256 272664
177770 255420
177235 260520
183888 272019
173481 235485
182237 253980
174384 257949
169388 247518
169051 252480
