919337 1390071
970152 1300395
958627 1320762
886388 1334190
977872 1466766
920635 1348173
896968 1408305
965125 1370031
955369 1371855
963251 1338432
926967 1328838
1048923 1282938
964367 1420713
929350 1337343
945375 1366686
903092 1350912
967798 1409961
919076 1367937
932880 1469682
935978 1363533
920117 1307850
947935 1270752
995012 1505448
975698 1441395
929603 1276362
951332 1280121
945964 1332819
929807 1293600
910524 1368555
912950 1339992
979977 1442643
976867 1345596
920315 1330344
942086 1299342
907964 1357584
995881 1486269
932283 1348698
976983 1339317
922318 1245345
925062 1417719
933976 1379646
916995 1328403
966481 1376106
909241 1361436
957676 1390845
902633 1391508
930940 1305822
941787 1320924
996104 1361427
900850 1347822
900881 1345548
919658 1292307
923719 1409310
945491 1316637
912238 1342830
938527 1304319
913736 1372191
923565 1319082
903643 1294746
955422 1410387
905443 1310319
950849 1300233
945486 1330089
933599 1383552
926670 1479915
928537 1328058
903888 1380102
902211 1371888
926637 1369815
921698 1433112
930774 1335165
952952 1325523
953133 1447476
943069 1281993
932626 1430847
924755 1293204
969536 1321797
916147 1400283
915384 1320327
948411 1376421
939210 1420746
981511 1216491
969612 1309776
986329 1345227
946771 1297068
889363 1307676
932078 1357092
905913 1381932
913156 1351686
967265 1347594
990702 1390653
1003339 1430358
891211 1303344
907503 1386474
902630 1372359
979946 1437891
935949 1370625
918665 1364862
902577 1358769
923206 1384305
