658088 968244
709043 939702
708230 1080579
705707 1001628
672617 949890
668592 968346
655303 1001772
670139 1021782
676518 1087725
655748 1015044
674868 971730
689712 918801
652467 918573
657753 982083
692440 946722
681851 924801
685037 941007
735551 1022430
681110 971226
691801 924744
662064 967071
642180 998970
694752 1018296
688308 1002579
700789 939342
695993 976326
677415 1054059
636445 963267
663423 971706
677415 989790
650805 931020
659574 889218
653502 951450
710071 993384
672644 979989
760327 1038966
702930 1020324
649703 938556
638219 974310
684754 1037601
708773 1095666
658440 987687
654464 976680
681903 881343
672290 974079
653157 956880
666659 1016868
650505 944358
662591 990843
676725 941286
673790 942555
688033 961911
653610 951111
633433 934965
674833 999762
647259 1002972
649115 1008732
701557 1086750
724128 1119273
633873 943023
693124 952872
687235 877602
663604 960399
664428 968472
668495 1010229
654144 922128
682944 1043361
667594 1025781
669124 994608
689955 973530
694417 922455
646603 996318
663678 965766
676474 1038231
682021 1033485
676027 936624
647862 964500
683655 1094415
696168 1015659
692729 885858
644932 1020573
676236 977373
651168 962838
675319 972375
655068 1051215
709496 907269
677222 969798
683249 998436
688505 1016487
665295 992454
692470 900114
729170 1079829
663112 960294
751911 1063029
681553 990069
660008 1031496
647567 972855
690310 979005
694287 1108080
691720 1007667
