420449 639744
428499 653565
444006 631494
430885 641940
445665 632235
441094 688239
427754 649851
423749 629661
443069 657210
440744 591189
431461 628743
442783 666462
468879 684060
451854 635109
438798 607977
448750 643068
432978 669645
432250 633189
412537 634056
415951 661911
438095 647397
493453 634554
425967 614160
429755 632676
424740 590766
457924 657189
459722 629610
438453 609873
431753 657069
449900 572763
435374 662433
426001 612777
428033 676449
439731 656718
428168 640689
428391 633165
428539 646914
458555 716544
443366 677565
427805 631983
423479 629421
473601 593232
439307 619764
442548 589158
417052 640854
426740 653229
457538 585264
420055 623538
424940 642207
432633 636762
487433 709500
416850 591492
457823 703605
440726 623874
435363 614424
441709 585234
414593 640302
436886 677844
435607 610032
424916 610944
424788 674280
438286 605676
426310 647763
430888 596214
424927 635091
430844 630957
420326 688854
459665 604284
444386 649806
435431 603150
411046 630162
439233 618195
434441 687384
412821 651726
432257 657807
439645 620460
421472 676758
425782 613434
452283 700947
420414 621819
419663 643398
436601 653649
422616 643125
445669 658755
439942 643914
480327 703791
426543 640719
434643 651639
440983 619008
429650 670722
430825 674670
445541 700350
430787 646413
449506 670167
422624 605604
433253 686172
441613 636828
420888 650676
432782 645633
431482 613332
