633279 908526
653104 940476
619482 891216
610819 913629
627241 939495
626338 896142
656104 899835
668658 1028268
603210 890085
640659 867051
620260 872475
623773 903465
605446 965820
622487 972591
606709 867231
608510 863424
648227 902814
608922 889773
621489 926865
613348 871230
651992 907134
613293 849471
645097 877203
673889 973359
613219 882825
619729 952059
619586 916548
657553 956148
675758 933102
605986 900648
656922 929244
632401 987537
620861 897711
637576 923208
649396 1006146
639032 944718
612251 940173
669353 964839
607921 901335
620632 883398
638892 942351
622113 959565
642898 951990
631307 938343
620781 901773
629923 952659
661386 1002693
713819 962346
678845 879885
605475 895560
647390 899871
619859 936525
636235 951939
601536 932820
641990 926769
616073 925056
610885 911577
627574 860517
606608 902535
606395 851628
628497 979164
669330 921036
645010 938742
661400 937710
639508 970701
627318 867603
622396 922884
636691 904494
654998 1002966
620651 910281
646478 891696
634034 902157
620601 953178
640473 936942
644020 961857
643829 999384
647753 951408
612447 903096
594314 877893
607208 953706
625487 925596
630325 907281
646116 868905
638244 922284
623148 993651
636113 949200
682104 918780
615234 898779
614733 848325
644240 956166
608390 901752
606092 901764
626263 903459
619391 895623
598838 902115
638175 869586
620495 889611
635157 893649
626707 939537
647456 860160
