497808 696165
503013 776394
500098 769797
529848 717594
509338 709932
499128 714456
515698 764235
525736 767157
497749 723177
516377 758229
538724 814653
502884 726657
509740 764529
490217 717918
545426 730236
539666 738741
521257 709512
504040 766509
494350 747018
496844 760086
507072 697314
521346 793383
572136 733269
546491 806085
490715 713763
521830 759153
489436 724902
503448 736233
522499 771336
497902 728484
488098 727164
532702 741042
523427 754527
513508 731865
520457 760089
493877 708762
521157 767451
510420 683268
486605 772656
512401 767535
553046 771486
524419 755139
495221 733968
493057 766533
554796 723789
539526 760023
502151 743250
502694 732615
496197 754371
505146 740637
528783 783681
499542 697017
513577 782346
512510 684996
520860 730107
506215 805308
495264 730971
528855 788595
513031 721791
527520 754050
558483 789348
491204 766089
509723 759135
511741 725523
518711 719361
533155 806064
572049 781941
508260 747366
537282 832062
508042 755334
499440 757284
516751 797646
497907 727905
521117 731925
496771 755352
501797 706299
508629 736113
516487 698196
506865 710820
507836 745776
499756 765504
511505 785145
506229 693576
512606 690960
494491 755334
509683 714996
570869 735807
535955 753375
509651 806376
523771 717120
489484 727965
498589 739410
500829 756393
527041 790758
492777 748554
531923 752184
528814 722010
536619 743619
546234 815973
516072 794436
