280816 412923
302077 389994
278438 404418
326450 475158
272978 412614
299145 424500
275183 431223
276825 403389
278006 396276
283616 396711
276650 420426
268226 382161
281040 430887
272056 412275
302324 449988
288517 413997
291167 389511
272365 414189
289011 424959
263655 406179
277290 406878
276504 408609
277199 409611
297614 390042
274517 403080
279924 412194
282927 396885
282048 422472
268518 410424
297454 444075
286092 407013
279193 421701
270484 401760
290472 403065
281862 423030
301125 433185
281360 446145
290075 434064
306798 404976
268562 392148
274577 407883
294858 408906
274465 395700
274400 417681
277866 399675
278118 411798
286830 447810
292002 395505
296056 417909
265188 404181
266710 437490
284174 412116
293716 438351
293468 407994
270587 395151
292891 386379
278045 406995
271903 436878
268949 403281
298577 455280
293314 425871
294973 393198
285365 416190
305482 415305
273592 409650
270183 401619
267727 431289
296665 426291
280157 437946
296881 426741
300413 433062
272546 415566
273981 428322
287207 429093
311656 393837
270317 408522
288651 405933
283336 405540
278227 431706
276060 406191
311172 394809
276770 437331
309997 441834
272180 414024
282093 439455
279539 412158
278877 406248
280994 420327
285909 420351
291579 399906
282461 451080
282383 431493
272232 402924
295253 450699
283836 437562
274768 396303
296134 419268
277551 394953
268544 389529
268834 396183
