666633 970794
650108 962043
638386 902742
648570 976815
666189 924435
642255 906102
619015 888594
683926 932598
654102 968610
623911 916182
647954 974874
642945 928455
678028 985548
619551 905745
694263 978642
725099 989721
617622 943590
736130 941757
637827 960834
649902 951375
617684 927261
662459 904395
700841 943134
663752 993612
644916 945009
676543 989841
673379 966177
667690 970143
670582 970974
648504 961869
653692 916512
641721 921222
650046 927816
657737 953226
687230 1014606
637003 923586
666409 913416
631060 959667
637508 929229
643708 919356
653239 967884
656897 973785
645744 967047
673337 880842
657806 995235
632009 920613
684229 1002879
661838 853758
661250 895923
671545 960216
676091 926844
656301 864168
645885 924507
687684 1015644
630566 888075
644452 1001526
639664 930708
647763 918369
636410 896508
674451 1014405
648144 967776
658051 990726
656145 935325
716700 960252
661056 972699
630402 970011
687732 862080
686904 1042773
662256 929604
638051 912765
660481 988215
623507 984690
675297 1015644
651397 948177
659686 917880
647183 907899
627063 971232
606479 968217
645176 942765
664115 988251
673934 938574
678061 932586
631766 920493
649720 978687
645802 949962
693927 884823
660711 1024062
694417 926505
678494 901203
621241 887382
628458 993642
722614 945339
653222 912717
659515 937047
689650 956958
638565 925077
621950 934647
653311 1023846
662378 908907
629650 914919
