11581 18204
10248 18807
11052 21519
11205 15924
10658 17115
10559 15750
10952 18090
10913 16275
10908 17970
10984 18618
11731 15030
12021 16419
11375 16305
10908 18843
11536 17373
10734 18474
11649 17088
11801 16263
10524 16827
11638 18588
11097 17493
10604 20748
13251 21915
11594 17706
10790 18972
10906 17280
11479 16629
10550 16755
10443 18102
11616 17553
10085 17673
10314 17823
10897 17004
11002 18534
10825 17007
11185 16503
10953 16788
10657 17733
11470 15402
11033 16701
10784 18414
11264 17340
11260 17076
10620 17862
11825 16185
10963 15999
10959 17808
11394 19965
12108 16236
11264 17106
10774 16998
11174 19362
10247 16815
11087 18825
11664 19506
10666 18015
10202 17229
11090 16782
10524 17889
10219 17682
10684 18339
9920 17700
10489 16200
9986 18072
11512 18132
10687 18066
13355 17892
10405 17691
11927 19158
12177 17574
11456 18471
10622 17763
10731 16731
10255 19776
10961 20646
11202 15246
10910 18042
10723 16002
9924 17685
10440 17190
10234 18750
10414 17124
11464 16275
10764 19608
12037 17637
10496 17613
10355 17970
10567 17052
11065 17994
10725 17940
11093 17304
10364 18291
10669 17946
10290 16836
10782 16296
9713 16671
9842 19134
10661 17148
11462 18525
11353 17466
