904655 1302918
837776 1303752
843900 1257504
866828 1214139
866575 1307490
870119 1244202
915900 1306440
948650 1373409
883156 1187235
862916 1275684
845826 1321719
874289 1274088
850459 1266843
843406 1234710
871085 1326288
912454 1328289
851366 1314876
870999 1229883
841339 1178844
829189 1202238
843499 1235583
848348 1280364
879780 1225767
871289 1209285
871907 1198155
849363 1226799
872986 1349682
872771 1216551
859594 1261449
838828 1279653
894903 1214712
866706 1193076
922241 1228425
876881 1195476
897678 1287216
891993 1304622
914535 1355205
876658 1202973
835326 1295070
854682 1206456
847731 1243317
949786 1296213
860371 1271163
861933 1362111
863780 1204425
876464 1400385
889438 1290111
872840 1223973
858361 1334598
841046 1239915
885876 1255011
848251 1218303
837648 1260639
897481 1289727
838289 1244166
847778 1229316
880763 1306506
891397 1195425
873172 1221372
898991 1247958
907134 1225419
867909 1312044
864941 1262235
859837 1252731
892172 1246626
873178 1337112
846362 1302990
915889 1317408
856921 1235814
892240 1367544
876417 1340079
908459 1204866
845848 1237752
849887 1246908
1005601 1266741
886995 1362345
858167 1219803
882955 1228017
878419 1252500
873205 1257741
828530 1224243
842829 1220175
848686 1310352
877460 1337763
893821 1210437
874462 1267851
864158 1213593
883120 1311522
865973 1313298
902909 1316691
840938 1232742
894698 1327533
854726 1292346
1019760 1345338
899214 1226457
876965 1273716
884174 1170186
905250 1342992
892430 1295982
864432 1346379
