231592 334365
229616 331848
219317 352770
221182 335325
227980 329187
221080 311091
241967 353877
228003 365754
228664 313362
221976 328116
223543 333345
220760 329868
228611 348177
219809 357786
213813 323232
229297 312375
224684 310434
233520 342690
229712 343059
225361 332232
220270 323085
224191 349944
223397 324777
251710 346275
225533 352431
230265 345192
218049 324174
224073 334383
230907 365343
226384 326541
222742 334212
217532 341145
241531 364362
224596 327336
215510 323505
233576 354861
217744 320991
243693 352557
235196 336867
242208 315285
223548 321405
229027 323964
225120 338751
233540 348276
219141 337155
222064 312120
222473 340821
225131 351276
223923 326163
225801 329151
228750 340482
223290 351828
238421 329370
232995 345300
230836 345945
231185 364308
231148 342663
235924 338259
220883 318984
220306 322989
236734 348378
245695 347451
228541 316542
219549 340914
229042 331203
214918 328851
223191 337530
229630 356175
222361 361431
224347 325860
235899 302691
216392 340392
250059 325443
245341 357942
220191 326592
218348 334632
231281 349044
223730 329229
238195 359568
212788 329784
235935 318129
222790 330378
239729 333678
237486 318006
229955 340833
235684 353088
224765 328641
223566 345606
219099 325065
234678 311523
227207 331269
235316 331461
229316 326466
214476 321426
211954 324195
223208 310107
221053 314424
225025 341241
241248 372318
229595 351666
