234479 326055
223471 331800
223577 321423
206004 331272
209568 292719
198884 300291
210805 308640
200379 309678
209031 295182
196379 300741
199977 306597
203201 295647
207174 306702
210098 328737
212262 326007
226535 294507
215975 299151
206625 325197
221165 302523
209419 278055
202407 313365
215491 304074
210462 328179
205817 304209
211899 309597
198132 319875
235812 314802
224681 328521
225673 280713
200934 312027
208679 294951
214158 310917
208692 307341
212033 333654
198513 310302
207672 285198
205053 305259
225809 328365
206901 302595
200255 294450
222225 307077
214972 310170
204925 310893
204790 338691
209545 307074
199909 327117
202594 297354
203512 300042
213899 307083
213729 305304
197628 297276
206210 305844
202675 305160
205423 294915
219091 322086
218776 343116
214364 339870
218227 306540
202373 317322
212386 313890
219329 302268
201424 321534
203051 295692
213038 322413
209289 296445
207174 300135
203613 311979
207022 310197
214411 307248
207195 304461
200611 318669
206741 313038
213912 343215
201759 303636
202808 307764
205444 287922
217468 316776
220397 341190
201883 309741
196796 321342
204915 328293
236963 342831
207260 309402
206473 292212
212458 308424
202818 309477
207703 330000
201192 324531
213420 288735
201329 303084
207150 317421
209540 323172
198772 298098
207935 327729
213237 333372
211637 337344
210104 305400
213013 328071
209359 306165
203694 287829
