541144 834306
561370 809136
583182 827700
550308 831264
547787 765255
553270 812304
548440 778137
528061 800667
565905 758160
570975 763944
547625 750414
554264 794946
569661 757296
545998 818304
535225 857796
523852 789654
555203 756348
576014 851790
537737 744615
578730 825789
527838 821628
531955 819999
572481 837927
546318 894096
587045 947361
529865 814836
549628 809751
542679 804294
528241 838938
538300 783132
555547 778974
578420 840138
545866 797049
552112 799263
525968 850545
553115 823824
558929 849981
556880 823599
549733 828000
562998 808617
538363 805362
546065 791043
572898 715719
553777 814548
536475 822759
535525 830424
548688 802527
570241 925641
553169 788904
537215 802308
564648 802956
537588 821469
548783 813411
596954 774324
558880 798609
528416 808581
547698 765894
549401 844251
526167 848838
562748 745329
543791 775305
534868 778626
587414 796371
543913 823077
533513 838779
575193 805845
552745 802620
561520 794070
591623 910983
562708 791694
537162 809886
551722 774810
565825 765885
545786 748962
538594 798426
558415 835590
587527 780441
532038 802272
584801 812703
533985 797205
555119 798543
544272 818892
591154 785901
517036 777882
546205 822225
567672 793278
537911 819735
579424 880806
583750 846696
582679 776385
544511 825330
529937 791856
559395 820080
539749 769524
546622 752418
545811 750738
589447 861321
577065 768012
590089 858585
581948 820218
