708674 1055580
693671 1076442
747979 1066410
765055 1039290
710373 1056342
779785 1034766
726900 1031826
747247 1060314
747559 967359
703952 1105692
794671 1045140
721470 1028601
744673 1058208
742779 1094097
759569 1106544
871039 1019361
719341 1156005
721095 1011438
740232 1059894
769705 1066923
739897 1139949
699347 995937
736699 1086528
719575 1002999
710865 1056171
733216 1021209
708121 1015704
782330 1084569
722929 1154958
722777 998466
712389 1063074
725091 1027176
727511 1152990
717929 1048335
738213 1017822
733410 1133961
771412 1126737
730641 1035600
745132 1058202
744349 1020663
716321 1042491
720710 1044639
750673 1122174
713125 1021392
723853 1063296
761919 1105749
756972 1091427
749370 1044522
775029 1030671
752405 1014915
701803 996462
756295 1191258
719886 1172784
736399 1059480
786929 1048140
695343 1123134
723785 1116954
708049 1003518
703040 1037166
716861 1009734
762015 1018944
712011 1103049
738158 1012518
739932 1111620
707407 1042374
717306 1061706
709778 1068516
732393 1116477
720291 1009341
700767 1030044
722044 1081941
714415 1048314
735347 1010649
707654 1008945
734860 1024845
789885 1097769
728407 1077870
692419 1017291
705352 1082322
771706 1162032
735725 1084428
796238 1123497
737208 1142514
746550 1106121
709124 1071174
758321 1019853
715318 994722
748508 1102752
718141 1075725
742023 1003107
737517 1073490
712357 1030590
738183 1026855
736615 1024116
756060 1056363
698966 1007892
714849 1041798
753978 1138272
740492 1032303
728684 1071054
