847864 1190043
814168 1273734
837989 1172682
804626 1201113
827353 1199217
792309 1200963
887035 1195848
851450 1277259
830163 1272276
852358 1206450
816918 1195131
816665 1213674
835217 1189113
846038 1143924
836830 1195647
790654 1246908
838118 1134189
843949 1267767
802341 1193865
826369 1275846
835399 1182999
821583 1204527
855695 1165641
823784 1208070
868435 1254873
810571 1197318
857739 1177911
830151 1188489
907165 1215768
826265 1184709
849412 1253826
871524 1215183
830225 1201389
829259 1143549
811834 1279428
805887 1270524
814540 1154379
816465 1239336
807965 1250889
811055 1202016
851457 1249752
877780 1215855
830093 1266405
852278 1307661
811913 1334628
885091 1230894
822125 1180020
825916 1215810
813335 1172565
841796 1169211
814088 1176330
807278 1165242
783461 1166427
847309 1189548
833404 1296177
799041 1205613
829496 1257594
855174 1127334
856906 1203144
843202 1188768
856170 1184730
798892 1147629
820585 1249830
827353 1273692
836098 1285689
860687 1213551
815065 1162749
825428 1196922
873072 1261689
825592 1179435
863545 1242435
826588 1160736
837978 1257645
822186 1173774
845846 1273902
826214 1201983
857845 1223940
803818 1202196
819158 1227693
824479 1243065
790791 1262508
850458 1132323
834774 1202163
845454 1225941
812454 1140228
886675 1184352
900674 1331478
817172 1228950
847287 1257591
852061 1074975
840125 1120593
809099 1190928
811417 1140438
827289 1302351
846648 1187859
847206 1184919
834092 1178253
827293 1202049
829355 1293279
884761 1305255
