604440 899418
608285 925506
596733 857403
585232 822756
594968 895989
601020 892344
593038 875640
590183 860964
615304 853554
613964 852063
596748 831237
567516 798531
591497 785385
573105 820518
590638 870996
597114 879678
580928 853035
607350 881373
600638 815157
589765 910344
586830 832746
562684 825459
586660 814290
578303 880626
600194 855420
595989 847665
637692 890454
607193 887307
573405 875049
565614 912234
589768 868710
571389 833490
570638 828240
580313 860988
599177 873693
597068 854169
576117 869514
592941 800733
588501 803022
587359 872298
597962 904944
574752 841131
578857 908052
625615 855579
580864 875715
608056 914514
623148 786693
594175 913965
604139 862095
579046 832968
598728 904089
575262 861885
570941 817779
587009 824418
570225 899682
572142 864777
581652 815643
591139 936591
559260 826038
576072 834657
583030 839949
608931 876003
576183 921357
623456 793269
593501 908505
584573 829392
587898 851424
576020 882081
602231 867501
583649 796458
572505 852234
627042 918981
596903 834072
592627 870144
623487 858444
591394 872658
613251 877272
590002 870723
608246 894675
614328 874875
616246 954639
564983 864312
584888 821832
588926 866238
578733 824949
605512 856818
626533 954186
571422 877920
618111 911868
563504 853947
593761 859980
582396 873849
569354 846834
609210 920856
592394 834231
602101 838041
610058 913449
583099 895047
562433 869136
580736 885816
