701227 1048341
710283 1058661
733945 1017435
718433 1018656
688038 1061034
772061 1034235
713357 1050480
711183 1011888
701174 972483
708693 1028046
729575 974334
703505 983715
737341 1031994
721025 1034775
794477 1058505
680593 992283
752335 1093149
743868 1079901
737636 1057752
672348 1029063
711243 1126347
758018 1029354
726682 1086273
742269 971670
720240 1060359
699085 1116981
703051 1015128
750475 976935
683777 1018557
724139 1120047
717467 1094079
708939 1031313
743808 979038
683771 974736
741921 1031364
728194 1108896
708188 1077630
716215 1058616
703803 1059378
701971 1063746
695728 1002696
686154 1015407
780761 1005837
685349 1093245
717162 1110141
726177 1045677
752010 1032864
689599 1016844
767544 1098819
728504 1083375
782411 1092000
694697 1031685
747491 1141440
763883 1086465
726452 1040766
782818 1108824
723394 1072242
715584 1022634
716747 1053045
683638 983328
711090 1058913
693136 1060170
760482 1048563
690695 1006320
729175 1055124
709527 1043058
716548 1030539
699478 1038435
707765 1066197
669714 1073988
688797 1081380
724514 1112616
682526 1086012
712566 1002024
719871 1055832
716092 1105164
753491 1080141
775476 1038675
679533 945924
702651 1067685
715297 1073925
689451 1032042
717342 1009317
714688 1078485
707714 989382
689506 1008687
685965 1000929
755587 1049871
677931 1045962
703119 1057068
723180 948366
697192 1016718
691891 1045638
733960 963864
732305 1016691
684789 1085811
703266 1048122
746450 1044597
700148 1083582
717761 1021473
