794831 1151484
751074 1062180
753263 1102068
728089 1072797
742481 1109490
744370 1071402
757898 1138254
767780 1091118
730065 1048800
753244 1158735
718042 1070652
800856 1028811
815594 1081011
785747 1116456
801027 1126302
755172 1056114
775326 1033884
735606 1121787
746008 1110021
743423 1050348
737732 1080960
755300 1097952
715445 1089219
726480 1058787
775279 1174488
747977 1077885
740130 1051326
799578 1191555
751502 1198245
753318 1039365
747256 1051566
750485 1151637
736017 1052502
736440 1068972
768973 1006071
791186 1048194
764053 1064364
754706 1104030
724213 1113891
867525 1327773
777198 1050231
858312 1101372
734119 1051128
770750 1099473
745007 1087335
772312 1078974
748575 1105920
724174 1101294
726578 1019409
726582 1101525
730275 1067649
762148 1041807
758546 1036590
716007 1132359
792725 1208241
793325 1091820
740889 1057839
754384 1076910
782054 1108236
754665 1058835
752760 1062777
754677 1085079
739642 1077048
761010 1144626
726948 1088757
772633 1076643
782928 1106493
756978 1081725
750800 1079694
734855 1033623
761140 1042455
751156 1043697
797320 1199163
843202 1080141
761881 1148508
753537 1108662
731984 1086102
784966 1136298
722743 1111713
748919 1075443
783749 1160817
770459 1054602
726147 1141647
764628 1155309
764645 1179255
722650 1107414
785430 1102857
742501 1156269
745521 1176468
759360 1096818
820457 997848
774691 1078314
733044 1094199
731852 1082061
736499 1147437
750629 1066671
729525 1114725
776468 1013115
722146 1062318
736292 1034958
