253473 399954
259107 403116
255352 370095
244094 375021
269810 379209
261253 383676
257702 383814
273080 379998
288501 421689
265977 375216
267048 366039
274472 416307
257158 377706
253310 377445
252991 404883
250140 401283
247810 387600
267577 408495
277818 400512
265352 420336
258080 352149
254351 389955
259581 386778
264889 406185
261783 383721
265444 381069
274149 406680
276809 409854
252072 367290
290150 407226
261572 364659
268798 380343
262835 386109
270011 384606
256629 384426
258939 383817
262509 375798
262824 373791
263584 410955
249155 368238
252943 375855
257194 380967
273187 400449
271653 401175
274611 404862
272357 395469
262477 393645
267701 394926
268292 352503
261047 384183
261555 385335
286992 408621
252041 377976
276241 425031
251858 372063
249062 406980
261098 385383
265625 390576
279469 383247
251473 384204
260660 401082
267860 409503
257387 392811
256594 392076
257203 379989
253929 388290
259719 410799
257209 376092
264493 409989
274406 420162
260106 399921
261702 377412
255415 405819
259651 380889
265605 397275
263894 387642
263608 424806
251699 382749
269278 378822
253746 374646
267293 397980
280113 389955
253655 410259
271041 367122
276662 355479
274050 409161
275418 416415
281535 356739
263541 399048
264155 380817
261020 370407
270344 382416
266356 425457
254937 388707
265794 401064
269505 410055
263713 384756
258791 395709
251240 401322
256886 394953
