298537 414018
307023 447951
302575 474669
289653 458859
295079 421899
310439 487491
305815 470730
317530 479766
313721 453825
296971 450267
296165 441348
306019 449106
303573 451794
303062 463431
299358 450033
320385 492585
351323 535053
303232 432798
296512 466755
301450 452919
291640 443538
306034 470766
297878 451086
326103 471531
322595 449937
284164 429921
299350 464619
288396 452817
314465 453414
300936 427722
294579 428841
295702 426228
309672 443574
287218 463008
285259 435399
309199 465663
286949 423657
306425 457596
309492 412248
298572 458229
284705 419367
291404 465312
295435 438753
308179 428880
298451 448518
349088 471666
309862 448644
293721 466677
297335 454017
294135 454242
298697 461175
322079 420987
291123 436212
356916 452043
292191 424407
299416 437235
297404 429318
306681 453333
292717 414954
318801 454926
292748 419889
299616 429918
289321 464652
313598 446847
312373 447738
300044 432480
293761 420423
296168 473373
310422 478164
288656 455301
294140 455244
309933 462513
315488 446757
284519 434097
308601 441177
292950 421506
303843 423078
315299 423537
303968 480627
314219 477669
302927 434871
305522 435615
291219 421293
303119 447186
314938 445539
319447 434787
314415 441660
312886 483963
310210 428364
329666 450234
306244 448263
291617 447429
304164 454977
300124 432417
298717 436299
305263 482133
297307 461214
305922 469995
328029 428259
299042 408024
