784146 1108059
747071 1118103
777491 1191012
774905 1052946
752406 1204443
766628 1046583
776902 1113909
753334 1086198
787233 1153122
786095 1183149
766397 1042980
754199 1106895
772018 1188330
774232 1088052
768258 1155360
763006 1143135
767161 1137678
761059 1139439
766075 1101762
782656 1082931
763725 1169067
774171 1037259
769113 1114563
775394 1077126
859576 1132173
778818 1152426
758906 1104198
845916 1175355
772171 1075686
768961 1082904
761890 1129986
772235 1207137
797477 1189878
749985 1136094
745208 1058130
742007 1078668
796539 1108137
779674 1102875
759952 1085340
828800 1039314
775287 1137606
769219 1115862
746275 1052856
761785 1075908
780396 1166889
760735 1083453
784753 1126902
770786 1091889
759042 1171086
795404 1080993
773116 1086657
779619 1165632
747289 1118127
791659 1190427
764443 1145175
764638 1062894
764075 1143267
814906 1193112
736840 1132767
779539 1029024
790184 1181112
754678 1109394
772076 1174971
765951 1119633
771443 1084515
779133 1122390
732764 1121370
760431 1104012
795331 1157070
812109 1250835
767748 1137066
791825 1129665
828093 1094406
777297 1027992
769385 1082880
761970 1133355
771839 1130835
775393 1119306
764650 1042458
784257 1157490
811548 1173336
797124 1093485
758043 1156659
805162 1249251
746545 1089324
762339 1027443
781976 1083066
781752 1136796
835687 1228641
775974 1151238
761269 1118586
820033 1214733
763136 1029933
751745 1119963
786568 1150647
762603 1111101
748545 1154835
778152 1083918
796406 1212270
808354 1076667
