53373 80742
56413 85653
55075 86631
62228 76386
54755 82218
53503 86880
55825 80196
53030 79131
55892 85164
53049 83187
54464 82839
64082 82242
56002 90219
54819 81435
58216 92283
55579 80847
55307 79503
52674 80694
55495 80433
57135 84309
61599 95364
51724 86547
53967 83898
51328 82470
56371 82833
53698 74553
54506 78561
52120 84822
54372 80538
55490 84798
54807 90003
58749 97878
54775 86025
60098 86757
54118 80028
53531 78831
50855 81459
60756 83124
56980 85074
51937 83877
59680 84408
54078 80067
52338 86805
57855 81273
60713 96921
54691 86556
53924 86430
53452 81399
58214 93069
52798 81615
55277 81909
54176 79395
52777 82065
56821 85812
54833 87138
52950 77982
53915 82308
53964 90615
51837 88800
56688 86163
56179 88002
54908 89919
60380 73374
55402 84441
57911 86754
51506 74997
55055 86049
55594 83364
57923 93465
57459 88752
52452 83493
54932 81012
55838 85026
60633 89235
54187 83187
56827 90747
54619 85974
54637 87816
56479 93132
54591 81936
52496 87744
59179 89145
52696 85044
57304 80916
57795 90654
52972 83466
55154 85251
51486 76407
59944 87738
56124 77463
51712 82173
61306 83196
55507 90513
55429 79038
52519 80967
54328 89082
54622 85128
54838 83634
53826 79842
60858 96645
