156198 250437
153889 229893
157337 234966
156963 231159
153800 220716
152214 220845
158650 232926
149186 221166
150134 251685
151150 232398
155517 211221
149503 236331
176724 231210
155370 228030
159890 229068
150551 211776
156680 228924
168268 250962
169605 252258
157627 218265
158685 225954
154330 218193
149431 219123
162779 245538
165964 230985
159345 209694
154427 233103
154279 245541
153367 238011
156733 247446
159484 211950
164235 215049
152138 232932
150542 234420
159902 220839
149106 218082
153055 233919
154004 257877
163920 239598
149051 227955
158462 211746
153787 245886
181811 258120
160711 245028
160172 215475
156254 234363
168083 220326
149562 228957
148541 237159
147303 226419
147627 231519
158888 237831
155864 234957
149800 247590
153169 239328
148790 234816
150912 240780
157060 233994
150344 217650
156108 233958
148110 224586
159706 226590
148829 236778
150411 236085
152372 245172
159086 247260
156244 230646
168463 222051
168388 221439
160563 238704
160594 214899
162560 232236
153730 230301
167567 209829
153560 229896
168929 224166
171847 235887
163020 231894
159026 239274
149604 254427
151966 220059
161023 218190
160840 238896
151405 235887
155928 244746
157100 212544
145666 216924
152498 223557
157466 239763
158597 263688
148517 229893
158970 203115
160666 226137
165853 222747
160934 229017
149528 237882
157682 227112
162409 239607
153279 242979
153379 237282
