334844 456870
349082 489882
348715 548487
348040 516273
351429 550059
365649 496485
355672 507738
367951 548082
343061 483393
354402 445029
335707 498372
348480 482631
331574 526197
327905 481593
326878 480177
332924 496518
333579 484656
331864 514320
321163 490740
371461 595470
351228 505077
322902 511566
358817 509433
331989 487050
347261 517809
355223 506727
338987 514380
332191 518034
316230 493791
335271 491316
324866 483018
338971 521169
334699 517182
324120 482511
356122 512538
343876 476688
338649 467718
326446 491631
322645 506562
355818 536052
333406 475653
324626 485841
336931 452619
320035 492687
334558 507993
357795 497631
366133 484458
334501 473538
334572 481743
332525 499203
364065 508908
345231 465546
334129 470484
338367 534864
341817 486309
328564 480894
329143 456963
326556 457839
332603 506907
346496 498348
373035 480669
343151 496107
332480 478482
339778 494547
326456 470484
339816 484398
320501 498363
347047 491199
338096 495084
345290 527829
333315 532521
329683 502230
344760 530337
339647 532992
348191 478941
342141 494859
328266 460590
325192 516882
370626 565719
318510 495168
324559 495024
329134 497025
341798 480735
370155 521433
323427 457434
334227 505509
338941 476376
338668 514377
335763 492201
396349 536535
325757 490044
328311 514047
332394 497748
364699 467565
351082 484137
317401 487644
342640 474999
334973 509199
336004 528174
322034 484041
