165 462
229 489
194 474
163 396
174 444
184 384
189 429
172 477
195 354
179 372
174 402
180 360
183 471
163 369
187 375
167 429
187 366
198 366
166 396
180 438
192 465
179 411
239 453
206 465
167 369
165 390
190 405
187 312
175 399
190 462
198 540
163 387
201 489
216 393
191 456
197 396
217 414
167 381
248 435
240 453
181 363
164 459
224 435
215 357
220 393
173 405
181 405
209 432
214 426
207 438
173 414
194 438
179 354
180 390
195 423
236 369
164 408
194 390
176 372
184 351
187 447
175 408
234 381
218 360
200 318
178 369
182 390
171 396
203 414
178 414
184 375
182 378
198 417
175 420
182 408
195 501
186 441
199 417
209 372
236 468
188 435
207 393
168 432
176 411
173 387
185 420
206 432
201 381
183 402
215 345
228 393
255 453
200 423
278 420
210 381
168 414
195 402
209 399
167 435
273 477
