119192 174930
119379 195543
129546 189444
123212 189888
114400 173844
124321 180453
113953 173004
124340 216393
124832 175518
126285 186108
115280 184797
121980 183243
115595 178593
143712 210426
124652 200304
122746 173013
127926 183750
116653 185673
114512 174948
131890 208773
120644 190734
118074 176574
122288 196932
115819 187401
126254 185007
122219 181626
114560 174936
117759 181098
118112 171345
120834 193722
131967 172740
123855 194622
135727 204054
112873 184470
115993 180978
123856 197745
131419 194391
123833 170574
124480 168276
118194 185967
117925 173931
117414 198951
124190 186519
116842 175545
122615 194808
115630 181998
117055 190962
118927 182262
127740 191007
118302 197790
115712 173925
120832 180222
123833 175284
129117 172104
119768 175407
122764 180489
124260 168252
130879 187797
117619 187275
122890 195528
114624 185058
121146 184083
121817 178038
124309 198582
119828 183051
119871 177852
136289 191130
119568 175407
116896 184062
116754 183906
116454 177591
114762 180024
114335 190716
121465 190287
120207 198477
117961 201420
111960 180597
114840 175560
113592 181077
115612 170628
124333 197988
120017 175812
136188 187041
127017 188772
117415 180456
127370 171798
123838 191457
121708 185916
119907 174606
114268 182016
126337 188073
115506 175032
123054 184020
122398 172974
120867 191184
113106 181068
122995 175083
120973 171777
123882 175461
117476 188007
