30 32
30 30
33 35
32 35
23 25
34 35
32 35
25 26
33 35
36 39
26 28
35 39
29 30
23 25
24 25
24 24
31 34
29 29
30 31
25 26
20 23
28 30
34 34
26 28
25 27
30 33
26 26
18 19
17 20
27 30
31 33
25 28
23 24
23 23
25 27
36 37
35 38
23 24
27 28
30 32
29 29
36 37
37 39
40 43
22 23
29 30
23 24
30 30
27 30
29 32
31 34
19 19
31 33
42 47
21 23
28 29
25 26
32 34
31 32
30 31
33 33
36 40
36 37
28 30
25 26
29 30
33 36
28 29
27 28
25 26
29 30
29 29
21 23
18 18
25 26
23 24
23 23
30 30
33 34
26 28
23 25
29 30
25 26
27 30
23 26
36 37
26 29
23 24
38 40
35 36
33 34
25 28
32 33
30 32
30 32
34 36
28 31
28 32
23 23
28 29
