665 670
740 742
683 686
565 567
725 728
711 714
691 695
753 756
723 727
638 639
722 725
648 652
673 673
588 592
696 696
627 628
666 670
590 592
589 591
624 626
657 663
575 576
617 619
572 577
654 657
654 656
625 630
645 648
671 676
700 703
601 604
688 692
534 537
655 656
661 663
624 628
676 677
716 720
612 617
710 711
636 639
628 634
692 696
713 718
628 628
748 752
621 625
689 692
689 692
616 618
612 616
523 523
676 682
625 628
670 677
647 650
601 603
650 653
806 807
682 682
644 645
608 608
710 711
613 615
694 698
669 670
734 739
686 689
678 681
539 541
655 656
649 652
657 662
651 655
623 628
631 634
598 601
672 677
726 731
794 804
583 585
624 629
689 695
633 638
648 650
753 757
729 734
581 583
642 647
767 771
741 746
683 686
641 646
722 724
719 723
691 695
634 636
625 627
580 583
720 724
