263 266
191 193
237 241
229 231
187 188
218 224
264 267
250 254
224 227
252 253
227 230
238 241
220 223
227 228
192 194
187 190
251 251
269 273
224 228
244 247
255 256
250 251
259 262
201 203
261 263
220 222
272 276
213 215
250 252
221 224
226 227
258 265
261 262
259 262
223 227
235 237
247 251
238 240
250 251
231 231
272 276
233 235
269 270
200 205
204 205
295 297
255 259
287 292
231 235
248 252
247 249
166 168
227 230
230 231
248 253
225 229
261 265
247 249
215 217
229 233
194 197
224 230
222 224
188 190
239 242
239 240
211 214
187 189
253 254
282 284
228 232
272 277
202 204
186 187
202 206
229 232
234 237
237 241
234 235
241 243
235 235
212 214
216 216
271 273
244 246
201 203
213 214
256 261
251 254
199 202
235 236
220 221
252 258
211 213
262 264
231 234
178 184
224 225
254 258
250 254
