85 86
103 104
113 113
92 94
92 93
109 111
97 99
126 126
141 144
94 95
72 74
129 134
94 95
125 128
85 89
86 88
135 137
102 106
94 94
118 119
114 120
111 111
110 112
108 111
106 109
110 113
105 106
102 102
90 93
125 127
108 111
139 142
145 149
105 109
125 130
127 129
84 85
94 97
107 109
119 123
106 108
114 121
108 111
89 90
122 124
87 88
137 140
124 129
107 110
90 90
105 106
100 102
128 130
144 146
134 136
127 129
101 103
127 130
101 104
106 109
103 104
116 116
77 80
108 111
113 115
122 129
114 117
112 114
91 92
114 118
83 84
82 83
132 137
102 104
133 138
128 128
108 108
82 84
90 92
140 142
115 118
89 92
70 70
90 95
91 93
123 127
116 117
109 113
116 117
115 117
77 77
97 99
112 118
128 133
131 132
117 118
138 140
117 118
125 128
102 104
