344 345
443 446
370 372
422 425
495 499
437 438
428 430
414 417
399 404
460 460
484 488
440 446
398 400
372 376
439 446
465 471
366 366
381 384
444 447
480 481
416 417
545 551
388 392
365 367
388 390
431 437
464 468
377 379
450 453
413 415
400 405
398 399
485 486
454 458
398 402
407 410
461 465
462 463
464 466
502 506
430 433
348 353
417 420
462 463
383 385
459 464
428 431
464 471
432 434
443 446
455 460
411 414
434 436
458 462
406 411
425 429
439 441
466 469
510 514
442 446
364 367
364 368
515 518
429 432
440 444
455 459
470 478
482 489
381 383
507 511
410 413
437 442
441 442
382 385
390 392
421 422
343 347
401 403
457 458
367 370
393 398
339 341
304 305
390 393
421 424
449 454
479 482
433 437
354 356
357 358
378 381
383 385
397 398
443 445
394 395
409 412
411 416
363 368
407 409
370 374
