748499 426066
738841 428355
727020 430884
777646 422619
787249 422850
738460 429210
724791 432276
753483 428328
726189 430995
754250 427698
745835 427512
780391 421644
815319 424143
764352 426921
779989 424668
794126 423345
801012 418812
742402 428910
745591 427320
775146 425745
722047 429987
753924 427239
780523 421602
733873 429039
759120 427710
749337 427761
755917 427293
758685 425220
748723 428802
731229 428550
771672 427275
794016 422337
760938 426573
767088 426171
741693 425871
758967 426450
743913 428991
770748 423591
757547 425562
759021 425262
762965 424866
722155 430488
741687 426753
755434 424692
771068 423582
775169 423804
717670 432690
731578 427578
756281 428373
748717 424563
731218 430110
736204 427743
807995 421476
755626 424800
734711 428010
796009 420522
758407 426024
723205 429927
725099 432228
761233 424410
755607 427851
789675 420567
753226 426615
745421 427443
736442 428859
773324 426141
729883 429591
726942 428928
729129 429564
745538 431334
748175 426108
753186 426456
734342 426747
757633 426102
746109 425166
744667 426780
786031 424101
759662 425631
757649 427956
758026 425643
770259 424998
724306 429165
782763 422256
785797 422577
726213 431451
752875 427530
739132 427698
783522 424995
721986 430365
763181 423762
760050 425418
728248 429762
743107 427935
796272 422367
773759 424554
752753 425355
756733 428406
721045 428607
762103 425241
754921 425436
