120455 146777
120498 146734
120506 146726
120374 146858
120507 146725
120314 146918
120422 146810
120510 146722
120385 146847
120457 146775
120397 146835
120540 146692
120475 146757
120319 146913
120503 146729
120501 146731
120389 146843
120426 146806
120482 146750
120486 146746
120409 146823
120512 146720
120441 146791
120548 146684
120359 146873
120543 146689
120426 146806
120456 146776
120490 146742
120521 146711
120398 146834
120375 146857
120496 146736
120461 146771
120403 146829
120374 146858
120423 146809
120350 146882
120539 146693
120446 146786
120504 146728
120506 146726
120425 146807
120474 146758
120501 146731
120558 146674
120333 146899
120437 146795
120502 146730
120444 146788
120482 146750
120502 146730
120515 146717
120441 146791
120401 146831
120488 146744
120476 146756
120444 146788
120344 146888
120387 146845
120479 146753
120532 146700
120516 146716
120426 146806
120450 146782
120430 146802
120432 146800
120407 146825
120423 146809
120530 146702
120457 146775
120585 146647
120440 146792
120489 146743
120492 146740
120467 146765
120364 146868
120496 146736
120512 146720
120462 146770
120372 146860
120451 146781
120432 146800
120388 146844
120485 146747
120417 146815
120476 146756
120486 146746
120491 146741
120643 146589
120457 146775
120336 146896
120453 146779
120494 146738
120499 146733
120462 146770
120378 146854
120380 146852
120472 146760
120359 146873
