319227 383237
319329 383135
319466 382998
319419 383045
319397 383067
319273 383191
319306 383158
319310 383154
319438 383026
319298 383166
319384 383080
319374 383090
319341 383123
319341 383123
319333 383131
319326 383138
319331 383133
319330 383134
319275 383189
319351 383113
319440 383024
319414 383050
319244 383220
319297 383167
319449 383015
319265 383199
319269 383195
319447 383017
319216 383248
319453 383011
319377 383087
319450 383014
319244 383220
319378 383086
319361 383103
319365 383099
319220 383244
319412 383052
319471 382993
319487 382977
319362 383102
319368 383096
319428 383036
319152 383312
319175 383289
319548 382916
319333 383131
319320 383144
319453 383011
319363 383101
319286 383178
319418 383046
319226 383238
319387 383077
319315 383149
319233 383231
319232 383232
319411 383053
319555 382909
319409 383055
319414 383050
319257 383207
319276 383188
319339 383125
319358 383106
319360 383104
319537 382927
319344 383120
319363 383101
319295 383169
319342 383122
319387 383077
319346 383118
319437 383027
319337 383127
319255 383209
319293 383171
319274 383190
319291 383173
319462 383002
319464 383000
319307 383157
319363 383101
319445 383019
319425 383039
319341 383123
319304 383160
319251 383213
319305 383159
319330 383134
319271 383193
319436 383028
319546 382918
319374 383090
319451 383013
319420 383044
319483 382981
319410 383054
319406 383058
319400 383064
