368839 205410
359634 206934
347463 207537
363186 205509
385578 204777
358500 206733
365354 206439
353641 207027
352802 206955
347364 207921
362094 205848
357897 206490
380629 207174
355539 207354
375416 205818
349767 207855
345422 208950
353605 207441
358874 207108
355240 206424
372289 204360
362104 205650
344560 209271
351595 206835
357114 207375
363790 206199
366884 206397
367314 205833
372243 205536
366140 204990
362630 205788
379359 205422
359157 207063
363701 205326
347607 207282
397321 202518
363295 206478
373335 205491
355021 206544
368820 206358
359669 206910
347603 208209
386239 203757
356589 206310
353407 207900
370318 204519
373893 205806
363666 206253
373196 204846
376640 205749
381160 204921
353304 207093
375819 204792
376257 205980
365740 205995
349847 207765
373851 204789
370713 205383
356168 206598
361637 206811
370153 205962
369550 206514
364482 205869
378883 206577
351148 207663
367498 205668
350035 207177
359307 206535
369977 205149
364777 206079
370951 207204
391699 203247
373166 205272
343594 208014
392515 204756
384441 202986
369610 206463
377481 206052
364268 205869
360180 206325
357186 207861
357825 206349
355399 207297
345798 207963
344717 207885
347298 207465
370625 205563
354630 207738
344440 209478
359452 206799
366457 207666
360651 207693
365971 205473
366458 205530
405146 202374
387213 205179
358241 206169
362241 207228
398462 201462
344723 208590
