499668 593260
499865 593063
499828 593100
500038 592890
500093 592835
499952 592976
499973 592955
499781 593147
500006 592922
500021 592907
500163 592765
499960 592968
500009 592919
499769 593159
499795 593133
500074 592854
499943 592985
500020 592908
500004 592924
499906 593022
499925 593003
499659 593269
499805 593123
500098 592830
500011 592917
500089 592839
499685 593243
499970 592958
499893 593035
499973 592955
499860 593068
499962 592966
500020 592908
500059 592869
499731 593197
499745 593183
499969 592959
499898 593030
499876 593052
499899 593029
499893 593035
499791 593137
499842 593086
499904 593024
499996 592932
499812 593116
499746 593182
500102 592826
499895 593033
499998 592930
499891 593037
499854 593074
499919 593009
499858 593070
500092 592836
500130 592798
499868 593060
499966 592962
499855 593073
499954 592974
499934 592994
499959 592969
499900 593028
499888 593040
499911 593017
499829 593099
499779 593149
499811 593117
499944 592984
499961 592967
499962 592966
499991 592937
499884 593044
500003 592925
499883 593045
499939 592989
499818 593110
499878 593050
499936 592992
499751 593177
499802 593126
499971 592957
499889 593039
500000 592928
500063 592865
499647 593281
499804 593124
499986 592942
499890 593038
499807 593121
499835 593093
499965 592963
499995 592933
499974 592954
500146 592782
499841 593087
499683 593245
500026 592902
500148 592780
499884 593044
