453601 537327
453700 537228
453509 537419
453659 537269
453583 537345
453615 537313
453733 537195
453634 537294
453741 537187
453625 537303
453756 537172
453559 537369
453832 537096
453739 537189
453653 537275
453501 537427
453727 537201
453478 537450
453652 537276
453815 537113
453469 537459
453779 537149
453650 537278
453543 537385
453644 537284
453639 537289
453757 537171
453747 537181
453681 537247
453533 537395
453454 537474
453407 537521
453702 537226
453699 537229
453670 537258
453655 537273
453736 537192
453664 537264
453804 537124
453508 537420
453623 537305
453776 537152
453786 537142
453656 537272
453710 537218
453503 537425
453492 537436
453684 537244
453808 537120
453642 537286
453607 537321
453687 537241
453781 537147
453782 537146
453644 537284
453739 537189
453720 537208
453629 537299
453798 537130
453577 537351
453602 537326
453401 537527
453593 537335
453672 537256
453635 537293
453769 537159
453660 537268
453621 537307
453727 537201
453640 537288
453630 537298
453522 537406
453502 537426
453627 537301
453753 537175
453512 537416
453674 537254
453737 537191
453705 537223
453812 537116
453731 537197
453567 537361
453544 537384
453478 537450
453563 537365
453545 537383
453770 537158
453641 537287
453611 537317
453587 537341
453562 537366
453836 537092
453776 537152
453627 537301
453852 537076
453705 537223
453461 537467
453546 537382
453655 537273
453664 537264
