529262 275844
519879 276108
494951 279636
475539 280065
502588 274593
515081 277296
476270 280557
473685 281430
492025 276294
487481 277731
490656 277470
483845 279252
516815 274086
472533 280311
487269 278709
486352 277959
476738 279267
483244 278331
480469 278511
458301 282873
518248 273504
501672 276561
483819 278352
472795 281415
496463 277143
472989 280701
556734 271959
480336 279342
470101 280314
492821 278697
503840 276735
498465 278148
524018 275181
497134 276498
495731 276444
488675 279546
476682 278838
473450 279975
485937 277635
498824 277107
474554 280704
518614 275211
481416 278592
491531 278322
488594 278133
470274 280479
486618 278229
480920 280476
489369 279705
477205 280956
492178 276789
481973 278994
492207 278853
482238 277383
482347 277230
528542 274521
531417 273687
476515 279717
475364 279870
491054 276975
493057 277188
487028 279561
473451 280527
507516 277125
474325 279429
477016 279081
484581 278958
485967 278289
475808 279468
474875 280713
483407 278523
480749 279444
465578 280929
493963 275907
473218 278805
498435 277182
492139 279057
482082 278013
486166 278160
478375 279135
501582 275766
475412 280404
473848 280296
470908 280920
472494 279753
506048 277167
469316 281322
489138 277842
537042 274476
513120 278358
503432 276876
484239 278508
482597 279429
499081 276735
477012 279531
483139 278196
501843 276867
510471 276162
474591 279675
473385 280656
