407176 215460
405201 214632
401462 215607
371341 219480
385375 216207
374543 218556
375896 218358
376226 218310
385799 218790
404079 215589
393981 218493
416727 216741
364813 220248
391245 218724
387553 217725
377397 218607
381459 217593
393947 216576
394201 216360
367054 219993
372527 219549
391575 218583
376997 218001
371797 219978
391338 218133
402237 218235
396170 217149
376559 218223
406519 215544
367721 220035
405800 217269
410469 217923
392735 218442
391825 218313
373193 219561
413073 216876
367498 220065
394319 218034
398305 217452
379459 219330
376657 219573
383663 219348
374994 220455
372953 219618
375364 218589
407758 213966
380221 219027
396725 216606
368978 218928
384712 217593
392683 216816
392626 216180
382444 218871
387367 217476
378318 219729
366948 220437
366895 221457
388745 217041
380597 218229
391602 218715
387739 217917
375532 218931
365248 220281
377126 218622
376643 218259
384120 217533
407774 215496
375218 217950
378202 218064
382900 220110
377057 218178
417069 215106
368635 220140
384396 217065
398059 217479
370741 219696
388357 220554
392787 217383
395230 217062
397823 216363
391543 217524
377139 218763
379222 218034
371272 218964
375214 219657
367380 218883
360624 220167
359245 221139
393258 217962
376671 218733
435037 215481
376154 217389
373444 218853
409429 216375
385409 219048
375276 218796
369697 219912
411835 215835
360952 220548
401717 216153
