408567 485897
408737 485727
408660 485804
408498 485966
408528 485936
408698 485766
408526 485938
408668 485796
408599 485865
408567 485897
408689 485775
408600 485864
408628 485836
408459 486005
408573 485891
408636 485828
408665 485799
408590 485874
408679 485785
408519 485945
408645 485819
408647 485817
408607 485857
408744 485720
408618 485846
408660 485804
408481 485983
408512 485952
408784 485680
408688 485776
408648 485816
408674 485790
408759 485705
408544 485920
408568 485896
408560 485904
408705 485759
408735 485729
408537 485927
408419 486045
408570 485894
408700 485764
408422 486042
408705 485759
408661 485803
408787 485677
408716 485748
408543 485921
408627 485837
408460 486004
408713 485751
408549 485915
408509 485955
408777 485687
408512 485952
408685 485779
408646 485818
408642 485822
408699 485765
408658 485806
408670 485794
408733 485731
408524 485940
408606 485858
408483 485981
408573 485891
408661 485803
408562 485902
408582 485882
408385 486079
408498 485966
408394 486070
408562 485902
408713 485751
408639 485825
408664 485800
408667 485797
408535 485929
408675 485789
408637 485827
408511 485953
408578 485886
408588 485876
408623 485841
408522 485942
408437 486027
408625 485839
408590 485874
408843 485621
408590 485874
408623 485841
408711 485753
408656 485808
408668 485796
408683 485781
408457 486007
408672 485792
408496 485968
408532 485932
408640 485824
