870687 476241
829784 476697
841349 477009
832564 480093
844983 477858
843514 477993
865938 473340
823702 477954
846519 476070
842557 479463
842372 475248
827600 477357
842271 477558
888029 469191
825167 478284
839910 476610
844576 478782
820279 479727
821630 479913
833328 478365
861295 473349
879525 475644
809695 480300
867260 473928
855080 475425
825924 479064
814933 481905
849792 472797
896478 470937
864923 477381
850111 477687
866182 471489
871781 473055
840168 478050
827383 481200
846733 479445
867606 473229
842290 476577
833637 477288
798451 483093
823495 479943
859348 474999
803087 480441
837752 478788
828715 478710
839541 477144
841676 477033
853675 474753
886249 475713
841014 476589
839566 477750
894053 472560
832116 478407
810931 480705
918643 472221
828097 477960
850668 475923
845736 479106
821524 478482
878627 472845
854386 478671
821322 479133
828694 478515
826410 477822
850976 475077
813558 480528
835379 477069
823724 480390
859471 476382
858524 474546
806782 480246
864526 474159
857378 473613
843187 478242
828261 477738
843833 477012
841912 475137
818203 479391
847438 475437
829470 475890
827896 480147
874061 470598
875695 474309
888636 469812
837363 477435
823624 479373
857448 475833
846096 475602
837947 476322
821064 479034
816685 481068
839491 475512
824812 478944
839848 477348
846931 475590
867718 472731
874194 474903
845128 477858
870463 473661
829535 477567
