232057 278407
232031 278433
231967 278497
231948 278516
232008 278456
231868 278596
231897 278567
231949 278515
231947 278517
231998 278466
232000 278464
231985 278479
232078 278386
232027 278437
232106 278358
231951 278513
232110 278354
231990 278474
231817 278647
231963 278501
231929 278535
232011 278453
231894 278570
231987 278477
231959 278505
231827 278637
231935 278529
231989 278475
231856 278608
231863 278601
231901 278563
232020 278444
231944 278520
231809 278655
232029 278435
232164 278300
232002 278462
232120 278344
231892 278572
232069 278395
231871 278593
231896 278568
232100 278364
232070 278394
231878 278586
231981 278483
232114 278350
232025 278439
231949 278515
232106 278358
231873 278591
231954 278510
232059 278405
232068 278396
231989 278475
231938 278526
232060 278404
231926 278538
231800 278664
231900 278564
231826 278638
231890 278574
231966 278498
231965 278499
231891 278573
231941 278523
231886 278578
231989 278475
231955 278509
231858 278606
232035 278429
231998 278466
232047 278417
231993 278471
231939 278525
231935 278529
231999 278465
231729 278735
231892 278572
231966 278498
231990 278474
231936 278528
231942 278522
231951 278513
232023 278441
231918 278546
231998 278466
231837 278627
231881 278583
231855 278609
231986 278478
232031 278433
231958 278506
231928 278536
231913 278551
231943 278521
232030 278434
231940 278524
232076 278388
231889 278575
