780097 439149
757243 441516
774738 438555
781408 437592
781055 439326
799490 440190
778116 437226
768589 442458
749926 440892
751859 440562
766318 439791
778567 439083
865366 431886
747088 442185
757588 439935
762340 440358
776271 441186
833926 435354
759446 440085
801760 437175
772026 439494
755083 442041
762026 438114
781062 442119
793491 437052
792692 437391
820885 433689
762074 439230
765387 440643
781241 439653
808318 434730
795528 438153
772888 438630
831863 436827
795108 435645
743047 444051
759421 442374
796222 435885
785960 438696
758544 441294
796699 435987
779264 436431
795814 434730
782392 437943
754917 440835
747315 440505
866981 433728
761637 440838
781741 438594
779886 440262
793811 439713
789672 436554
795834 437022
787431 436899
830942 437487
791747 438291
764670 442626
785634 440385
751042 442047
727314 444111
769511 438486
800447 435360
778620 439500
771146 438138
787197 436587
773379 437367
795177 437352
823735 434694
746806 443010
821138 436884
758310 444249
734045 444990
808415 436803
745771 442761
768493 439905
757349 440994
778028 437271
788275 440220
756090 439860
785867 436266
761983 440883
812888 439011
776898 439374
755216 439950
766087 438936
754659 440643
755838 439980
749031 442782
789094 437598
799857 440073
797507 437238
772178 440163
752376 440298
761896 439467
744628 441510
766573 439413
802537 435126
757556 439281
804214 437862
754922 441330
