177949 102339
177715 101907
178063 101439
178383 102597
179778 101373
189712 101775
174981 102045
176224 102312
173778 102297
173585 102987
186108 101118
179681 101595
177947 101280
174278 102270
166961 103755
180493 101448
176304 102294
178598 100908
189901 102006
179450 101661
179424 102360
168618 102732
180588 102537
177924 102786
173599 102414
172214 102576
171724 103095
179661 101724
178250 101646
178738 101928
182426 102249
171946 103479
175918 102534
172720 102540
172187 102669
185148 101439
177609 101985
174920 102474
170083 103503
177801 102798
182219 101229
179006 102945
177292 102003
170214 102513
167214 103389
196750 100212
177929 101712
175540 102546
176233 101901
197882 100521
175057 102699
184966 101667
186657 102123
197408 99840
179112 101331
172039 102660
174310 102177
186951 101715
174188 102471
177345 102126
183132 101376
178999 101982
170751 102426
183192 101445
195474 100353
184929 101724
168429 103521
177557 102111
176045 102252
179501 102192
179236 102357
176957 102768
183774 101406
174974 103098
173620 102894
177660 101601
179334 101922
191903 101103
174999 102552
178666 101979
174388 102255
175200 102693
184423 101421
173706 102561
174144 102522
178276 101913
168546 103140
171612 102114
178302 102006
186258 101532
177624 101742
186154 100740
167545 103761
168593 103383
167881 103125
171761 102717
174211 102585
178116 102804
182554 102414
171697 102759
