888434 503928
873309 503145
854786 505803
917192 499218
877588 503316
859004 505812
929960 501312
872069 506268
872305 505365
948846 498255
870333 504108
951627 493737
919793 499704
894491 501207
944111 498681
877393 501651
852971 506553
960715 501306
860728 505260
868739 504819
891524 502347
909338 502356
901262 500742
871040 506082
904805 501288
883624 499107
892625 502857
848429 508380
876353 505191
865316 505086
861796 507930
895102 500565
911649 500394
873224 501906
856028 505296
896102 499272
921029 496167
908576 500085
884408 500475
863773 504123
869377 506079
909552 500757
862547 504423
866526 504837
873178 505302
898674 500826
942350 498678
874710 503094
913297 501429
905988 501711
920653 503715
919913 500874
905727 499422
936772 498705
896991 499938
873143 502548
943728 498666
880695 503202
909480 502797
866269 503496
882585 503595
932941 498822
880140 501615
919679 496431
877785 501576
861241 505092
870120 502584
897653 500991
896931 499149
893149 502899
889356 504375
873474 500781
853616 506685
875443 501921
887217 501537
883274 506370
862958 504558
854840 505578
866487 504039
847727 507081
903372 500043
928668 496530
993340 501207
862485 504291
881303 501903
897908 500514
895218 504462
888241 502041
951036 498666
899655 501024
904682 503931
881575 499341
882182 500976
866154 505533
850597 506883
859540 504984
873146 503610
867739 502839
861181 506196
932131 496935
