30895 38913
30914 38894
30949 38859
30906 38902
30940 38868
30912 38896
30932 38876
30948 38860
30899 38909
30917 38891
30939 38869
30984 38824
30952 38856
30971 38837
30924 38884
30906 38902
30906 38902
30918 38890
30892 38916
30837 38971
30924 38884
30963 38845
30939 38869
30900 38908
30913 38895
30932 38876
30921 38887
30957 38851
30926 38882
30876 38932
30928 38880
30892 38916
30879 38929
30966 38842
30965 38843
30955 38853
30902 38906
30922 38886
30904 38904
30918 38890
30901 38907
30920 38888
30910 38898
30935 38873
30898 38910
30909 38899
30891 38917
30889 38919
30908 38900
30909 38899
30940 38868
30903 38905
30949 38859
30914 38894
30910 38898
30970 38838
30907 38901
30959 38849
30897 38911
30918 38890
30902 38906
30916 38892
30878 38930
30898 38910
30920 38888
30918 38890
30933 38875
30936 38872
30928 38880
30916 38892
30947 38861
30911 38897
30905 38903
30918 38890
30920 38888
30934 38874
30941 38867
30846 38962
30959 38849
30930 38878
30863 38945
30971 38837
30922 38886
30961 38847
30920 38888
30972 38836
30944 38864
30922 38886
30941 38867
30917 38891
30887 38921
30932 38876
30941 38867
30976 38832
30908 38900
30947 38861
30892 38916
30880 38928
30899 38909
31010 38798
