106983 130249
106939 130293
106980 130252
107025 130207
106972 130260
106907 130325
107011 130221
107005 130227
106978 130254
107021 130211
107053 130179
106953 130279
106987 130245
106916 130316
107036 130196
106959 130273
107004 130228
107045 130187
106917 130315
107035 130197
106996 130236
107023 130209
106956 130276
106994 130238
106971 130261
106892 130340
106977 130255
106959 130273
106954 130278
106957 130275
107020 130212
107009 130223
106966 130266
106883 130349
107071 130161
106840 130392
106900 130332
107043 130189
106997 130235
107019 130213
106892 130340
106959 130273
106834 130398
106894 130338
106923 130309
107017 130215
106951 130281
107021 130211
107006 130226
106981 130251
106922 130310
106976 130256
107035 130197
107034 130198
106993 130239
106983 130249
106962 130270
106935 130297
107082 130150
107001 130231
106999 130233
107002 130230
106969 130263
107016 130216
107020 130212
106933 130299
106987 130245
106974 130258
106884 130348
106943 130289
106976 130256
106962 130270
106942 130290
107124 130108
107004 130228
106992 130240
107006 130226
106970 130262
107001 130231
107021 130211
107042 130190
106959 130273
106927 130305
107000 130232
106856 130376
107005 130227
107039 130193
107029 130203
107028 130204
106998 130234
107048 130184
106977 130255
106965 130267
106953 130279
107017 130215
106945 130287
106929 130303
106967 130265
107125 130107
106927 130305
