260808 313656
260959 313505
261056 313408
260887 313577
260785 313679
260858 313606
260923 313541
260919 313545
260907 313557
260944 313520
260986 313478
260894 313570
260987 313477
260869 313595
260893 313571
260968 313496
260970 313494
260983 313481
260858 313606
260927 313537
260986 313478
260927 313537
260910 313554
260821 313643
261126 313338
260925 313539
260930 313534
260838 313626
260970 313494
260789 313675
260886 313578
261025 313439
260935 313529
260922 313542
260991 313473
260990 313474
260880 313584
260710 313754
260852 313612
260912 313552
260987 313477
260822 313642
260883 313581
260864 313600
260937 313527
260873 313591
260819 313645
260910 313554
260782 313682
260870 313594
261063 313401
260940 313524
261029 313435
260985 313479
260834 313630
260872 313592
260887 313577
260847 313617
261000 313464
260906 313558
260795 313669
260956 313508
260889 313575
260948 313516
260906 313558
260821 313643
260938 313526
260936 313528
260771 313693
260838 313626
261024 313440
260911 313553
261056 313408
260853 313611
260983 313481
260717 313747
260908 313556
260998 313466
261067 313397
260863 313601
260888 313576
260754 313710
260884 313580
260883 313581
260877 313587
260937 313527
260979 313485
260914 313550
260921 313543
260886 313578
260932 313532
261007 313457
260965 313499
260781 313683
260855 313609
260760 313704
260906 313558
260969 313495
260920 313544
260944 313520
