546279 648649
546293 648635
546536 648392
546301 648627
546348 648580
546197 648731
546185 648743
546384 648544
546386 648542
546333 648595
546363 648565
546144 648784
546478 648450
546317 648611
546318 648610
546364 648564
546480 648448
546380 648548
546335 648593
546283 648645
546099 648829
546074 648854
546256 648672
546279 648649
546534 648394
546374 648554
546226 648702
546468 648460
546301 648627
546420 648508
546144 648784
546435 648493
546227 648701
546200 648728
546368 648560
546285 648643
546482 648446
546101 648827
546298 648630
546174 648754
546306 648622
546337 648591
546255 648673
546129 648799
546444 648484
546239 648689
546399 648529
546228 648700
546324 648604
546307 648621
546194 648734
546135 648793
546342 648586
546135 648793
546291 648637
546330 648598
546178 648750
546506 648422
546217 648711
546280 648648
546350 648578
546065 648863
546493 648435
546304 648624
546197 648731
546076 648852
546055 648873
546322 648606
546247 648681
546371 648557
546248 648680
546359 648569
546453 648475
546305 648623
546409 648519
546231 648697
546192 648736
546191 648737
545878 649050
546322 648606
546204 648724
546249 648679
546059 648869
546154 648774
546437 648491
546324 648604
546397 648531
546230 648698
546408 648520
546108 648820
546379 648549
546135 648793
546314 648614
546227 648701
546489 648439
546136 648792
546375 648553
546427 648501
546440 648488
546432 648496
