686752 814176
686907 814021
686816 814112
686837 814091
686751 814177
686750 814178
686668 814260
686674 814254
686457 814471
686929 813999
686884 814044
686849 814079
686605 814323
686740 814188
686871 814057
686818 814110
686690 814238
686868 814060
687017 813911
686582 814346
686679 814249
686442 814486
686674 814254
686608 814320
686644 814284
686533 814395
686822 814106
686733 814195
686583 814345
686746 814182
686502 814426
686666 814262
686970 813958
686489 814439
686541 814387
686875 814053
686765 814163
686749 814179
686754 814174
686698 814230
686483 814445
686699 814229
686899 814029
686677 814251
686780 814148
686708 814220
686962 813966
686459 814469
686710 814218
686922 814006
686535 814393
686590 814338
686614 814314
686559 814369
686648 814280
686718 814210
686947 813981
686746 814182
686622 814306
686744 814184
686890 814038
686699 814229
686560 814368
686709 814219
686699 814229
686607 814321
686847 814081
686850 814078
686732 814196
686753 814175
686726 814202
686641 814287
686618 814310
686536 814392
686575 814353
686644 814284
686505 814423
686524 814404
686478 814450
686772 814156
686613 814315
686807 814121
686472 814456
686669 814259
686761 814167
686839 814089
686719 814209
686693 814235
686675 814253
686416 814512
686538 814390
686829 814099
686631 814297
686907 814021
686572 814356
686693 814235
686748 814180
686823 814105
686674 814254
686674 814254
