175358 211874
175403 211829
175302 211930
175448 211784
175388 211844
175428 211804
175456 211776
175324 211908
175237 211995
175385 211847
175323 211909
175310 211922
175313 211919
175396 211836
175370 211862
175316 211916
175448 211784
175269 211963
175328 211904
175291 211941
175310 211922
175470 211762
175427 211805
175343 211889
175275 211957
175275 211957
175334 211898
175447 211785
175220 212012
175478 211754
175284 211948
175402 211830
175374 211858
175309 211923
175373 211859
175303 211929
175460 211772
175354 211878
175311 211921
175341 211891
175337 211895
175408 211824
175456 211776
175177 212055
175406 211826
175443 211789
175412 211820
175130 212102
175322 211910
175511 211721
175299 211933
175465 211767
175424 211808
175243 211989
175399 211833
175279 211953
175326 211906
175493 211739
175361 211871
175384 211848
175365 211867
175377 211855
175421 211811
175347 211885
175422 211810
175395 211837
175430 211802
175363 211869
175365 211867
175378 211854
175381 211851
175449 211783
175360 211872
175365 211867
175424 211808
175394 211838
175409 211823
175264 211968
175428 211804
175310 211922
175459 211773
175471 211761
175383 211849
175362 211870
175282 211950
175454 211778
175307 211925
175324 211908
175435 211797
175437 211795
175377 211855
175297 211935
175398 211834
175297 211935
175260 211972
175341 211891
175395 211837
175386 211846
175229 212003
175356 211876
