188 123
227 129
181 132
159 135
192 123
214 126
172 138
174 138
174 120
197 144
191 138
169 135
170 138
189 129
186 138
185 126
172 135
192 135
186 135
212 135
176 123
180 135
176 135
204 135
189 141
176 135
206 141
174 141
200 123
158 135
174 135
182 132
203 126
172 132
203 141
189 135
203 126
217 126
213 123
180 138
158 135
199 147
177 132
243 123
183 135
171 132
217 132
183 138
175 129
177 123
188 126
225 129
199 126
151 126
198 126
186 144
173 129
177 135
187 132
189 120
200 126
152 120
167 129
177 132
185 135
209 123
197 126
160 132
177 132
172 129
169 129
191 135
212 123
196 120
198 132
182 123
187 123
160 129
205 120
175 141
207 129
181 120
174 132
203 141
198 123
193 132
156 126
188 129
193 135
201 120
186 129
224 123
187 138
184 144
157 138
171 129
193 129
189 138
193 105
185 135
