1005906 580227
1008269 579807
1070628 572628
1045878 573474
1082572 573180
1058494 574233
996037 582051
1020711 579681
1016856 580311
970672 584817
1043188 577194
1014543 583857
988448 585075
1060379 575160
1001641 581871
1009914 579219
1037521 573972
1022416 581175
1020793 578997
1039974 575244
1074351 575496
1051054 579111
999788 582804
1048772 577926
1007789 579495
1005804 581241
999576 583884
1099257 568767
1014391 580698
1055515 573702
998458 581322
1025116 577683
996052 581631
1021660 575913
1054976 575610
1016321 581994
1017016 578814
986076 581847
1041306 578130
1068307 576825
1111529 571563
979780 583728
1052271 577260
1082316 571239
1005914 582666
1063959 573924
994693 580359
1011424 580800
1015764 580770
986240 582300
1003643 580773
1052747 574179
992978 581319
998129 578361
1028411 578001
1055352 576636
1056443 575040
1028424 579120
1000099 581037
1017050 579144
998506 582621
1008236 578385
981933 583899
1003408 577956
1013576 578973
1007831 580053
1018738 577455
1008650 579579
1029047 579711
1037447 577098
1074964 574215
1023374 579222
998078 581622
998024 580500
1018237 578904
1075574 579123
1056938 577488
1087019 576156
1060373 571944
1063127 573384
1013356 581922
1047214 581280
1117276 566025
1030980 576288
983568 581925
1050502 574803
995511 582573
1035597 575670
1040862 574659
1015492 579576
1073031 573951
1010769 581148
1017822 575886
1009341 578472
1014334 579738
1035751 579855
978577 584463
997851 580272
1052992 576327
1040768 580917
