155441 90681
153437 91929
158194 91020
159500 90618
147079 92394
153303 91626
165152 90240
152604 91671
165919 89802
160010 91065
169501 89970
155494 90747
156346 91320
158239 90906
164501 90069
150836 91770
172334 88854
158580 90825
159112 91020
159910 90609
160407 90459
156920 90615
160854 90870
160199 90288
163774 90654
156649 91686
153405 91308
153499 90909
160722 90147
157059 91836
164816 90474
153359 91602
154511 90945
162024 90891
156309 90750
157151 90576
151997 91533
164266 91008
170223 90156
158684 90777
174350 90021
155651 90915
156156 90801
155931 91797
158663 90561
150322 91599
164351 90858
161169 91191
163091 90090
164109 90003
156033 91212
157611 91608
153638 91275
164732 91056
157986 91062
158116 91389
158366 91422
164720 89817
152183 91470
156547 90681
169415 89901
157801 90564
152258 91221
165606 90414
158712 91026
158817 90798
156808 91374
161105 89940
150500 92220
159233 90867
145774 92436
154500 91869
159087 90987
155966 91164
167631 90426
165631 90663
152901 91860
154644 91995
149911 91884
160780 90132
168872 89247
159880 90522
164036 90204
169055 90117
158394 90852
159562 90708
160856 91092
152801 91404
152495 91839
155943 91656
148295 91779
160498 90555
154878 91137
158758 90756
156737 91005
154001 91329
163283 91131
150084 92178
155457 91251
159414 91311
