430839 255897
437632 256158
481364 251505
432255 255789
447517 256413
439289 254616
463187 253329
445752 254529
454806 253083
434815 255357
438802 255198
427832 256425
440346 255051
465095 254676
467030 255222
427599 256737
469650 252678
421081 256965
427065 255099
434335 255942
440221 255228
449022 254586
432256 256515
428607 257082
438938 254679
431433 256830
431185 257577
439514 253737
448772 252999
442537 253986
458866 254103
441880 254706
441811 253878
444157 255087
475314 252597
438790 254910
439914 254982
443038 255381
430531 256209
466476 251463
462884 253677
447572 254805
426696 256578
460615 253752
427623 256461
442748 254895
463527 252486
436392 254796
447047 253116
431854 255978
437002 255249
450893 253956
456272 254301
455400 252531
451264 254382
444028 253902
449510 253758
456078 252069
435070 254460
435325 255873
465347 251829
428766 255585
472612 251553
443369 255054
435192 255792
446887 253968
439894 254742
444264 254919
436988 254763
452498 252303
447430 253641
445414 254970
482381 251304
423746 257283
433129 255819
448676 253998
492208 248175
432194 256812
480370 251931
494807 252351
433061 255852
459848 251367
458907 254529
444523 254082
453012 252795
424909 255699
459403 252420
447160 251898
430189 255363
448104 253974
445236 253305
457014 253149
438971 255939
465885 252378
455971 251946
435799 254802
442136 255336
448654 254946
436751 255243
450413 254457
