701282 388053
667653 392190
709917 390057
661162 391434
698988 388497
664540 392232
711750 385455
683420 392250
675648 391305
671358 390525
776632 381987
693013 389064
682872 387159
665718 393249
679121 389982
711449 385680
685809 388341
687391 386130
711623 386754
700096 389691
673510 391839
702252 388488
689689 389595
680632 389835
678105 390900
681668 389376
670366 390012
670244 392184
673186 390963
704949 388185
675909 390138
713892 386178
663031 391092
688773 388971
709825 388041
675984 390024
690826 388860
693389 388500
709952 385554
692938 389319
687279 389520
674696 388836
669144 391044
686801 389346
722133 386028
714023 387396
686290 387000
670191 391005
688043 389325
682607 389259
709473 386541
752852 382974
703203 386961
671099 391200
714800 389373
676360 388680
709885 384096
676226 389523
697796 387843
678758 389742
697438 388479
676859 389559
656362 392805
705997 389112
681686 390573
702301 388536
683232 390216
719918 386265
685209 388518
675169 389682
688290 389181
655615 393471
660636 391431
718355 387891
698195 388092
732800 383322
719109 385668
670152 391194
723011 383775
690326 387381
677114 389583
718533 385905
733997 388134
692366 387330
714173 385998
670465 389721
704117 387291
687890 389379
698181 388686
702071 388986
697265 386772
743960 382692
676737 389331
685904 389106
707062 387756
753660 385677
703507 387009
661578 391410
676666 389028
705827 389508
