104549 58029
97732 58479
95257 58800
96604 58662
97128 58944
98870 58404
99014 58302
100404 58446
100157 58407
102694 57747
99467 58833
96858 58341
101691 58437
98346 58446
102039 57753
112466 57942
101558 58044
101772 58248
96684 58683
104393 57501
98506 58215
100503 57957
95686 58998
100489 57855
100860 58113
102037 58512
101588 58110
102225 58281
98831 58353
100017 58281
106690 58146
104772 57315
98928 58839
111024 56961
105450 58317
98229 58995
97714 58581
99188 58317
99531 58134
105584 58134
98829 58233
100542 58371
99323 58434
98633 58296
111700 57393
100518 58215
100336 57699
99922 58428
101310 58026
101392 58107
98294 58533
96324 58515
96121 58650
109068 57012
100873 58221
97779 58311
97522 58962
97681 58647
98352 58785
110180 57120
105015 57519
101362 58308
96599 58518
94021 58806
100424 58317
97814 59046
97756 58641
100867 58047
99453 58032
103073 58386
100358 58005
103490 57645
97215 58806
94845 58785
96742 58443
99180 58581
94928 59064
94082 59268
102384 57933
97690 58614
106372 57489
95640 58533
94927 58920
101117 58539
105355 57603
107983 57840
102051 58050
108123 57927
99070 58305
98434 58602
96955 58878
98766 58398
97778 58470
105839 57093
104909 58110
102253 58062
101793 58110
105733 57117
103789 57564
106648 57948
