212139 125499
214903 125331
215552 125298
216829 124446
218330 124584
208466 126237
218917 124425
218853 124806
216122 124479
208590 125682
225626 124521
218229 124041
214280 125823
224225 123747
213065 125868
221579 123408
219025 124803
230883 124878
208411 126366
221709 123639
232349 123807
213010 124989
205960 126969
218868 124248
212395 125304
231563 123933
205611 126030
230593 122421
222237 124677
215705 124560
218743 125859
211062 125478
211098 125805
215911 124785
212349 125715
218360 125043
209816 124977
219719 124170
212323 125346
213637 124788
213614 124872
209346 125847
211276 125529
215020 125046
228306 125220
214658 125859
222849 124206
208771 125655
226929 123831
216222 125043
218381 125061
211496 125763
207419 125946
212393 125331
219922 124818
221250 123645
219628 124353
223241 123996
212315 125682
222833 123408
229587 124650
224163 124557
215889 124068
212055 125028
202162 126987
208968 126348
207238 126264
226523 124941
215492 125802
229061 123492
224321 124557
221000 124395
227463 124905
222592 124347
214739 124887
222057 123972
225189 124113
210528 125454
222357 123714
215279 125193
221018 124596
215633 125388
213918 125343
210260 125550
211970 125313
218163 124845
210066 125529
214153 125913
216602 125445
225194 123858
208820 125547
212861 125214
214619 124983
217223 124974
222224 124485
220724 123435
215934 124791
211396 125733
220059 124974
231359 123351
