416177 243930
436173 239994
435557 241578
414476 242757
428215 242805
447789 239382
397620 245103
422496 242112
422194 241701
424323 242046
426468 243372
434681 239475
416158 242685
437662 242481
440994 239022
409972 244539
409850 244992
434156 241212
433457 240762
447611 239292
442853 241710
408225 242937
448047 239667
431421 241890
430373 241461
457052 241287
420580 242166
451772 237672
425162 240618
414331 243435
428415 240180
426056 243033
431418 240375
429036 241446
436067 240204
434329 242451
438612 240546
423009 242130
415709 243621
439397 240831
420355 242511
416775 243336
422429 241032
436316 240987
431755 241578
431048 242052
408461 244719
423815 241887
451978 239847
415956 242502
409809 243993
441580 238281
415512 243456
430819 241890
420409 243258
423257 242163
414844 244170
456181 240192
418119 243204
429824 242025
430090 241929
436061 242217
414966 243360
424875 241410
422709 240927
428125 241827
419697 243129
414503 242928
430952 242328
421682 241317
425143 242391
414302 243681
427791 242913
415387 242166
423793 242370
434588 240885
432814 241197
427328 241677
441144 241113
438219 240450
420676 242661
435786 240117
428743 240675
445526 240960
435267 241686
462646 238668
418058 242043
438236 239571
415810 243903
447103 239334
420500 243126
423235 242286
454176 240696
432074 243549
428027 241209
414821 242676
424438 241887
441876 240369
414652 243495
421541 241467
