44 36
32 27
46 36
39 33
37 30
46 36
39 39
37 36
48 30
38 36
53 33
40 36
48 36
42 36
39 36
34 30
33 33
42 30
35 30
58 30
35 36
38 33
42 33
41 33
40 33
36 39
46 30
32 36
42 36
47 30
38 30
45 36
41 33
39 36
35 30
38 33
40 33
50 30
45 30
41 36
48 33
49 33
45 39
33 39
40 36
47 36
38 36
43 27
32 27
54 30
33 30
42 30
35 30
38 36
41 33
52 33
39 39
38 33
37 36
36 30
35 30
44 30
42 36
46 24
36 33
29 30
43 27
41 36
44 30
40 39
33 33
37 33
48 30
41 33
45 33
35 33
47 36
44 36
48 30
36 39
30 33
39 33
38 36
38 36
42 33
42 36
37 33
31 36
33 30
50 33
34 36
52 36
39 33
47 36
42 30
32 33
38 36
32 33
33 33
51 30
