655295 777633
655386 777542
655448 777480
655255 777673
655308 777620
655536 777392
655282 777646
655509 777419
655378 777550
655437 777491
655541 777387
655304 777624
655251 777677
655471 777457
655223 777705
655512 777416
655394 777534
655488 777440
655468 777460
655400 777528
655312 777616
655484 777444
655470 777458
655420 777508
655517 777411
655313 777615
655390 777538
655402 777526
655295 777633
655405 777523
655142 777786
655307 777621
655330 777598
655380 777548
655233 777695
655440 777488
655382 777546
655404 777524
655254 777674
655339 777589
655183 777745
655443 777485
655343 777585
655436 777492
655336 777592
655300 777628
655296 777632
655397 777531
655208 777720
655168 777760
655614 777314
655408 777520
655231 777697
655301 777627
655404 777524
655527 777401
655339 777589
655436 777492
655383 777545
655241 777687
655430 777498
655469 777459
655424 777504
655478 777450
655390 777538
655399 777529
655549 777379
655386 777542
655469 777459
655401 777527
655522 777406
655403 777525
655390 777538
655386 777542
655377 777551
655258 777670
655238 777690
655599 777329
655373 777555
655450 777478
655356 777572
655220 777708
655396 777532
655291 777637
655408 777520
655257 777671
655500 777428
655427 777501
655404 777524
655410 777518
655417 777511
655418 777510
655339 777589
655181 777747
655717 777211
655443 777485
655452 777476
655396 777532
655468 777460
655240 777688
