639935 758993
639614 759314
639670 759258
639776 759152
639548 759380
639637 759291
639868 759060
639813 759115
639848 759080
639706 759222
639644 759284
639800 759128
639774 759154
639703 759225
639866 759062
639658 759270
639870 759058
639695 759233
639844 759084
639669 759259
639762 759166
639642 759286
639977 758951
639519 759409
639857 759071
639824 759104
639543 759385
639657 759271
639740 759188
639634 759294
639750 759178
639831 759097
639754 759174
639872 759056
639911 759017
640101 758827
639875 759053
639768 759160
639878 759050
639827 759101
639797 759131
639852 759076
639753 759175
639858 759070
639778 759150
639549 759379
639743 759185
639752 759176
639556 759372
639501 759427
640077 758851
639859 759069
639517 759411
639638 759290
639759 759169
639818 759110
639614 759314
639882 759046
639817 759111
639770 759158
639772 759156
639692 759236
639619 759309
639918 759010
639789 759139
639490 759438
639773 759155
639628 759300
639592 759336
639802 759126
639659 759269
639756 759172
639722 759206
639678 759250
639932 758996
639457 759471
639842 759086
639622 759306
639805 759123
639910 759018
639878 759050
639873 759055
639758 759170
639523 759405
639992 758936
639832 759096
639559 759369
639995 758933
639664 759264
639714 759214
639694 759234
640057 758871
639641 759287
639769 759159
639899 759029
639819 759109
639842 759086
639832 759096
639750 759178
639971 758957
