141524 79350
138887 80559
139036 80301
136330 80142
135445 80316
141117 80229
132917 80634
143594 80073
142711 80106
131986 80580
137550 80097
135380 80133
137420 80556
153444 78396
137101 80022
145584 78912
138446 79743
141251 79833
142607 80007
143120 79818
144042 79152
131543 80748
143899 79629
140227 79851
137966 80055
141434 79392
140148 79797
134254 80427
132723 80868
133633 80439
132323 80460
143892 80121
137786 80049
132297 80955
136435 79887
135827 79755
132701 80808
136716 80088
141292 79341
139662 79302
132343 80703
146382 78912
135775 79923
136396 80388
131331 80790
139661 79692
143154 79290
142220 79956
138273 80076
146416 79014
135386 79752
140194 79803
134828 79965
143043 79863
142214 79806
138303 79770
141894 79359
129747 80832
133781 79899
138832 79512
145935 79677
146573 79317
144322 78588
134564 80607
139005 79989
139819 79767
135870 80238
154390 78921
134757 79953
148576 79473
131795 80613
138720 79923
138189 80076
136682 79848
132772 80625
135623 80886
139218 79812
139494 80238
136061 80433
139332 79692
143282 80250
141792 80652
134259 80364
144239 79506
143420 79764
138079 80373
132183 80940
136444 80106
153566 78318
138328 80457
141441 80271
138530 80121
140543 80067
133679 80253
136200 80379
141990 79347
135240 80133
134974 80553
137994 79383
141513 79983
