515229 611699
515464 611464
515230 611698
515195 611733
515388 611540
515308 611620
515299 611629
515518 611410
515449 611479
515225 611703
515356 611572
515386 611542
515239 611689
515338 611590
515253 611675
515643 611285
515407 611521
515347 611581
515205 611723
515153 611775
515283 611645
515461 611467
515352 611576
515306 611622
515145 611783
515525 611403
515225 611703
515264 611664
515267 611661
515254 611674
515154 611774
515370 611558
515277 611651
515542 611386
515221 611707
515424 611504
515294 611634
515469 611459
515181 611747
515553 611375
515384 611544
515362 611566
515331 611597
515270 611658
515438 611490
515372 611556
515249 611679
515319 611609
515314 611614
515388 611540
515276 611652
515446 611482
515377 611551
515111 611817
515411 611517
515383 611545
515096 611832
515564 611364
515462 611466
515427 611501
515313 611615
515275 611653
515174 611754
515240 611688
515247 611681
515379 611549
515417 611511
515352 611576
515277 611651
515250 611678
515427 611501
515576 611352
515422 611506
515634 611294
515362 611566
515337 611591
515375 611553
515375 611553
515558 611370
515109 611819
515382 611546
515262 611666
515376 611552
515300 611628
515372 611556
515337 611591
515480 611448
515270 611658
515362 611566
515310 611618
515281 611647
515306 611622
515373 611555
515379 611549
515221 611707
515537 611391
515515 611413
515560 611368
515280 611648
515461 611467
