510241 304770
510422 305850
522039 304629
530561 301785
566358 300516
523295 302976
506978 306648
515716 303813
525443 302370
520805 304146
529513 304707
526844 303174
526282 304506
512199 305754
542202 302043
520605 303714
520573 303666
536599 301467
565175 300483
513141 304605
524885 301923
552094 301437
532106 303207
595164 297498
520983 303723
514140 304950
533779 302301
530681 303384
527939 302358
506815 305637
516122 304293
515897 305115
532057 303192
559643 302841
550231 300675
531452 302571
517848 305064
505610 306039
536407 301947
532891 300999
539082 301299
524630 302424
550907 300426
544067 301353
522852 304275
518181 303819
528777 302550
519424 304380
560068 298521
542496 301467
562644 300624
533484 303729
552507 301116
529600 303810
517021 304740
571639 302148
528482 304536
520777 303894
528473 303624
549044 299550
519977 304140
509324 304014
521156 304692
546947 304620
537707 304365
562036 300273
542155 302418
506882 305844
530448 302178
522172 303627
568590 298587
558619 300495
518348 305187
540972 301575
533745 301839
539211 302784
537027 303858
549767 301479
553770 299067
531290 303147
540528 302892
527241 304542
533776 301893
510099 305151
556990 301800
526707 303786
542204 302772
556214 301770
556785 301593
527254 303195
515035 304092
536879 303678
541957 303501
524821 302919
525607 304980
542172 300714
550481 303780
535618 302673
519402 302709
540443 300171
