624009 740919
624266 740662
624222 740706
624332 740596
624355 740573
624148 740780
623970 740958
624084 740844
624052 740876
624326 740602
624174 740754
624093 740835
624197 740731
624002 740926
624258 740670
624085 740843
623997 740931
624023 740905
623904 741024
624178 740750
624124 740804
624342 740586
624282 740646
624047 740881
623955 740973
624170 740758
624088 740840
624030 740898
624153 740775
624108 740820
624242 740686
624247 740681
624041 740887
623868 741060
624110 740818
624012 740916
624260 740668
624351 740577
624220 740708
624157 740771
624054 740874
624265 740663
624191 740737
624082 740846
624270 740658
624340 740588
624065 740863
624106 740822
624143 740785
624106 740822
624084 740844
624201 740727
624107 740821
624051 740877
624057 740871
623822 741106
624095 740833
624147 740781
624059 740869
624134 740794
624222 740706
624112 740816
624134 740794
623886 741042
624096 740832
624199 740729
624216 740712
624060 740868
623940 740988
624140 740788
624110 740818
624261 740667
624069 740859
624054 740874
624151 740777
624122 740806
624053 740875
624170 740758
624220 740708
624175 740753
623914 741014
624080 740848
623831 741097
623983 740945
624043 740885
624296 740632
624230 740698
623925 741003
624140 740788
624150 740778
624021 740907
624088 740840
624279 740649
624019 740909
624161 740767
623884 741044
623987 740941
624114 740814
623890 741038
624226 740702
