277 183
264 195
288 183
311 174
244 168
263 186
276 168
296 189
240 186
275 189
251 195
289 189
264 189
281 180
246 198
320 198
275 192
310 180
309 174
235 201
288 189
256 198
254 174
275 195
270 204
288 177
258 198
267 186
323 180
276 204
263 192
252 183
267 195
260 180
322 171
263 177
263 186
290 189
261 186
252 186
260 180
313 183
266 186
275 177
302 189
305 174
240 186
272 195
253 189
261 192
297 189
288 189
261 177
280 189
265 201
381 168
282 180
253 192
267 177
286 180
267 192
317 198
247 192
281 180
240 198
248 186
322 201
278 192
259 177
237 186
252 204
251 180
292 180
291 174
254 207
260 177
251 186
294 180
255 204
284 198
236 192
282 186
294 174
260 177
295 177
266 180
258 186
261 192
310 198
255 183
259 183
252 183
343 192
324 186
268 195
270 198
236 168
268 189
263 183
275 183
