530824 630104
530859 630069
530553 630375
530833 630095
530540 630388
530873 630055
530819 630109
530827 630101
530727 630201
530809 630119
530753 630175
530639 630289
530732 630196
530851 630077
530830 630098
530742 630186
530803 630125
530883 630045
530885 630043
530604 630324
530767 630161
530860 630068
530974 629954
530863 630065
531162 629766
530832 630096
530667 630261
530745 630183
530858 630070
530776 630152
530703 630225
530865 630063
530698 630230
530768 630160
530564 630364
530989 629939
530837 630091
530800 630128
530758 630170
530857 630071
530889 630039
530813 630115
530935 629993
530801 630127
530907 630021
530941 629987
530721 630207
530890 630038
530877 630051
530890 630038
530969 629959
530745 630183
530872 630056
530760 630168
530886 630042
530856 630072
530725 630203
531074 629854
530863 630065
530855 630073
530738 630190
530728 630200
530789 630139
530853 630075
530781 630147
530694 630234
530597 630331
530785 630143
531030 629898
530764 630164
530683 630245
530794 630134
530898 630030
531010 629918
530650 630278
530896 630032
530672 630256
530940 629988
530611 630317
530928 630000
530607 630321
530773 630155
531024 629904
530974 629954
530834 630094
530839 630089
530874 630054
530763 630165
530725 630203
530689 630239
530823 630105
530926 630002
530793 630135
530733 630195
530773 630155
530845 630083
530850 630078
530828 630100
530906 630022
530987 629941
