561797 667131
561705 667223
561805 667123
561716 667212
561907 667021
561844 667084
561844 667084
561667 667261
561655 667273
561700 667228
561739 667189
561783 667145
561858 667070
562032 666896
561824 667104
561874 667054
561798 667130
561757 667171
561862 667066
561786 667142
561786 667142
561641 667287
561598 667330
561706 667222
561836 667092
561804 667124
561960 666968
561852 667076
561868 667060
561883 667045
561867 667061
561976 666952
561763 667165
561728 667200
561758 667170
561908 667020
561730 667198
561741 667187
561638 667290
561623 667305
561968 666960
561921 667007
561797 667131
561709 667219
561617 667311
561756 667172
561938 666990
561705 667223
561960 666968
561700 667228
561791 667137
561790 667138
561947 666981
561793 667135
561744 667184
561806 667122
561780 667148
561837 667091
561682 667246
561705 667223
561848 667080
561718 667210
561914 667014
561557 667371
562003 666925
561861 667067
561970 666958
561856 667072
561916 667012
561746 667182
561834 667094
561771 667157
561837 667091
561640 667288
561703 667225
561932 666996
561745 667183
561809 667119
561780 667148
561946 666982
561708 667220
562038 666890
561835 667093
561856 667072
561911 667017
561831 667097
561729 667199
561669 667259
561973 666955
561609 667319
561685 667243
561672 667256
561997 666931
561852 667076
561506 667422
561881 667047
561557 667371
561775 667153
561802 667126
561877 667051
