749192 412323
743360 414324
720705 417015
729544 414225
729375 413631
743096 411216
726040 414135
726930 413430
710652 418401
720747 413883
734450 412488
721815 413640
741468 411366
721020 414069
702957 418140
724048 416562
712592 415410
751962 412923
751125 412500
709519 416190
775341 409620
739567 414012
724181 413520
741756 413544
720644 412956
713411 414777
771249 410754
750033 414174
697990 419958
755256 411801
773438 410694
745280 413904
716427 416646
708067 416250
739128 412326
743234 413610
722083 412305
723876 412794
718838 415107
750675 410286
702811 416805
732450 413931
719724 416208
710979 417090
706198 417609
719075 414639
710579 417408
704610 417237
719453 415623
715775 414648
731431 415824
724397 415164
747893 413961
760414 408684
744707 411207
835174 408207
740516 414159
715636 415218
740382 411828
747679 412275
708611 417048
734416 411765
705921 416967
726398 416595
719406 412560
753492 413811
784843 411654
725048 414036
712515 414444
716393 416043
726482 413328
701029 417666
756010 411336
785512 411435
718142 415863
724265 413580
808449 406947
750700 410691
725978 415224
778676 412872
743892 414957
694200 416967
741550 411234
733799 413409
726069 413184
721294 414531
712241 417120
762154 409602
792551 409833
731109 414456
739003 412998
717715 415518
705093 417813
727113 414549
727105 413901
763999 414717
720720 415257
716159 415713
714243 416838
714315 415770
