718099 850829
718064 850864
718320 850608
718350 850578
718038 850890
718303 850625
718169 850759
718097 850831
717966 850962
718270 850658
717977 850951
718283 850645
718246 850682
718286 850642
718253 850675
718140 850788
718229 850699
718216 850712
718254 850674
718395 850533
718032 850896
717921 851007
718329 850599
718110 850818
718355 850573
718356 850572
718176 850752
717981 850947
718231 850697
718018 850910
718394 850534
718375 850553
718166 850762
718416 850512
718321 850607
717800 851128
717987 850941
718174 850754
718188 850740
718164 850764
718115 850813
718174 850754
718116 850812
718146 850782
718079 850849
718421 850507
718119 850809
718088 850840
718053 850875
718170 850758
718290 850638
718177 850751
718440 850488
718330 850598
718264 850664
718350 850578
718136 850792
718135 850793
718186 850742
718213 850715
718150 850778
718215 850713
718059 850869
718167 850761
718277 850651
718260 850668
718582 850346
718169 850759
718378 850550
718323 850605
718013 850915
717879 851049
718105 850823
718139 850789
718222 850706
718069 850859
718207 850721
718436 850492
718065 850863
718390 850538
718158 850770
717942 850986
718236 850692
718096 850832
718001 850927
718229 850699
718201 850727
718268 850660
718230 850698
717994 850934
718117 850811
718176 850752
718226 850702
718219 850709
718570 850358
718142 850786
718407 850521
717802 851126
718239 850689
717980 850948
