1017078 549966
927063 558267
958967 555843
993903 550689
950143 554403
999370 552552
981497 553515
949351 555933
964165 556989
937640 558351
1009870 551016
1009414 550629
989765 552909
1000267 547740
960273 555216
1187747 544161
994497 550416
967330 553686
952777 556377
930046 559485
946458 556773
1016645 549228
983639 554328
969573 555393
985010 552702
948737 558963
961392 553116
964912 554997
973473 554817
995734 551067
983210 552147
1013776 554766
1007455 549891
990776 548670
974357 552453
973707 550380
990434 551742
954161 557070
968904 551961
957885 554364
969935 552240
1045725 548301
990749 552306
987379 553470
971720 553263
1042186 549165
988247 552732
953046 555738
964406 554028
988393 554550
1066876 546321
1003959 547437
990746 552660
1017002 550503
983108 552009
936105 559116
978244 551967
969131 553734
974178 554673
951082 555975
973293 552642
929926 557442
1009526 552210
1003881 550491
938810 557067
958443 555669
982656 555612
961765 554418
993029 552423
988429 549978
936115 555702
951676 557463
1005264 548499
995311 551820
1029756 544800
985020 551625
963087 555285
1003425 552414
948917 555819
969789 551319
979772 552978
992453 549297
964852 552030
1029979 549267
1020404 548928
1002797 553521
975187 554481
1047094 547023
1043833 549114
981076 552702
984921 553260
1000192 549903
954688 556656
970556 553164
990743 549309
977204 552336
984675 554769
1003122 551241
961469 554631
979293 553674
