327278 181773
343739 179559
311080 183003
348309 180219
312717 183723
340359 180660
330748 180627
314207 183858
320865 181836
313653 183765
326050 181389
336381 181254
350461 179727
311504 184119
317114 182670
320077 182280
323235 182643
306987 184050
333353 183225
322635 182361
322266 182943
340497 182055
315796 182637
307725 185034
331053 182697
314516 183360
317878 182547
335054 182190
307636 183798
315856 182718
313019 183624
308749 183312
307437 184371
332153 181986
331586 181158
319224 181953
324697 182562
327894 181545
329388 181632
320915 182424
305115 184365
314883 183831
330951 181302
310178 183018
305399 183705
307744 185019
316619 182313
326256 182295
330816 181776
339793 179922
337776 180759
328162 181986
336077 181758
317437 182658
314022 183915
316405 183201
308243 183780
314706 184329
322798 182487
320560 182058
331283 182190
303177 184821
328469 182301
321575 182463
332190 181869
367370 180924
316261 184275
316169 184491
324474 182787
322068 182733
305511 184047
328993 181920
334377 181491
316798 184461
316885 183012
321500 182763
328581 182121
327498 181194
318630 182292
318305 183528
317330 183690
327749 182802
325336 182178
322513 182223
335962 180699
307234 183762
329279 181497
312587 184038
321741 182175
323371 182742
322884 181545
316627 182826
315693 183291
315532 183432
328972 182241
316502 183597
312789 183519
313301 183981
328489 183384
315953 183144
