1002343 565035
982783 567171
1039986 562404
963443 570960
970905 568023
978540 566583
1010315 566901
976523 570375
962839 571209
1015061 565263
1076135 556284
968627 570441
1000265 566703
1010450 564492
987411 565800
982399 566394
1025316 565992
970520 570183
1007200 564546
964644 570033
1018601 562827
1006250 563706
1053349 561294
986290 566838
1094719 556980
963750 570567
1028655 563937
990353 568071
1062081 561156
1020253 567015
1089708 555738
1046881 558582
997011 564921
1020377 564414
990463 568248
1003988 563205
1004475 566814
966134 570933
1034327 565083
1007717 563562
1022956 565398
990761 566427
984118 566472
978539 568173
1023990 565335
976422 569403
1021686 563337
968214 569637
980975 568053
996836 566517
1004984 565107
1048188 557130
1000393 566448
979811 567840
1003281 563631
969828 568329
982462 568188
989745 569562
965238 568491
999449 565335
973838 568566
1005665 565734
976604 566319
1010213 567000
1017184 562464
978090 570552
1051767 561480
1102898 559470
1087324 556314
1003332 562578
965748 571245
1010219 565311
953412 571698
978044 567816
987793 565437
1032079 565488
1023027 568851
1013612 560826
985667 570096
1050083 558036
1043443 567171
1018729 563148
1049043 560619
1005564 566775
1078161 560616
981969 566673
1002573 566331
964717 568950
1008068 563037
1004974 568686
968808 568164
978872 567810
989570 564576
970860 568965
992836 567834
978256 568539
1002691 568206
1053396 560871
982085 567711
976877 569127
