378899 451565
378863 451601
378787 451677
378609 451855
378640 451824
378796 451668
378865 451599
378566 451898
378832 451632
378565 451899
378696 451768
378768 451696
378683 451781
378789 451675
378663 451801
378693 451771
378699 451765
378766 451698
378742 451722
378860 451604
378874 451590
378698 451766
378696 451768
378607 451857
378602 451862
378699 451765
378728 451736
378695 451769
378663 451801
378849 451615
378752 451712
378715 451749
378836 451628
378695 451769
378660 451804
378699 451765
378771 451693
378800 451664
378758 451706
378828 451636
378570 451894
378704 451760
378883 451581
378858 451606
378676 451788
378566 451898
378834 451630
378651 451813
378683 451781
378645 451819
378753 451711
378650 451814
378654 451810
378692 451772
378720 451744
378888 451576
378798 451666
378780 451684
378591 451873
378603 451861
378687 451777
378869 451595
378765 451699
378747 451717
378608 451856
378746 451718
378676 451788
378885 451579
378609 451855
378638 451826
378568 451896
378587 451877
378741 451723
378596 451868
378731 451733
378764 451700
378506 451958
378693 451771
378631 451833
378755 451709
378933 451531
378716 451748
378754 451710
378698 451766
378653 451811
378844 451620
378919 451545
378522 451942
378786 451678
378693 451771
378606 451858
378729 451735
378659 451805
378843 451621
378714 451750
378705 451759
378577 451887
378297 452167
378769 451695
378811 451653
