670915 796013
670893 796035
671049 795879
670971 795957
670973 795955
670924 796004
671101 795827
671032 795896
670884 796044
671401 795527
670957 795971
670766 796162
671072 795856
670826 796102
671008 795920
671017 795911
671120 795808
670890 796038
671034 795894
670847 796081
671012 795916
670980 795948
670883 796045
670760 796168
670782 796146
670912 796016
671180 795748
671102 795826
671102 795826
671139 795789
671099 795829
671073 795855
670950 795978
671217 795711
670827 796101
670880 796048
670981 795947
671095 795833
670937 795991
670805 796123
670996 795932
670940 795988
671058 795870
670951 795977
671048 795880
671185 795743
670848 796080
671143 795785
671051 795877
671060 795868
670903 796025
671049 795879
671059 795869
671342 795586
670926 796002
671137 795791
671171 795757
671183 795745
670969 795959
670903 796025
670863 796065
670972 795956
671091 795837
671126 795802
671060 795868
671030 795898
670893 796035
671324 795604
671096 795832
670954 795974
671121 795807
671041 795887
671171 795757
670979 795949
671006 795922
671285 795643
671193 795735
671078 795850
670880 796048
671140 795788
670966 795962
671051 795877
671214 795714
671050 795878
671052 795876
671185 795743
671036 795892
670942 795986
670917 796011
671086 795842
670988 795940
671133 795795
671041 795887
670826 796102
671049 795879
671111 795817
671200 795728
670824 796104
671062 795866
671228 795700
