798085 452571
771004 455478
787133 453978
799390 451233
786531 452100
878920 447570
791293 453135
847270 450006
804222 449706
791065 451665
799137 450345
862761 448974
806499 452469
794755 454959
799878 452001
782045 453291
826517 449487
795721 452592
850946 449559
779817 454062
790528 454665
814938 448230
768350 455121
786532 450981
777709 453363
800572 452304
794876 452016
764161 454788
801006 451569
802610 451407
849768 448029
788201 452286
775462 452727
803243 451224
766502 454362
830618 448569
792515 453300
772201 455286
796472 454548
802297 448866
769103 454398
817959 449316
861289 447603
773471 455043
792212 453438
779117 453765
767629 454974
850402 445560
803400 449508
790410 451677
796441 452337
779182 453042
801245 452118
790276 451803
769704 454680
795646 451854
821556 449739
772809 454506
833123 446049
790246 451356
755317 456405
762236 456561
835124 448341
801741 450996
795434 451650
805450 451803
810266 449634
804429 450423
772277 454098
766947 456636
825362 449832
765563 455460
818788 448911
785719 452052
778179 453375
787015 452139
831514 449208
783732 451914
782416 452727
819683 452031
806151 448419
775868 455094
799582 452385
796679 453192
812881 449415
769615 456033
807327 448974
793833 451179
846527 446388
825839 448539
784282 451476
860255 448533
796374 450246
784097 451566
765569 454815
776424 453084
799395 450225
822107 451341
793656 452343
767199 453834
