363930 434534
363869 434595
363745 434719
363849 434615
363795 434669
364005 434459
363950 434514
363849 434615
363861 434603
363915 434549
363877 434587
363855 434609
363711 434753
363731 434733
363861 434603
363868 434596
363949 434515
363708 434756
363883 434581
363822 434642
363700 434764
363744 434720
363957 434507
363642 434822
363852 434612
363790 434674
363864 434600
363901 434563
363762 434702
363762 434702
363796 434668
363935 434529
363907 434557
363839 434625
363864 434600
363805 434659
363713 434751
363783 434681
363916 434548
363772 434692
363890 434574
363785 434679
363864 434600
363795 434669
363998 434466
363843 434621
363789 434675
363672 434792
363617 434847
363810 434654
363893 434571
363786 434678
363976 434488
363823 434641
363748 434716
363837 434627
363773 434691
363738 434726
363848 434616
363769 434695
363844 434620
363588 434876
363814 434650
363715 434749
363915 434549
363789 434675
363872 434592
363810 434654
363706 434758
363810 434654
363873 434591
363768 434696
363677 434787
363691 434773
363674 434790
363794 434670
363625 434839
363807 434657
363644 434820
363759 434705
363787 434677
363831 434633
363930 434534
363971 434493
363883 434581
363928 434536
363784 434680
363723 434741
363915 434549
363779 434685
363835 434629
363819 434645
363824 434640
363854 434610
363855 434609
363632 434832
363806 434658
363732 434732
363692 434772
363715 434749
