592829 704099
592941 703987
593191 703737
592946 703982
593189 703739
592986 703942
592922 704006
592935 703993
593142 703786
592891 704037
592967 703961
592979 703949
593015 703913
593217 703711
593005 703923
592907 704021
592942 703986
593086 703842
592978 703950
592922 704006
592914 704014
592726 704202
593017 703911
592811 704117
592928 704000
592941 703987
592776 704152
592920 704008
592908 704020
592817 704111
592996 703932
592860 704068
592594 704334
592954 703974
593118 703810
592957 703971
592873 704055
592904 704024
592985 703943
592723 704205
592858 704070
592757 704171
592938 703990
592933 703995
593048 703880
592949 703979
592961 703967
592996 703932
593208 703720
593058 703870
593007 703921
593156 703772
592979 703949
592935 703993
592729 704199
593195 703733
592827 704101
592687 704241
593023 703905
592970 703958
592822 704106
592580 704348
592938 703990
592818 704110
592777 704151
592881 704047
593060 703868
592950 703978
592987 703941
592846 704082
592905 704023
592852 704076
593087 703841
592837 704091
592897 704031
592855 704073
592747 704181
592932 703996
592964 703964
592954 703974
592889 704039
592996 703932
593073 703855
592759 704169
592982 703946
592893 704035
593128 703800
592722 704206
592822 704106
593024 703904
593185 703743
592885 704043
592715 704213
592752 704176
592821 704107
593027 703901
592961 703967
592773 704155
593045 703883
592802 704126
