816486 463383
798152 464847
808491 466161
783045 465579
825158 462615
817206 462405
844597 463152
827530 462492
803811 466410
778498 470115
834822 464352
828470 462210
811973 464190
815327 465579
810057 463734
842882 460680
837176 463239
813225 465108
797856 466323
815760 463323
861149 460494
822342 461556
803990 465315
805649 465993
862577 457890
799081 465180
783630 469410
800105 465717
847132 462615
849786 458133
846184 461586
864086 457314
833068 464061
824218 466119
796837 465012
804223 465825
814649 466581
833006 464547
805820 466398
816539 464283
802821 466629
860749 461715
799652 466521
821329 465339
788852 467301
859163 461880
787028 466926
842023 462591
800247 466755
831020 464349
823700 467064
839629 461634
805659 466287
804493 466026
802472 466743
801581 465789
875181 461715
840397 461961
795990 466770
785202 467700
820045 464517
851895 462534
828491 463146
787259 467283
799887 465987
843995 464991
805411 464949
835036 461706
840004 461787
826876 460833
851959 461208
831838 462585
813124 468030
802096 466713
811762 465642
833431 461550
861018 459945
819283 464973
802737 467856
778645 468456
813407 464145
826144 463035
802430 468462
825017 463194
805814 465177
819447 464100
883819 456387
788167 468342
841111 461514
807948 465351
810523 465297
791269 467592
847739 464145
817862 462357
802665 466377
821993 463800
809782 463701
786821 467991
796191 467331
854275 460497
