577308 685620
577110 685818
577490 685438
577073 685855
577388 685540
577083 685845
577528 685400
577133 685795
577202 685726
577191 685737
577370 685558
577189 685739
577356 685572
577302 685626
577414 685514
577035 685893
577304 685624
577280 685648
577024 685904
577444 685484
577315 685613
577305 685623
577501 685427
577462 685466
577401 685527
577297 685631
577236 685692
577359 685569
577263 685665
577386 685542
577336 685592
577278 685650
577172 685756
577385 685543
577458 685470
577170 685758
577142 685786
577283 685645
577134 685794
577213 685715
577457 685471
577262 685666
577195 685733
577390 685538
577273 685655
577544 685384
577385 685543
577284 685644
577266 685662
577266 685662
577388 685540
577108 685820
577355 685573
577257 685671
577407 685521
577126 685802
577308 685620
577353 685575
577459 685469
577247 685681
577318 685610
577179 685749
577403 685525
577279 685649
577387 685541
577271 685657
577239 685689
577208 685720
577153 685775
577228 685700
577380 685548
577240 685688
577210 685718
577287 685641
577293 685635
577328 685600
577485 685443
577573 685355
577395 685533
577325 685603
577350 685578
577139 685789
577376 685552
577250 685678
577436 685492
577261 685667
577275 685653
577139 685789
577287 685641
577235 685693
577469 685459
577237 685691
577228 685700
577605 685323
577412 685516
577185 685743
577341 685587
577114 685814
577284 685644
577356 685572
