936614 514446
942622 511185
963094 512868
936484 513726
895491 517383
920519 513339
906203 514254
890807 517836
924882 517554
931876 512061
899468 515361
909918 515913
905691 518196
904995 516432
879595 518907
922107 513084
893535 514743
904034 517479
924840 513780
939300 515064
961992 510717
892394 516504
1033451 506841
932002 511470
1034734 506655
897642 518544
887487 517296
903918 517014
1005071 508635
927032 513003
881712 517740
909381 513003
900326 516321
900386 513543
940398 515292
938517 512265
892358 517509
949278 509712
954365 511614
902133 517122
985248 506949
910445 516279
906050 513918
939564 512814
909086 516570
887440 518862
877120 517611
923223 514716
908420 514725
894065 516258
937199 512286
968207 512718
864691 520425
910515 515562
895392 516069
914824 517095
957436 511830
943948 513534
911378 516225
892992 516909
887823 517458
906036 513705
949287 509727
916570 517245
923446 512523
908703 515034
885230 517062
948135 512094
872904 519330
932942 514041
953646 509433
891129 519957
953720 514962
896550 516678
915635 513609
887172 517569
903151 515874
917836 511398
876277 519135
923137 514617
914055 513363
950741 509001
875344 518331
877334 518229
895620 515184
927858 516021
917063 515289
934348 512007
965415 510654
999631 510201
891337 517575
930028 513846
920820 512226
902146 516090
895532 516624
899912 514347
923660 514899
902616 516099
887206 516582
876035 518946
