484573 574355
484489 574439
484420 574508
484672 574256
484501 574427
484367 574561
484458 574470
484624 574304
484473 574455
484392 574536
484460 574468
484566 574362
484537 574391
484578 574350
484466 574462
484484 574444
484413 574515
484434 574494
484437 574491
484303 574625
484391 574537
484467 574461
484393 574535
484439 574489
484611 574317
484606 574322
484583 574345
484592 574336
484601 574327
484324 574604
484549 574379
484367 574561
484560 574368
484584 574344
484494 574434
484615 574313
484410 574518
484468 574460
484486 574442
484363 574565
484212 574716
484396 574532
484507 574421
484488 574440
484543 574385
484743 574185
484558 574370
484274 574654
484516 574412
484410 574518
484408 574520
484713 574215
484601 574327
484521 574407
484629 574299
484407 574521
484417 574511
484461 574467
484492 574436
484488 574440
484561 574367
484595 574333
484449 574479
484338 574590
484220 574708
484455 574473
484558 574370
484308 574620
484465 574463
484407 574521
484383 574545
484423 574505
484409 574519
484495 574433
484422 574506
484600 574328
484555 574373
484776 574152
484634 574294
484559 574369
484605 574323
484549 574379
484424 574504
484558 574370
484368 574560
484441 574487
484511 574417
484637 574291
484510 574418
484572 574356
484532 574396
484474 574454
484637 574291
484556 574372
484529 574399
484503 574425
484496 574432
484392 574536
484436 574492
484549 574379
