967032 540648
997272 541590
934521 541629
939520 539862
1010965 536334
931289 542442
958536 538983
961301 540018
928673 544368
943157 544227
991608 534813
993232 537894
970764 538047
1018545 533994
931528 543939
949637 539637
996204 535164
982847 536103
985606 536685
947029 541893
979746 537543
910902 546612
952698 541113
924341 542880
925082 544836
953367 540060
928436 542772
954168 537612
939071 541851
960602 538602
948948 541230
948044 541332
966364 539010
941331 540783
1001226 534600
945891 541347
991796 538905
945232 539454
977999 536508
984331 537789
961176 542220
956966 537738
942417 542187
938104 542580
980737 540945
1030378 534414
928390 543039
935936 543270
991641 538836
1005063 531375
995780 536289
1007566 534858
978458 536895
924279 543381
1021688 533325
949457 541485
935310 544446
977322 537480
962231 540456
958943 540249
926398 542835
929941 543189
971539 537606
926560 542463
932450 544005
887290 550950
907495 546945
933571 543591
960022 538518
916882 543312
983378 536958
939101 541134
956797 540495
943684 540753
956972 542409
990626 537618
940189 539700
925593 544509
939253 544068
938232 542727
978654 537078
950039 542157
995177 535254
943570 542577
969817 540171
987795 539793
949856 541365
933992 543180
909700 545964
946818 540615
988067 537084
989607 539325
931354 541620
937701 540159
963109 539277
1007645 536052
936841 546072
1001457 537690
970755 539436
923231 543222
