45916 27159
49532 26640
51341 26646
45497 26811
48242 26883
47112 27027
46133 27171
46379 26838
44997 26997
45184 27285
47378 27063
46264 27189
46107 27168
48161 26859
45961 27129
44586 27291
45310 26904
47645 26730
43751 27531
48534 26775
45715 27099
43601 27219
44678 27063
45703 27273
48093 27174
46425 27108
44285 27084
48414 26850
47181 27180
45314 27030
47232 27063
49699 26508
50236 26763
46524 27156
44413 27258
47812 27060
48083 26859
46802 26832
43412 27432
46757 26889
45531 27156
48400 26661
46023 26901
50335 26763
46970 27144
44710 27081
44663 27159
50410 26751
46153 27168
48122 26946
46470 27264
45030 26964
44160 27006
46956 26793
45482 27180
44610 27357
44823 27120
48204 26793
51562 26421
49536 26544
47868 26637
45872 26790
48055 26787
45468 27045
45470 26964
44447 27009
48429 26724
45813 27207
47942 26778
45594 27099
45709 27009
44109 27219
46718 26847
44366 27210
53195 26775
44559 27075
45035 27096
45979 26691
44460 27306
43868 27399
44197 27204
48575 26712
46243 27081
48687 27045
45977 27039
43240 27276
46310 26796
46190 27159
45698 27108
45127 27189
46751 27030
45335 26844
49078 26715
48741 26730
43829 27306
45678 27030
47909 26964
47968 26904
44013 27153
44848 27069
