134004 163228
134035 163197
133977 163255
134009 163223
134031 163201
133914 163318
134015 163217
134024 163208
133955 163277
134038 163194
133955 163277
133979 163253
134000 163232
134008 163224
134124 163108
134028 163204
134113 163119
134073 163159
134125 163107
134048 163184
134107 163125
134019 163213
133993 163239
133995 163237
133943 163289
134011 163221
133999 163233
134068 163164
133965 163267
134111 163121
133943 163289
134027 163205
134100 163132
134044 163188
134004 163228
133963 163269
134000 163232
134050 163182
134018 163214
134070 163162
134068 163164
134070 163162
133923 163309
133946 163286
133943 163289
134017 163215
134056 163176
134055 163177
134008 163224
134100 163132
134032 163200
134009 163223
134113 163119
134044 163188
134079 163153
134062 163170
133972 163260
134077 163155
133970 163262
134006 163226
134063 163169
134087 163145
134051 163181
133976 163256
133989 163243
134148 163084
134063 163169
134037 163195
134017 163215
133936 163296
133977 163255
134047 163185
133963 163269
133965 163267
134070 163162
133940 163292
134126 163106
133974 163258
134002 163230
134076 163156
134004 163228
134007 163225
133993 163239
134106 163126
134097 163135
134052 163180
134063 163169
134106 163126
133978 163254
134004 163228
134009 163223
134087 163145
134096 163136
134071 163161
134109 163123
134114 163118
134086 163146
133982 163250
134080 163152
134092 163140
