304662 365802
304631 365833
304733 365731
304604 365860
304640 365824
304740 365724
304790 365674
304722 365742
304622 365842
304636 365828
304780 365684
304772 365692
304636 365828
304587 365877
304616 365848
304724 365740
304656 365808
304743 365721
304819 365645
304595 365869
304522 365942
304867 365597
304674 365790
304777 365687
304638 365826
304524 365940
304710 365754
304665 365799
304818 365646
304646 365818
304728 365736
304810 365654
304506 365958
304600 365864
304635 365829
304800 365664
304565 365899
304702 365762
304778 365686
304768 365696
304710 365754
304941 365523
304693 365771
304682 365782
304789 365675
304556 365908
304725 365739
304626 365838
304639 365825
304754 365710
304752 365712
304687 365777
304729 365735
304627 365837
304616 365848
304631 365833
304769 365695
304835 365629
304857 365607
304773 365691
304642 365822
304549 365915
304815 365649
304769 365695
304666 365798
304772 365692
304658 365806
304757 365707
304708 365756
304643 365821
304617 365847
304585 365879
304597 365867
304781 365683
304564 365900
304824 365640
304613 365851
304644 365820
304749 365715
304652 365812
304742 365722
304527 365937
304632 365832
304734 365730
304494 365970
304796 365668
304578 365886
304880 365584
304665 365799
304591 365873
304761 365703
304549 365915
304723 365741
304717 365747
304667 365797
304819 365645
304577 365887
304592 365872
304540 365924
304543 365921
