549825 329868
556298 329169
560968 327645
561445 329298
580967 326559
602343 328107
564289 329055
572437 329991
571725 326772
558134 329472
580458 326673
577317 327936
580508 325689
566146 328569
563877 328977
566454 328140
557177 329676
588406 326331
584902 327234
594430 328248
568043 326751
576545 327408
570386 327210
576723 328431
596068 325509
610233 326040
581049 327708
570786 328386
567982 330222
568694 327849
568646 327282
578082 326952
570326 328482
578046 325110
564275 327933
571189 327765
567447 328656
587912 325452
611552 323370
564055 329817
562263 328335
591497 325605
571053 327753
566699 327795
572398 328155
569683 327333
570755 327315
569051 330597
569724 327393
557765 330027
565479 327927
579313 325038
574555 326817
621289 323934
561035 329880
587020 324708
580280 326406
579570 327450
568426 326976
563962 327666
558071 328803
566188 327144
577864 326265
573129 326346
591351 326697
578597 326013
553502 329862
567229 327429
564291 328152
581909 324831
580919 326568
602114 325533
588318 325554
565684 329052
612267 323001
591654 324492
563697 327792
573519 328302
567425 327150
591184 326466
583899 325143
551259 329472
621132 324150
607192 324405
574231 326013
597965 327762
579637 327885
562514 330408
589006 325176
560320 328851
603506 325218
577952 326736
557549 329355
552199 329553
563003 329298
553279 330435
561926 329100
566168 327003
579057 326058
556940 328677
