335700 194340
331548 195396
361440 191874
363609 192129
339620 194979
342540 194442
340578 193983
341613 195891
334547 196353
366656 191535
353066 192849
334304 194961
334816 196038
354574 193077
342039 195201
332934 194859
327799 195018
356473 192633
341434 194457
341576 194328
330922 195816
339810 193908
332305 195345
354531 194322
328551 195504
330938 195372
344598 193278
398068 190164
334848 195588
346615 193086
331284 195564
354758 193800
336713 195675
337890 195576
345598 193857
332775 195333
335378 194739
357688 192057
339184 194496
333054 194892
328408 195003
339838 194970
345502 194076
351878 192240
333780 194940
336587 195099
345567 194031
357357 192855
333549 194892
337078 194985
358555 192999
336951 195492
347679 193875
332640 195039
342408 195120
334740 195357
342270 194952
359002 191508
332946 195096
345890 194547
333581 195489
350994 192780
344126 195192
343705 195042
346047 195192
333999 194760
342302 193731
336223 194454
340500 194967
358342 193149
317861 197589
343423 193629
353841 192741
333775 195297
333756 196095
334017 195072
343322 194451
345051 193599
332325 194961
337403 194649
350843 194187
336810 195726
348969 193245
337400 195978
354416 192564
346025 193905
354654 193698
328786 195576
341413 194136
368102 190929
337579 194796
337910 194670
334789 194700
339669 194619
343068 194409
320523 195861
338677 194403
333271 195000
344522 193791
355492 194112
