697598 401922
715371 398787
706621 399525
722282 399150
723194 398037
757274 395850
727236 399237
704313 404790
696115 402825
680545 404949
704299 401943
718321 401343
681567 405108
727576 401430
715170 400152
729129 399432
692816 404961
690872 404307
692525 404898
728257 399969
694876 403479
706245 400584
695252 403854
724729 398133
703656 403788
715935 401658
718680 401751
713953 400695
711703 400941
682477 404202
699619 401106
683575 405198
670133 406398
718694 399444
715476 401790
696839 401814
684955 404796
705727 404604
701207 401526
772468 394578
706452 402078
801132 393711
697966 402171
767863 397353
719143 401946
707309 399195
686948 403662
720946 399810
697079 402207
734628 397140
722205 401019
704962 403419
734387 397197
702101 403221
713869 402321
726944 400815
703852 401751
683971 404382
705536 401757
795730 391347
691719 403752
693234 402279
687193 403323
702954 402258
703810 400776
719432 399024
730985 396129
736955 397518
734118 399690
697344 401520
698017 403815
724071 400170
674204 405096
717320 401388
696918 402672
699107 401910
708555 401571
682156 404976
701357 403479
691353 403917
708797 403536
682383 403428
688634 405762
715219 400893
702092 401667
697872 402201
734183 400377
731551 397944
704444 400044
717663 402384
735097 401622
711139 401313
694139 403209
719273 401523
734189 399561
700026 402717
735666 398505
688003 404835
738007 398967
697612 401019
