290012 348452
289991 348473
289978 348486
290093 348371
290279 348185
290067 348397
289894 348570
290145 348319
290121 348343
290041 348423
289957 348507
290088 348376
290184 348280
290042 348422
289988 348476
290103 348361
290023 348441
290001 348463
290160 348304
289967 348497
290041 348423
290073 348391
289967 348497
290067 348397
290138 348326
289800 348664
290216 348248
290164 348300
290089 348375
290107 348357
289983 348481
290097 348367
290109 348355
289953 348511
289999 348465
289981 348483
290037 348427
289804 348660
290203 348261
289908 348556
290161 348303
290057 348407
290130 348334
290143 348321
290014 348450
289901 348563
290054 348410
289850 348614
290162 348302
290158 348306
290169 348295
290050 348414
289902 348562
290061 348403
289884 348580
290081 348383
290072 348392
290125 348339
290090 348374
289969 348495
290164 348300
290101 348363
290131 348333
290094 348370
290121 348343
289841 348623
290124 348340
289897 348567
290199 348265
290061 348403
289929 348535
290271 348193
289937 348527
290087 348377
290118 348346
289950 348514
290021 348443
289904 348560
290160 348304
290150 348314
289974 348490
290054 348410
289984 348480
290106 348358
290055 348409
290099 348365
290018 348446
289990 348474
290227 348237
290156 348308
290057 348407
290187 348277
289936 348528
290110 348354
289914 348550
290173 348291
290089 348375
290149 348315
290136 348328
289998 348466
