277288 159057
276101 159957
266833 159885
277267 159498
276883 159522
283551 159216
284948 158610
284353 160050
287040 159297
286542 159033
286791 158172
269073 160131
270306 159789
283908 159246
277075 158421
281662 159291
276882 158631
282032 159309
266485 161025
285161 157908
274056 159945
273803 160326
271437 159978
284435 158970
286236 158850
278492 159072
296277 158832
276546 159243
290835 158592
279737 159711
267823 161355
270239 160629
275522 160086
293427 157599
281511 158103
268645 160161
276949 159756
268989 160605
279711 159372
284620 159633
278026 159240
285314 158886
274413 159675
281761 159885
277661 159060
270793 160071
271212 160155
266086 161733
263569 161565
276176 160992
263978 161262
267677 160374
294177 158706
283284 157749
265774 161286
286816 157968
276562 159753
272441 159594
292420 157374
278665 159693
276495 159651
273641 159300
277972 158997
276234 160257
288095 159126
276809 158313
275982 159936
296047 159573
285450 158499
273627 159888
273639 159576
284061 158157
285584 159249
278539 159021
289706 158982
267625 160701
274204 159447
276413 160080
283489 159012
273821 160101
284234 158445
288494 156828
283305 159225
271883 159216
276603 159468
292787 158460
290961 158346
276074 159678
275953 160260
278933 159042
272617 161091
287696 157803
302454 156981
275971 159618
271350 159402
268855 160422
274282 159834
289399 157854
273105 160002
272114 160506
