600862 338937
583266 340311
579514 341313
584271 341811
659886 332160
597335 339093
628004 336819
573357 342492
599906 338115
655038 334605
587886 340656
604680 338502
571258 343683
576232 342021
602934 340416
613326 337737
612860 339117
584395 342045
648008 338421
588591 339744
608752 337821
581661 341727
595730 339339
603925 339504
599185 340917
601390 338436
586954 341346
632716 335922
598646 339165
578326 341781
602970 337125
585117 341478
578633 340770
587220 341442
622636 335232
566490 343521
601025 338502
579548 341823
593110 341100
612652 338358
613912 338457
596072 339855
594140 339975
587298 340074
590211 340158
588911 343314
636624 336588
587151 341007
590997 338943
635150 337593
601078 338814
612668 337632
586474 342153
602264 339951
584080 341895
596431 337872
610300 338157
581838 341994
594039 340530
581453 341145
580472 341610
600695 340233
635202 336201
595234 339930
579036 341973
593777 338598
617544 338124
635577 336927
590598 340863
599752 337983
608225 338559
609499 338493
584002 341328
587253 342270
585799 342144
592552 339264
593059 340389
593723 339489
578647 340236
641415 336546
623798 337236
649353 335664
591422 339942
632505 337788
591209 339780
586998 342330
581194 341415
600355 337371
643509 335304
586767 341676
595964 338700
585999 343326
607451 338142
622888 338172
649651 335910
588968 340173
617304 337467
609235 341199
595276 337320
620398 336705
