55302 68314
55264 68352
55256 68360
55188 68428
55200 68416
55103 68513
55228 68388
55180 68436
55229 68387
55219 68397
55325 68291
55127 68489
55245 68371
55242 68374
55178 68438
55200 68416
55246 68370
55198 68418
55301 68315
55216 68400
55159 68457
55250 68366
55264 68352
55185 68431
55248 68368
55179 68437
55264 68352
55222 68394
55218 68398
55229 68387
55213 68403
55211 68405
55295 68321
55232 68384
55213 68403
55271 68345
55291 68325
55267 68349
55231 68385
55208 68408
55281 68335
55271 68345
55179 68437
55275 68341
55265 68351
55154 68462
55170 68446
55213 68403
55309 68307
55202 68414
55285 68331
55298 68318
55261 68355
55339 68277
55220 68396
55188 68428
55169 68447
55299 68317
55192 68424
55210 68406
55217 68399
55235 68381
55197 68419
55177 68439
55211 68405
55198 68418
55288 68328
55298 68318
55251 68365
55255 68361
55123 68493
55220 68396
55268 68348
55337 68279
55176 68440
55204 68412
55131 68485
55237 68379
55236 68380
55250 68366
55141 68475
55235 68381
55253 68363
55258 68358
55190 68426
55366 68250
55221 68395
55198 68418
55233 68383
55191 68425
55217 68399
55249 68367
55322 68294
55281 68335
55249 68367
55205 68411
55243 68373
55208 68408
55253 68363
55218 68398
