246399 296065
246374 296090
246385 296079
246383 296081
246365 296099
246452 296012
246429 296035
246307 296157
246459 296005
246342 296122
246359 296105
246463 296001
246470 295994
246495 295969
246441 296023
246644 295820
246433 296031
246324 296140
246527 295937
246437 296027
246488 295976
246352 296112
246245 296219
246551 295913
246415 296049
246435 296029
246344 296120
246349 296115
246268 296196
246413 296051
246491 295973
246516 295948
246323 296141
246378 296086
246466 295998
246394 296070
246429 296035
246372 296092
246504 295960
246467 295997
246418 296046
246346 296118
246415 296049
246347 296117
246383 296081
246435 296029
246303 296161
246232 296232
246276 296188
246353 296111
246390 296074
246481 295983
246336 296128
246391 296073
246231 296233
246321 296143
246282 296182
246461 296003
246514 295950
246386 296078
246441 296023
246632 295832
246332 296132
246237 296227
246344 296120
246373 296091
246491 295973
246358 296106
246448 296016
246427 296037
246241 296223
246391 296073
246449 296015
246366 296098
246420 296044
246384 296080
246398 296066
246369 296095
246258 296206
246580 295884
246378 296086
246450 296014
246505 295959
246390 296074
246397 296067
246290 296174
246431 296033
246470 295994
246274 296190
246516 295948
246370 296094
246410 296054
246478 295986
246301 296163
246587 295877
246502 295962
246504 295960
246344 296120
246393 296071
246437 296027
