438657 519807
438723 519741
438604 519860
438368 520096
438396 520068
438470 519994
438450 520014
438457 520007
438724 519740
438339 520125
438625 519839
438588 519876
438534 519930
438657 519807
438642 519822
438525 519939
438452 520012
438460 520004
438579 519885
438621 519843
438529 519935
438532 519932
438458 520006
438581 519883
438613 519851
438452 520012
438342 520122
438617 519847
438577 519887
438681 519783
438629 519835
438516 519948
438373 520091
438479 519985
438330 520134
438517 519947
438534 519930
438471 519993
438519 519945
438664 519800
438474 519990
438600 519864
438476 519988
438586 519878
438656 519808
438458 520006
438668 519796
438634 519830
438501 519963
438547 519917
438718 519746
438615 519849
438634 519830
438581 519883
438558 519906
438739 519725
438634 519830
438651 519813
438722 519742
438647 519817
438458 520006
438460 520004
438591 519873
438621 519843
438466 519998
438627 519837
438626 519838
438632 519832
438478 519986
438745 519719
438583 519881
438510 519954
438600 519864
438565 519899
438684 519780
438631 519833
438558 519906
438468 519996
438479 519985
438588 519876
438592 519872
438625 519839
438463 520001
438582 519882
438696 519768
438594 519870
438426 520038
438386 520078
438615 519849
438557 519907
438582 519882
438417 520047
438683 519781
438704 519760
438672 519792
438598 519866
438402 520062
438541 519923
438432 520032
438549 519915
