147620 179612
147644 179588
147689 179543
147611 179621
147693 179539
147694 179538
147695 179537
147684 179548
147729 179503
147679 179553
147637 179595
147734 179498
147662 179570
147660 179572
147657 179575
147614 179618
147719 179513
147632 179600
147606 179626
147597 179635
147626 179606
147654 179578
147754 179478
147555 179677
147531 179701
147726 179506
147628 179604
147689 179543
147762 179470
147680 179552
147707 179525
147606 179626
147559 179673
147626 179606
147599 179633
147721 179511
147763 179469
147491 179741
147607 179625
147719 179513
147665 179567
147648 179584
147660 179572
147782 179450
147623 179609
147645 179587
147719 179513
147645 179587
147729 179503
147643 179589
147673 179559
147697 179535
147683 179549
147659 179573
147671 179561
147613 179619
147714 179518
147603 179629
147757 179475
147842 179390
147650 179582
147780 179452
147710 179522
147671 179561
147588 179644
147706 179526
147680 179552
147657 179575
147691 179541
147656 179576
147680 179552
147584 179648
147551 179681
147678 179554
147566 179666
147695 179537
147679 179553
147688 179544
147655 179577
147692 179540
147663 179569
147680 179552
147714 179518
147766 179466
147667 179565
147752 179480
147672 179560
147570 179662
147653 179579
147708 179524
147594 179638
147722 179510
147616 179616
147791 179441
147604 179628
147698 179534
147758 179474
147621 179611
147766 179466
147631 179601
