507844 290598
518891 288531
514144 292422
499042 291261
531494 287907
511183 289491
507761 291282
511190 290328
567195 285405
504700 292572
517610 288141
496648 292677
504090 291378
517775 289629
495341 292821
501068 291498
509856 290976
525374 289296
511875 290202
488771 292704
508896 291717
550074 288522
485005 293592
513204 290898
536308 286305
516470 290508
521296 289419
493776 292059
554239 289182
498460 292275
511064 289845
518252 288444
517201 290919
519902 290127
535176 291711
495709 292278
507814 290421
486275 293205
519251 289551
505525 292308
528826 287547
506097 289965
528361 289464
497271 293235
493859 291888
515420 291189
515699 290766
495806 291330
506904 291666
493916 292659
496033 291627
496654 292077
489861 292866
499260 293091
528768 290334
504380 292815
507668 291924
499682 290727
499312 291792
526530 286458
500519 290751
512610 289413
495808 291045
512080 289071
503993 291633
533821 288774
499736 292389
508401 289689
487289 293835
498585 291432
531895 288735
525095 288615
534942 287628
527427 291318
502995 289497
504443 291981
501590 292605
500976 292851
505785 290361
506277 290118
498194 291024
510045 290952
497562 291204
515728 288444
517165 289242
493741 292830
513763 291243
520259 290064
504976 291489
496367 292848
552380 285954
525673 289158
487242 292776
503407 288816
506468 290535
508444 289293
501521 290541
499611 292293
517934 292155
482596 293934
