161542 195690
161408 195824
161588 195644
161416 195816
161537 195695
161514 195718
161478 195754
161389 195843
161371 195861
161564 195668
161543 195689
161545 195687
161550 195682
161505 195727
161602 195630
161473 195759
161424 195808
161465 195767
161456 195776
161529 195703
161450 195782
161623 195609
161317 195915
161574 195658
161491 195741
161589 195643
161517 195715
161488 195744
161310 195922
161610 195622
161452 195780
161457 195775
161484 195748
161489 195743
161505 195727
161487 195745
161537 195695
161434 195798
161497 195735
161500 195732
161530 195702
161479 195753
161531 195701
161484 195748
161455 195777
161492 195740
161501 195731
161493 195739
161533 195699
161505 195727
161432 195800
161483 195749
161494 195738
161582 195650
161409 195823
161339 195893
161509 195723
161493 195739
161354 195878
161451 195781
161517 195715
161447 195785
161513 195719
161537 195695
161494 195738
161585 195647
161510 195722
161499 195733
161444 195788
161465 195767
161508 195724
161526 195706
161379 195853
161496 195736
161532 195700
161415 195817
161426 195806
161514 195718
161573 195659
161348 195884
161460 195772
161607 195625
161403 195829
161431 195801
161365 195867
161441 195791
161447 195785
161493 195739
161395 195837
161570 195662
161511 195721
161430 195802
161473 195759
161352 195880
161398 195834
161516 195716
161466 195766
161389 195843
161417 195815
161524 195708
