80561 47595
79095 47664
81531 48009
81379 48102
82920 47691
79112 47955
84313 47319
84204 47337
80372 47478
86748 46824
85344 47070
79710 48012
81836 47598
80360 47577
82170 47274
77738 48075
81065 47604
82658 47379
88579 47247
80957 47046
79745 47586
89672 46923
82040 47685
80584 47949
81569 47967
81783 47457
81950 47610
85062 47355
86768 47487
80235 47517
78227 48198
83555 47049
84080 47223
79110 47907
85470 47397
81068 47892
82512 47640
78431 48231
78830 48024
77902 47781
81660 48000
85661 47700
79291 47811
80069 47997
81869 48045
81975 47952
84430 47397
85211 47415
82506 47325
79867 47643
82814 47817
79236 47724
78348 48108
81081 47856
84206 47520
80332 47526
80358 47592
79835 48024
80136 47517
78689 48117
79600 47637
86937 47223
76277 48150
85850 47337
80572 47703
83302 47589
87871 47487
80104 47346
81398 47664
80779 47934
82564 47433
81180 47538
83322 47883
82290 47742
82676 47955
85425 47277
82546 47268
81791 47568
78321 47880
92954 46830
82910 47724
81438 47490
84151 47148
86172 47658
81146 48015
87335 47361
87948 47001
80420 47607
83621 47061
91913 47088
85370 47502
83239 47481
83595 47448
77593 47904
79232 48207
81477 47865
77079 48129
83961 47562
80324 47955
79549 47949
