193578 113094
207636 113013
199181 112845
195777 113268
209630 112827
188886 114252
198208 114054
208855 111756
195663 113442
200163 112506
198449 112905
193797 113139
202867 113658
201813 112563
194298 113310
205556 112791
197258 112548
201533 113169
209626 111618
194850 113685
202154 112305
193608 113796
187250 114585
195810 113460
196612 113871
202794 113181
194261 114105
182139 116010
197222 113919
192830 113697
196926 113229
205865 112479
202016 113028
194964 113925
212068 111681
196263 113040
215265 111411
191387 115086
205846 113586
191893 114852
196509 113463
195201 113676
188390 114564
193878 113958
187996 114276
199738 113616
189949 114144
194959 113565
195153 113295
211977 111987
201665 113364
198371 113580
201443 113463
209691 111555
210661 112341
195380 113361
208556 112368
232660 110715
198743 113631
211199 111798
211514 112221
201700 112539
190537 114030
206208 112998
189259 114495
195293 113493
193436 113664
201016 112104
194894 113478
187498 114780
189451 113985
190720 113796
191045 114429
194615 114093
204228 112098
196619 113607
191286 113877
217791 111852
205494 112689
190989 114312
195584 113877
204588 112779
207730 111948
200777 112896
192533 113844
199051 114033
202951 112683
208409 112218
197913 113418
194399 114000
188042 114852
193664 114726
197925 113151
207089 113301
188445 114498
190038 114174
201054 113583
186457 114384
194124 114285
194348 113238
