333935 400529
333992 400472
334137 400327
334112 400352
333987 400477
334096 400368
334192 400272
334076 400388
334190 400274
333976 400488
334157 400307
334081 400383
334060 400404
334113 400351
333989 400475
333993 400471
334060 400404
334219 400245
334127 400337
334081 400383
334074 400390
334025 400439
334085 400379
334120 400344
334146 400318
334087 400377
333957 400507
334195 400269
334194 400270
334103 400361
334165 400299
334252 400212
334143 400321
334159 400305
333920 400544
334070 400394
334234 400230
334141 400323
334146 400318
334034 400430
334003 400461
334134 400330
334116 400348
333969 400495
334095 400369
334023 400441
334034 400430
334113 400351
333981 400483
334123 400341
334170 400294
334241 400223
334001 400463
334282 400182
334228 400236
334070 400394
334216 400248
333977 400487
334334 400130
334029 400435
334296 400168
333990 400474
334134 400330
334077 400387
334205 400259
334046 400418
334109 400355
334142 400322
334128 400336
334149 400315
334043 400421
334127 400337
334127 400337
333988 400476
334055 400409
334064 400400
334118 400346
333862 400602
334239 400225
334157 400307
334134 400330
334295 400169
333837 400627
334117 400347
334047 400417
334092 400372
334048 400416
334049 400415
334056 400408
334005 400459
333999 400465
334159 400305
334065 400399
334145 400319
334216 400248
334042 400422
334228 400236
333985 400479
334006 400458
334068 400396
