42802 53006
42781 53027
42825 52983
42818 52990
42789 53019
42804 53004
42856 52952
42794 53014
42845 52963
42848 52960
42813 52995
42823 52985
42734 53074
42826 52982
42818 52990
42826 52982
42824 52984
42800 53008
42797 53011
42774 53034
42836 52972
42851 52957
42823 52985
42865 52943
42875 52933
42866 52942
42817 52991
42834 52974
42808 53000
42816 52992
42814 52994
42797 53011
42785 53023
42848 52960
42789 53019
42788 53020
42790 53018
42789 53019
42863 52945
42838 52970
42789 53019
42840 52968
42886 52922
42820 52988
42803 53005
42744 53064
42901 52907
42805 53003
42822 52986
42846 52962
42743 53065
42791 53017
42823 52985
42818 52990
42840 52968
42788 53020
42834 52974
42839 52969
42835 52973
42820 52988
42810 52998
42770 53038
42905 52903
42835 52973
42750 53058
42860 52948
42800 53008
42807 53001
42815 52993
42865 52943
42804 53004
42786 53022
42815 52993
42832 52976
42890 52918
42742 53066
42784 53024
42818 52990
42850 52958
42818 52990
42797 53011
42823 52985
42860 52948
42843 52965
42796 53012
42796 53012
42826 52982
42884 52924
42846 52962
42834 52974
42890 52918
42878 52930
42732 53076
42891 52917
42774 53034
42829 52979
42841 52967
42844 52964
42818 52990
42814 52994
