342 255
370 234
411 246
392 246
370 252
383 240
353 246
376 246
355 225
332 243
338 252
372 246
357 243
404 246
342 252
339 237
423 246
347 234
385 252
321 237
362 258
394 240
354 243
336 216
341 246
376 234
404 234
345 240
332 225
350 237
361 246
325 240
366 234
341 249
358 243
369 231
389 252
332 249
305 261
361 246
377 249
334 237
366 249
344 240
405 240
358 246
370 231
352 255
413 234
377 237
393 243
357 258
370 234
406 240
330 258
346 228
350 261
352 246
346 261
326 237
352 243
352 243
378 222
368 249
328 255
335 240
372 228
396 234
356 243
397 246
336 228
348 261
319 267
370 243
381 246
305 252
349 243
330 249
338 243
339 240
339 240
331 237
390 249
346 228
342 246
342 258
315 231
325 249
355 249
347 255
343 240
338 231
382 234
348 255
334 255
379 267
373 249
376 237
365 234
383 246
