67863 83753
67880 83736
67881 83735
67886 83730
67872 83744
67925 83691
67953 83663
67855 83761
67869 83747
67901 83715
67873 83743
67785 83831
67828 83788
67801 83815
67829 83787
67832 83784
67868 83748
67816 83800
67815 83801
67802 83814
67796 83820
67911 83705
67832 83784
67814 83802
67933 83683
67801 83815
67853 83763
67879 83737
67863 83753
67776 83840
67860 83756
67896 83720
67895 83721
67863 83753
67850 83766
67856 83760
67882 83734
67862 83754
67729 83887
67884 83732
67919 83697
67846 83770
67847 83769
67818 83798
67846 83770
67882 83734
67857 83759
67834 83782
67827 83789
67903 83713
67905 83711
67785 83831
67861 83755
67800 83816
67852 83764
67879 83737
67860 83756
67855 83761
67861 83755
67902 83714
67848 83768
67836 83780
67839 83777
67865 83751
67811 83805
67827 83789
67881 83735
67834 83782
67844 83772
67897 83719
67832 83784
67750 83866
67711 83905
67843 83773
67745 83871
67788 83828
67865 83751
67841 83775
67843 83773
67806 83810
67856 83760
67845 83771
67872 83744
67775 83841
67799 83817
67763 83853
67864 83752
67835 83781
67774 83842
67868 83748
67797 83819
67889 83727
67857 83759
67765 83851
67820 83796
67829 83787
67878 83738
67854 83762
67814 83802
67863 83753
