549574 315987
546826 315825
544301 317190
541733 316227
537592 316194
555395 313245
546106 316398
532373 316713
541107 316389
544403 317424
549741 315081
546779 315066
541778 316764
549611 315603
581722 310770
566740 312750
569084 313743
591706 313470
546000 316383
533647 317073
556262 314778
536930 317199
554737 316146
556720 314754
542011 316443
556815 314364
530038 318675
538434 317319
548130 316554
524049 319539
550618 315642
550253 316497
584104 315081
549192 315711
542315 315858
545174 316719
574720 312450
549144 313881
563342 314277
549649 316050
535200 317196
579393 311358
574975 315006
537700 315318
564472 311916
540635 317562
553564 315621
544419 318009
578784 311463
573606 310098
544328 314682
555106 313581
572180 311292
588148 311736
569871 314748
575294 314361
549964 315591
568768 315147
536632 317151
552777 316974
541075 316053
569906 312636
560517 313698
561719 313446
565803 313716
535209 317871
591373 312459
608529 308385
593262 310071
559833 314901
527972 318228
565261 315354
552620 313563
524120 319461
529831 317487
562194 311982
547047 315981
551149 316254
557840 314112
543818 315921
560044 313101
563943 314595
537905 316683
556781 313737
535686 316191
537021 317376
537152 316053
542961 315261
528612 318402
538417 317136
549246 314790
526773 316971
534938 317364
575131 312999
544923 316587
594554 310770
545920 315780
559235 314064
558476 316362
534264 316794
