393777 468687
393652 468812
393624 468840
393636 468828
393697 468767
393607 468857
393765 468699
393581 468883
393570 468894
393705 468759
393537 468927
393715 468749
393562 468902
393769 468695
393741 468723
393530 468934
393693 468771
393590 468874
393693 468771
393670 468794
393699 468765
393597 468867
393699 468765
393576 468888
393626 468838
393626 468838
393726 468738
393630 468834
393580 468884
393539 468925
393623 468841
393448 469016
393887 468577
393509 468955
393618 468846
393516 468948
393692 468772
393782 468682
393548 468916
393762 468702
393602 468862
393722 468742
393855 468609
393684 468780
393683 468781
393578 468886
393740 468724
393457 469007
393415 469049
393733 468731
393554 468910
393591 468873
393631 468833
393733 468731
393522 468942
393480 468984
393666 468798
393689 468775
393624 468840
393527 468937
393760 468704
393763 468701
393592 468872
393677 468787
393677 468787
393542 468922
393491 468973
393662 468802
393787 468677
393669 468795
393465 468999
393549 468915
393676 468788
393593 468871
393534 468930
393602 468862
393575 468889
393660 468804
393735 468729
393694 468770
393660 468804
393550 468914
393465 468999
393572 468892
393553 468911
393522 468942
393651 468813
393463 469001
393536 468928
393529 468935
393614 468850
393628 468836
393594 468870
393696 468768
393482 468982
393508 468956
393731 468733
393782 468682
393843 468621
393784 468680
