275519 330945
275550 330914
275438 331026
275438 331026
275384 331080
275483 330981
275427 331037
275489 330975
275364 331100
275478 330986
275540 330924
275550 330914
275526 330938
275374 331090
275441 331023
275503 330961
275698 330766
275406 331058
275419 331045
275204 331260
275479 330985
275448 331016
275414 331050
275512 330952
275414 331050
275092 331372
275488 330976
275492 330972
275321 331143
275489 330975
275484 330980
275306 331158
275490 330974
275358 331106
275418 331046
275322 331142
275537 330927
275448 331016
275495 330969
275412 331052
275542 330922
275324 331140
275430 331034
275436 331028
275491 330973
275243 331221
275550 330914
275440 331024
275470 330994
275459 331005
275439 331025
275389 331075
275330 331134
275540 330924
275289 331175
275592 330872
275468 330996
275544 330920
275677 330787
275289 331175
275427 331037
275423 331041
275521 330943
275419 331045
275459 331005
275353 331111
275494 330970
275339 331125
275480 330984
275403 331061
275415 331049
275398 331066
275578 330886
275499 330965
275500 330964
275438 331026
275572 330892
275597 330867
275548 330916
275411 331053
275307 331157
275342 331122
275545 330919
275501 330963
275512 330952
275589 330875
275407 331057
275517 330947
275524 330940
275507 330957
275496 330968
275444 331020
275469 330995
275449 331015
275458 331006
275406 331058
275400 331064
275572 330892
275400 331064
275522 330942
