608391 722537
608685 722243
608158 722770
608367 722561
608514 722414
608554 722374
608692 722236
608471 722457
608439 722489
608605 722323
608512 722416
608335 722593
608699 722229
608479 722449
608308 722620
608632 722296
608518 722410
608649 722279
608338 722590
608563 722365
608455 722473
608404 722524
608512 722416
608489 722439
608593 722335
608574 722354
608602 722326
608316 722612
608411 722517
608412 722516
608491 722437
608474 722454
608360 722568
608476 722452
608536 722392
608233 722695
608668 722260
608491 722437
608481 722447
608644 722284
608752 722176
608720 722208
608552 722376
608701 722227
608669 722259
608624 722304
608205 722723
608479 722449
608258 722670
608394 722534
608392 722536
608540 722388
608428 722500
608654 722274
608814 722114
608512 722416
608496 722432
608442 722486
608551 722377
608559 722369
608415 722513
608538 722390
608623 722305
608457 722471
608666 722262
608579 722349
608383 722545
608486 722442
608303 722625
608609 722319
608408 722520
608578 722350
608453 722475
608576 722352
608478 722450
608481 722447
608457 722471
608299 722629
608216 722712
608622 722306
608717 722211
608363 722565
608570 722358
608422 722506
608215 722713
608213 722715
608628 722300
608382 722546
608427 722501
608464 722464
608516 722412
608573 722355
608546 722382
608348 722580
608516 722412
608549 722379
608495 722433
608632 722296
608371 722557
608416 722512
