373817 217731
416239 216897
387651 218382
377917 218592
381536 218280
367708 221040
375227 219315
382932 218367
381083 218898
391114 216450
409010 214587
376321 218217
420438 214458
369762 220338
366782 219537
374077 219027
391687 216369
372977 220518
378254 220119
377465 219201
381170 218532
372855 219384
372428 219000
376103 219534
356558 220536
385421 217689
400307 218379
382296 218835
392963 217449
385519 218670
386898 218361
382838 218979
378487 218139
375011 219780
390605 217458
378932 219507
377580 218571
367741 220137
386970 217101
380456 218898
407899 216258
392970 218349
372465 219429
372847 220410
385303 218208
375167 219171
372645 220311
395135 216861
374615 218832
431379 213945
372707 219402
362725 220374
379918 219327
369466 219132
387457 218679
417325 214734
381960 217611
383857 218541
378536 218055
382687 218919
386642 217392
379527 217971
373132 219753
366968 219951
386957 217992
373322 218100
390459 218184
383769 218628
405801 216321
398367 216348
427423 215943
377047 218532
376607 218346
381507 217560
391474 216564
383196 217332
378619 217920
370952 219159
375060 219525
383905 217752
388736 218610
382083 217911
394355 216168
379606 218307
369123 220143
395117 216279
377228 218550
380383 218838
398953 215391
381624 217530
366690 220152
384905 217401
379401 218811
382079 217071
389101 217851
387775 217170
397081 214869
411835 214431
404871 216048
427589 212655
