217578 260886
217585 260879
217435 261029
217685 260779
217615 260849
217549 260915
217505 260959
217431 261033
217500 260964
217487 260977
217494 260970
217584 260880
217538 260926
217519 260945
217559 260905
217528 260936
217541 260923
217662 260802
217490 260974
217701 260763
217684 260780
217691 260773
217572 260892
217563 260901
217602 260862
217472 260992
217562 260902
217611 260853
217574 260890
217502 260962
217461 261003
217548 260916
217683 260781
217436 261028
217402 261062
217588 260876
217565 260899
217406 261058
217620 260844
217368 261096
217651 260813
217574 260890
217541 260923
217578 260886
217619 260845
217570 260894
217555 260909
217564 260900
217604 260860
217500 260964
217544 260920
217441 261023
217555 260909
217655 260809
217541 260923
217570 260894
217622 260842
217593 260871
217487 260977
217548 260916
217621 260843
217633 260831
217570 260894
217626 260838
217561 260903
217417 261047
217483 260981
217545 260919
217645 260819
217610 260854
217442 261022
217539 260925
217526 260938
217494 260970
217529 260935
217558 260906
217479 260985
217503 260961
217503 260961
217353 261111
217518 260946
217348 261116
217571 260893
217430 261034
217524 260940
217317 261147
217520 260944
217612 260852
217469 260995
217480 260984
217507 260957
217567 260897
217516 260948
217459 261005
217421 261043
217573 260891
217557 260907
217495 260969
217561 260903
217558 260906
