293935 171945
290342 172251
308800 168909
291342 172641
326528 169245
289630 172845
313681 169704
299211 171843
304327 171543
307605 170490
340632 167811
292179 171714
300141 171957
292048 171903
311719 169557
307188 169095
301600 169791
305046 169968
299678 170229
294187 171867
317277 168888
305972 169308
309606 170592
297746 170667
286955 172227
315442 171045
304610 170634
313821 170037
291306 172122
296563 171942
296005 170829
294739 171705
300143 171216
289485 172665
310682 169557
302863 170661
284767 173391
305100 170181
301689 170979
306065 170253
349262 166788
292305 172026
288755 171876
292851 171210
292782 171108
293069 171303
307847 170115
295486 170562
292824 171237
300145 171147
298116 170430
320363 169482
287402 172299
294526 171102
284731 172581
287475 171531
295636 171258
293784 172212
303195 171027
303491 170163
303779 169941
304295 170403
292725 172617
301027 170370
286340 171858
306856 169209
284444 172896
296005 171399
293503 171453
297918 170664
286137 172509
284378 173460
324515 169407
301811 171366
311106 169410
290319 171282
290788 172059
312443 169965
285991 173016
305416 171858
305036 171021
290056 171897
312660 169986
349884 166983
297367 170709
294026 171534
298807 171768
306720 170196
289821 172611
288722 171864
286455 172740
296966 172347
297891 172461
312895 170382
321239 169536
298606 171363
309616 170022
305271 170559
311362 168945
289446 171021
