255864 147516
254070 148371
248641 148542
282739 144960
275069 146496
265321 146685
251929 148278
262660 147816
256657 147969
264850 147438
248631 148905
260481 147816
251844 148089
253663 147336
260912 147057
259749 148758
271084 146262
265427 146154
266110 147288
251732 148686
247070 149367
252671 148314
248890 148905
263033 147183
257486 148728
253487 148299
256580 148146
251923 148761
243628 149988
261756 146598
258950 147687
274286 145824
246986 149406
253652 148818
256878 147960
256587 147369
263483 147372
247839 148893
263081 146793
255389 147636
253350 148587
247701 148227
262288 146379
260095 146736
250513 148323
246121 149166
262734 147123
259418 148314
274894 145968
258883 146904
254605 148662
263379 146172
252303 148440
269333 148050
247517 149004
271603 147153
253026 148281
254702 148140
262053 147162
257279 147735
263448 147009
267407 146769
260688 146553
270284 147024
248239 148932
266907 146475
260036 146973
253719 147894
245827 148890
244494 149526
256887 148113
253925 147900
253057 148341
246298 149514
251786 148878
269753 145962
253882 147819
263583 148308
251835 148575
269515 148257
253879 147678
254184 148425
257076 147795
261870 146568
246881 148506
265458 147930
274675 146280
263095 147510
270467 147198
251277 148527
251035 148494
268902 146430
294167 145422
250256 148419
261830 146940
258479 147618
254644 147630
276442 144963
256967 147768
252404 148146
