599926 354702
615421 351252
616607 352626
619992 350589
620620 352659
590398 353799
608347 353676
699575 345627
642517 348846
602777 354318
647509 351300
613756 353232
615965 351228
608223 353097
622171 353373
643563 349221
628550 348918
603219 353874
646925 350262
594802 354237
669867 347562
620979 351312
629379 349890
624163 352005
617950 352026
669859 344241
607877 353163
638186 351456
613352 351774
613612 352605
629035 352263
600785 353328
608117 353499
625700 352017
681872 348162
655148 348945
609976 354357
629858 350871
615586 352137
607788 354183
631892 351033
634357 353532
597847 353955
654807 349335
591930 355059
631654 350775
605287 354033
663172 348864
631544 350046
621986 351627
616199 351048
628004 352929
623267 351057
630263 351600
591901 355038
610597 351615
671667 347952
619084 351339
622822 353643
605477 352782
626999 351792
634923 349953
637531 348630
610859 351261
645559 350079
599224 354243
633857 350244
608287 352794
606514 354291
636681 351111
594543 354150
585053 356829
621643 349020
597288 354570
629083 349638
633540 349314
630316 350565
601821 354102
587488 354486
622481 350082
609163 352659
599681 352356
689518 344304
593967 355398
595432 354705
631368 351123
631145 353541
613255 351171
668420 349395
638407 351150
601596 355293
597993 353967
625349 354342
618896 354024
658053 347817
598701 354834
633321 351753
600481 354414
619130 352449
621362 349188
