702253 832675
702185 832743
702558 832370
702367 832561
702290 832638
702484 832444
702436 832492
702466 832462
702345 832583
702274 832654
702292 832636
702363 832565
702251 832677
702297 832631
702323 832605
702393 832535
702619 832309
702421 832507
702338 832590
702347 832581
702506 832422
702331 832597
702293 832635
702402 832526
702261 832667
702489 832439
702338 832590
702268 832660
702605 832323
702342 832586
702487 832441
702442 832486
702498 832430
702318 832610
702469 832459
702544 832384
702373 832555
702313 832615
702312 832616
702202 832726
702250 832678
702217 832711
702294 832634
702526 832402
702317 832611
702420 832508
702217 832711
702358 832570
702446 832482
702544 832384
702373 832555
702354 832574
702382 832546
702417 832511
702467 832461
702241 832687
702391 832537
702547 832381
702459 832469
702146 832782
702464 832464
702358 832570
702488 832440
702230 832698
702401 832527
702319 832609
702350 832578
702358 832570
702464 832464
702324 832604
702161 832767
702675 832253
702534 832394
702387 832541
702187 832741
702257 832671
702371 832557
702370 832558
702654 832274
702210 832718
702464 832464
702554 832374
702482 832446
702342 832586
702393 832535
702148 832780
702413 832515
702437 832491
702328 832600
702410 832518
702056 832872
702054 832874
702199 832729
702454 832474
702302 832626
702236 832692
702045 832883
702408 832520
702767 832161
702267 832661
