652962 363078
655000 363273
621130 366537
617920 366540
645916 363261
625962 367140
683413 360402
640324 365244
632473 366267
626549 364212
617935 368076
652080 364623
645545 364365
649994 362262
623617 367023
665949 362748
662587 362967
668509 361455
623871 366438
648697 364059
620422 366558
642735 364929
631359 365244
627171 367518
653443 362340
645199 362979
652080 362724
620013 367128
617528 367350
680202 359817
625482 366426
646803 363027
659554 362580
629894 366039
635377 363942
662330 363768
628162 366024
622622 366036
648068 361941
656062 362508
641566 365016
643265 364272
683230 359877
611844 367854
629272 363873
635768 364707
628051 365880
654732 362412
628524 366759
611351 368757
633899 364611
648009 364173
635352 366162
675260 360696
626416 365064
609218 367722
657156 364215
608796 368265
627639 366828
644100 363741
662761 361518
674688 360294
646855 362961
652749 364275
644143 363762
636353 363516
641114 365583
662820 361152
635972 363219
676536 360342
646816 362595
633150 365625
665620 361230
640848 364701
619527 367740
629247 365112
631747 365922
701703 357639
645878 363789
655950 362229
642928 365214
628710 364425
623932 366126
625453 365781
684085 358812
626403 366573
645412 365727
633818 364350
640642 362520
627239 365679
626579 367059
629932 364650
619655 367074
619659 366825
654750 361335
658429 360465
641674 362940
653526 363966
653128 364620
640537 365658
