397439 231975
397539 231405
390333 231819
399824 230379
403724 229260
423703 228246
403013 230385
418463 228735
399545 230451
415140 227595
408009 229734
401956 230745
405886 230388
395405 231204
395941 231243
425326 227166
388434 231153
416466 227898
434844 228732
403667 230421
382086 232773
405415 228957
406290 229323
395750 231459
390267 232221
421417 229920
390308 230991
407051 228639
379221 233835
395513 231003
406753 230151
391372 230994
421771 228072
407326 229365
395229 231249
400023 230223
388553 232092
392491 230778
425020 226587
391335 231945
393477 231678
408261 228693
382175 231900
390736 231699
428851 229038
394004 231636
401919 230808
422431 228903
378101 234261
410549 229989
402935 230256
402991 231942
389817 232197
406329 229596
388139 231996
440515 227958
398516 231825
412378 230082
406455 230328
439169 226575
401435 230226
402908 230451
401852 229737
401810 230379
385521 231513
415680 231501
414174 228045
394837 230529
406113 229206
386877 231219
383718 231642
393810 231471
396079 231441
409810 231201
436923 229191
382182 232854
389186 232092
394513 231177
390703 231690
417603 228972
394583 231120
385898 231396
399984 229851
399325 230376
382340 232335
416665 230067
397501 230271
382674 233301
399717 229578
391380 231120
404486 230034
425177 229215
432169 227748
407336 229464
392493 231168
394706 231120
386106 231582
403494 230163
426083 228360
395869 232683
