203194 244038
203244 243988
203202 244030
203345 243887
203283 243949
203244 243988
203355 243877
203281 243951
203266 243966
203335 243897
203259 243973
203303 243929
203292 243940
203427 243805
203336 243896
203328 243904
203271 243961
203232 244000
203240 243992
203280 243952
203354 243878
203443 243789
203352 243880
203260 243972
203248 243984
203187 244045
203192 244040
203343 243889
203405 243827
203418 243814
203367 243865
203347 243885
203286 243946
203175 244057
203419 243813
203275 243957
203216 244016
203290 243942
203228 244004
203331 243901
203253 243979
203335 243897
203224 244008
203253 243979
203326 243906
203252 243980
203205 244027
203262 243970
203279 243953
203349 243883
203305 243927
203326 243906
203275 243957
203288 243944
203272 243960
203422 243810
203382 243850
203208 244024
203304 243928
203121 244111
203218 244014
203312 243920
203262 243970
203334 243898
203281 243951
203395 243837
203279 243953
203245 243987
203299 243933
203346 243886
203211 244021
203418 243814
203302 243930
203321 243911
203257 243975
203292 243940
203277 243955
203329 243903
203308 243924
203264 243968
203377 243855
203269 243963
203301 243931
203235 243997
203285 243947
203311 243921
203332 243900
203359 243873
203283 243949
203446 243786
203288 243944
203432 243800
203253 243979
203237 243995
203279 243953
203343 243889
203250 243982
203324 243908
203321 243911
203260 243972
