80628 98988
80750 98866
80657 98959
80689 98927
80656 98960
80679 98937
80627 98989
80690 98926
80728 98888
80642 98974
80727 98889
80721 98895
80714 98902
80793 98823
80710 98906
80724 98892
80631 98985
80643 98973
80672 98944
80685 98931
80653 98963
80712 98904
80668 98948
80628 98988
80806 98810
80707 98909
80741 98875
80737 98879
80687 98929
80568 99048
80797 98819
80647 98969
80685 98931
80770 98846
80709 98907
80723 98893
80684 98932
80664 98952
80567 99049
80717 98899
80668 98948
80733 98883
80706 98910
80614 99002
80704 98912
80649 98967
80598 99018
80624 98992
80573 99043
80724 98892
80707 98909
80679 98937
80683 98933
80687 98929
80722 98894
80654 98962
80698 98918
80672 98944
80640 98976
80717 98899
80653 98963
80696 98920
80600 99016
80577 99039
80775 98841
80726 98890
80722 98894
80607 99009
80606 99010
80758 98858
80634 98982
80680 98936
80670 98946
80665 98951
80760 98856
80675 98941
80727 98889
80674 98942
80592 99024
80731 98885
80558 99058
80616 99000
80655 98961
80635 98981
80668 98948
80661 98955
80655 98961
80675 98941
80668 98948
80709 98907
80693 98923
80662 98954
80715 98901
80669 98947
80697 98919
80621 98995
80603 99013
80662 98954
80638 98978
80686 98930
