423546 502918
423550 502914
423483 502981
423386 503078
423565 502899
423581 502883
423542 502922
423569 502895
423606 502858
423457 503007
423684 502780
423600 502864
423601 502863
423541 502923
423533 502931
423602 502862
423671 502793
423598 502866
423721 502743
423492 502972
423555 502909
423537 502927
423650 502814
423645 502819
423670 502794
423527 502937
423456 503008
423599 502865
423599 502865
423599 502865
423416 503048
423301 503163
423576 502888
423483 502981
423740 502724
423490 502974
423527 502937
423318 503146
423569 502895
423501 502963
423450 503014
423540 502924
423518 502946
423407 503057
423536 502928
423678 502786
423665 502799
423647 502817
423521 502943
423449 503015
423574 502890
423608 502856
423425 503039
423492 502972
423447 503017
423629 502835
423454 503010
423486 502978
423382 503082
423453 503011
423551 502913
423572 502892
423508 502956
423641 502823
423579 502885
423502 502962
423641 502823
423575 502889
423552 502912
423670 502794
423647 502817
423796 502668
423596 502868
423527 502937
423609 502855
423505 502959
423673 502791
423578 502886
423562 502902
423625 502839
423520 502944
423613 502851
423695 502769
423488 502976
423610 502854
423519 502945
423454 503010
423522 502942
423630 502834
423415 503049
423432 503032
423442 503022
423481 502983
423578 502886
423661 502803
423627 502837
423543 502921
423474 502990
423614 502850
423509 502955
