481475 264333
454457 266979
493458 265398
505215 262878
467834 264519
487540 264309
475121 266283
463184 266682
448631 268125
474632 264207
467830 264954
481910 263856
455301 267078
465528 266019
475894 265374
464859 265611
475996 265428
460874 265533
496943 262851
466206 266226
471066 267108
470516 265197
461493 266469
459075 266955
492083 263997
479208 266751
465824 265932
457602 267780
466009 267477
451631 268368
463020 266721
460728 267231
481824 264294
464476 267447
453288 267951
450513 267705
464641 265386
458934 267594
470427 265989
490813 265542
467351 266517
472610 264483
483378 264228
524656 260952
469740 266385
474140 265197
465811 267063
484909 263514
495949 263322
463724 266130
468953 265974
468360 266265
492657 262587
516115 264480
460066 266349
461508 266319
448496 268176
470809 266820
492765 262599
462063 267249
463741 267126
467969 266973
497028 263970
472362 263916
478983 265785
484669 264315
467467 267414
465735 266361
457421 267063
467611 266943
474095 266292
469606 267045
467777 267372
485729 263886
462539 267234
481385 264363
479788 264279
468547 269007
514438 262449
452364 267210
446201 269004
447620 268863
487652 264594
466271 266514
471673 266067
459697 266742
467912 267570
462564 265668
450860 266853
499520 266058
449334 268137
462920 266478
474584 264105
509848 260838
461402 266247
471864 266208
473113 266292
463868 267147
464170 267327
494748 263112
