93605 114011
93563 114053
93635 113981
93628 113988
93573 114043
93648 113968
93684 113932
93639 113977
93605 114011
93630 113986
93634 113982
93724 113892
93604 114012
93691 113925
93585 114031
93646 113970
93725 113891
93626 113990
93648 113968
93535 114081
93662 113954
93673 113943
93657 113959
93629 113987
93670 113946
93613 114003
93592 114024
93756 113860
93660 113956
93613 114003
93671 113945
93684 113932
93704 113912
93646 113970
93665 113951
93737 113879
93654 113962
93552 114064
93600 114016
93656 113960
93712 113904
93586 114030
93671 113945
93669 113947
93623 113993
93730 113886
93633 113983
93654 113962
93612 114004
93663 113953
93565 114051
93749 113867
93632 113984
93630 113986
93609 114007
93568 114048
93649 113967
93736 113880
93537 114079
93691 113925
93596 114020
93608 114008
93642 113974
93534 114082
93677 113939
93740 113876
93599 114017
93614 114002
93647 113969
93671 113945
93573 114043
93667 113949
93611 114005
93620 113996
93593 114023
93669 113947
93718 113898
93642 113974
93654 113962
93653 113963
93614 114002
93630 113986
93659 113957
93559 114057
93611 114005
93594 114022
93639 113977
93619 113997
93608 114008
93623 113993
93736 113880
93610 114006
93654 113962
93696 113920
93596 114020
93609 114007
93677 113939
93706 113910
93598 114018
93596 114020
