12463 7926
12249 8082
13191 7863
13620 7929
13008 7932
14240 7887
14019 7758
14181 7863
12392 8163
13119 7887
13909 7758
15416 7746
14501 7722
12531 8001
12527 7920
12308 7947
13344 7995
13169 8001
12987 8043
14156 7701
13092 7911
13413 7878
13071 7929
13375 7737
12408 8031
12708 7956
13894 7854
13424 7920
12594 7995
13872 7815
12741 7941
12990 8127
13372 7953
13478 7758
13709 7893
11936 8019
12756 7935
11908 8142
12831 8025
13590 7863
12928 7977
13159 7908
13122 8010
12625 7977
13293 7905
12981 7866
12549 8055
13057 7878
13028 7965
12456 7959
13241 7989
14095 7740
12513 7941
13506 7797
12825 7893
12739 8049
13123 7851
12743 7956
14614 7710
12941 7854
13855 7920
13606 7776
13264 7908
13161 7743
12932 7890
13489 7701
13473 7860
12804 7953
12937 7917
13592 7935
13392 7794
13396 7809
13562 7857
14452 7710
12987 7866
13509 7794
12105 8085
12690 8004
13166 7977
12949 7920
12469 8079
13533 7887
13213 7950
13164 7842
12891 8058
12959 7845
13122 7908
12563 7899
12450 8082
12611 7869
12640 8067
13210 7968
13010 7902
12109 8076
13082 7968
12773 7899
12997 7938
13616 7782
12971 7812
13255 7953
