468892 556036
469277 555651
469285 555643
469067 555861
469159 555769
469056 555872
469211 555717
469005 555923
469200 555728
469213 555715
469103 555825
469183 555745
468981 555947
469127 555801
469225 555703
469144 555784
468963 555965
469125 555803
469104 555824
469082 555846
469089 555839
469016 555912
469135 555793
468922 556006
468922 556006
469174 555754
469075 555853
468901 556027
468909 556019
469042 555886
469220 555708
469149 555779
469195 555733
469081 555847
468919 556009
469104 555824
468956 555972
468966 555962
469203 555725
469020 555908
469115 555813
469071 555857
469059 555869
468980 555948
469217 555711
469070 555858
468886 556042
469061 555867
469239 555689
468920 556008
469204 555724
469097 555831
468957 555971
469274 555654
469063 555865
469006 555922
469235 555693
468850 556078
469061 555867
469058 555870
469155 555773
468967 555961
469086 555842
468910 556018
469032 555896
469089 555839
469128 555800
468815 556113
469101 555827
469122 555806
469115 555813
468883 556045
469078 555850
469005 555923
469152 555776
468991 555937
469199 555729
469053 555875
469043 555885
469111 555817
468958 555970
469032 555896
469033 555895
469050 555878
468960 555968
469184 555744
469057 555871
469055 555873
468957 555971
469123 555805
469092 555836
468910 556018
468886 556042
469041 555887
469076 555852
469056 555872
469162 555766
468954 555974
469197 555731
469015 555913
