117317 69450
121561 68340
120669 68589
120095 69090
123330 67977
116578 69450
118642 69186
123581 69105
119677 69042
123441 68748
115913 69294
126435 68865
117311 69531
127094 68181
112654 69699
117390 69126
117877 69435
119114 68952
116616 69030
129260 68877
117719 68976
121096 69072
116905 69237
116604 69012
111426 70491
122938 68223
121124 69369
118268 69357
110840 70044
126387 68139
115607 69819
117749 69270
117088 69090
125374 68487
114718 69516
119496 69072
114695 69810
117432 68964
124577 69027
124289 68658
119299 69141
115010 69447
127985 68373
126161 68490
120916 69135
118181 69489
114531 69504
117955 68997
119342 68676
118880 69639
115563 69543
114357 69495
119003 68685
118075 68895
114920 70074
125326 68295
114474 69624
117463 69969
120658 68751
121459 68712
114197 69537
116415 69336
115098 69264
119705 69222
117189 69342
119511 68961
118189 69072
119625 69549
119007 69267
127886 68841
115600 69618
112494 69618
120111 69192
116041 69276
116983 69030
123705 68886
119263 68799
120381 68943
117651 69249
120047 69687
121655 68877
115738 69351
115828 69618
119628 68469
127687 67443
116776 69141
114353 69522
122059 67971
115347 69561
123997 68367
114092 69207
118938 68820
120373 68823
118657 69834
122570 68331
114093 69402
122556 68325
114591 69924
119672 69084
121442 69315
