94 81
108 72
100 72
110 81
91 84
116 84
128 78
111 75
89 81
123 84
103 84
92 81
101 72
102 84
114 78
112 81
126 69
91 87
126 75
109 81
111 84
106 87
96 81
109 84
112 81
113 81
108 72
119 87
111 81
101 78
95 93
120 81
127 81
101 72
92 84
127 78
103 87
100 75
86 72
132 84
104 78
85 66
98 81
119 81
108 75
105 84
101 84
95 78
97 78
103 72
108 78
131 78
108 72
107 87
129 75
111 84
95 72
101 81
113 81
121 75
100 90
106 75
105 72
97 90
107 90
96 90
110 81
99 84
96 81
123 78
99 81
89 81
131 75
114 93
100 81
108 81
108 78
105 90
121 84
93 84
113 87
98 84
112 81
103 78
113 84
111 78
111 81
132 84
97 87
104 72
132 72
114 90
93 81
106 84
117 78
90 90
107 78
102 87
96 78
89 81
