246301 134838
236230 136551
222738 138087
248107 134808
237433 135732
233008 137124
228028 137919
248602 135189
249526 135672
253944 134625
229731 136899
243040 135972
243077 135216
243338 135759
236825 135612
253537 134061
240881 135084
242959 136140
240582 135222
226841 137475
236712 135855
237826 136941
229478 136722
247081 135174
244623 134979
240346 136401
245170 135435
234322 136671
230209 136614
229632 137019
256990 135513
238503 135252
242410 134979
231095 137205
255215 134742
229475 136980
244776 135840
237316 135450
236518 136287
265477 135558
227445 137271
233893 136701
239290 136353
237893 135402
228891 137007
237503 136380
230146 137190
237210 136626
241118 135360
227438 137151
251341 134742
246908 135972
259867 133914
241163 137340
243669 135105
230212 136689
243163 135522
236173 136788
238903 135330
234717 137082
235686 137178
235873 136797
237267 136275
237939 136380
268497 134298
248978 135876
227763 137952
230538 136800
231246 136941
239192 136524
232648 136368
242766 135198
235423 135693
231545 136791
247921 135987
238073 136032
235667 136788
221903 138603
246621 134571
238235 136290
238155 136269
237065 135984
230540 136137
234239 136671
244198 135327
263912 133635
230799 136185
225417 137412
238549 137277
247195 134616
233385 136071
240470 135435
228143 137517
238051 135960
237155 135942
235982 136464
245302 135444
246331 135576
236757 135915
228639 136965
