1024799 592638
1014508 596595
1053404 593073
1008236 595878
1051012 591039
1024912 592650
1015767 594435
1008886 598260
1070695 589905
1102529 583515
1025450 594597
1096360 588312
1056543 591276
1035825 593526
1030366 594975
1061311 591414
1046585 588375
1026488 591846
1034100 593760
1077517 586911
1098732 589455
1009910 596841
1114461 584544
1017970 594624
1046442 591300
1084741 589230
994710 597372
1040519 590679
1088310 585999
1054404 593208
1044066 594120
1050047 592770
1014834 594435
1011259 597510
1040331 595017
1054144 587307
1067408 588747
1188456 578037
1024829 592941
1050812 595575
1049764 590370
1021207 592566
1021520 594846
1072633 588759
1060328 590367
1044320 591789
999975 599064
1052343 588168
1017381 596361
1042607 591777
1038172 592350
1023134 593607
1033374 593979
1038705 592629
1011720 595929
1032488 595035
1075491 588915
1083554 587418
1063092 591675
1075496 591915
1054330 591981
1015946 594237
1054240 590199
1057112 587652
1027682 592926
1055809 589776
1047461 592668
1055447 588429
1020896 593868
1075206 589995
1044641 591096
1066801 593970
1058511 593085
1062684 590739
1029747 593169
1084399 584676
1017651 595227
1020722 594342
1047719 592902
1035636 592704
1028810 595422
1037212 590379
1058793 587751
1115076 583176
1026296 595464
1019843 593175
1044106 589974
1079001 586368
1059018 590949
1067628 587826
1148431 583269
1048140 591939
1040201 594672
1076135 588105
1024125 591708
1039311 594207
1076763 585345
1044249 591813
1015104 593598
1087554 588600
