348903 417561
348894 417570
348916 417548
348822 417642
348932 417532
348857 417607
349077 417387
349046 417418
348943 417521
349036 417428
348932 417532
348958 417506
349046 417418
348781 417683
348932 417532
348993 417471
349081 417383
348913 417551
349028 417436
348935 417529
349035 417429
348898 417566
349060 417404
348956 417508
348994 417470
348877 417587
348975 417489
349048 417416
349103 417361
348830 417634
348952 417512
348984 417480
349068 417396
348842 417622
348903 417561
348751 417713
348936 417528
348968 417496
348884 417580
349174 417290
348854 417610
349050 417414
349004 417460
349004 417460
348994 417470
349014 417450
348952 417512
349033 417431
348913 417551
348954 417510
349000 417464
348938 417526
348867 417597
348925 417539
349008 417456
348966 417498
348901 417563
349072 417392
348877 417587
349018 417446
348873 417591
348743 417721
348879 417585
348865 417599
349063 417401
349022 417442
348939 417525
348989 417475
348789 417675
349161 417303
349059 417405
348969 417495
348831 417633
349051 417413
349147 417317
348902 417562
349030 417434
348973 417491
348898 417566
348994 417470
348913 417551
348828 417636
348786 417678
349100 417364
348803 417661
348885 417579
348848 417616
348923 417541
348984 417480
349002 417462
348937 417527
348983 417481
348752 417712
349038 417426
348764 417700
348941 417523
349050 417414
348719 417745
348922 417542
349161 417303
