189181 228051
189353 227879
189232 228000
189308 227924
189335 227897
189300 227932
189264 227968
189276 227956
189377 227855
189260 227972
189446 227786
189133 228099
189341 227891
189238 227994
189342 227890
189321 227911
189391 227841
189199 228033
189419 227813
189361 227871
189212 228020
189370 227862
189232 228000
189340 227892
189180 228052
189276 227956
189259 227973
189360 227872
189272 227960
189336 227896
189380 227852
189294 227938
189396 227836
189332 227900
189251 227981
189259 227973
189408 227824
189270 227962
189191 228041
189388 227844
189280 227952
189276 227956
189408 227824
189363 227869
189313 227919
189427 227805
189308 227924
189336 227896
189326 227906
189365 227867
189375 227857
189233 227999
189307 227925
189336 227896
189277 227955
189233 227999
189347 227885
189311 227921
189318 227914
189267 227965
189353 227879
189256 227976
189442 227790
189280 227952
189194 228038
189176 228056
189268 227964
189218 228014
189356 227876
189316 227916
189353 227879
189375 227857
189337 227895
189259 227973
189268 227964
189289 227943
189208 228024
189328 227904
189174 228058
189251 227981
189200 228032
189417 227815
189183 228049
189307 227925
189301 227931
189366 227866
189300 227932
189296 227936
189249 227983
189349 227883
189380 227852
189342 227890
189344 227888
189308 227924
189267 227965
189320 227912
189331 227901
189373 227859
189439 227793
189348 227884
