876867 486930
844811 492135
884904 487344
896429 487776
839626 493074
868903 489849
908626 485934
832042 493398
940593 481347
887831 487944
865745 487377
870342 491226
858618 489690
889752 486669
892544 485364
857459 491067
849078 490509
868635 487263
853305 491613
918730 485613
855578 490185
852203 489867
845078 492771
835967 491718
840354 492618
900838 487473
841457 492249
853467 489207
825294 494694
882638 488673
896768 484428
876962 487569
825291 494910
863339 489498
849883 489846
878891 490770
868618 490320
831018 492924
929913 483468
890029 485832
894790 485448
838228 492039
891002 486606
910004 488142
859809 489288
849728 491289
836409 492453
890678 484527
856154 490932
865086 489930
859852 492768
890304 487140
881890 492462
873521 489567
851616 490860
872278 489570
874492 489897
884044 490152
887754 487311
875892 488229
922735 481962
910826 489594
857837 491817
876919 486006
812951 494805
868666 487389
869777 488511
834685 492981
897964 486483
857133 491478
836870 493668
902022 486795
901836 485211
896643 488079
842874 494811
846361 491001
880935 486669
876902 486402
892397 486921
871035 488127
864398 490899
974047 481146
874898 489510
885107 488628
846470 491532
883591 488427
837201 493665
856109 489663
817887 495849
882343 488949
890782 485151
878943 489114
858858 490632
849225 490842
871224 488121
880135 490257
897126 486846
841239 492150
852704 491178
903268 483987
