63127 37266
60162 37635
62140 37266
63835 37089
59732 37686
67785 36771
68152 36684
61969 37428
66039 37320
66432 37110
68388 36432
63725 37581
60586 37497
61108 37425
65573 37170
61960 37560
62778 37065
62500 37521
60965 37587
61670 37542
63321 37404
60452 37731
59606 37542
61882 37584
66559 36564
66709 36987
64442 37347
62342 37338
61399 37428
63410 37086
61302 37590
67263 36576
66307 37341
64225 37185
66245 36822
59516 37785
63016 37218
63817 37413
63908 37350
61901 37353
66081 36789
66903 37104
59597 37872
61700 37587
68418 37080
62288 37452
67679 36603
62476 37332
63438 37116
64964 37026
67942 37002
62934 37251
63040 37245
65148 37161
64203 37368
60692 37533
67618 37065
66980 36996
64059 37236
63636 37692
62885 37404
63318 37383
63026 37380
63871 37125
62875 37296
63172 37248
61107 37212
61160 37515
59385 37584
68969 36975
64893 36960
63054 37497
61303 37485
65368 37122
63623 37362
62395 37413
65048 36912
65139 37257
61893 37593
67336 36900
63794 37029
62260 37464
63863 37158
62361 37290
65135 37200
65561 36990
68040 36897
62652 37230
61219 37716
65567 37386
63228 37332
62490 37347
67805 37257
66589 37149
60499 37251
61631 37437
61188 37875
63088 37671
62997 37011
72598 36735
