260809 313655
261024 313440
260836 313628
260991 313473
260876 313588
260938 313526
260763 313701
260856 313608
260936 313528
261095 313369
260854 313610
260895 313569
260832 313632
260962 313502
261048 313416
260872 313592
260843 313621
260803 313661
260901 313563
260964 313500
260893 313571
260859 313605
261010 313454
260986 313478
260990 313474
260911 313553
260909 313555
260913 313551
261004 313460
260846 313618
260762 313702
260926 313538
260975 313489
260871 313593
260976 313488
260864 313600
260831 313633
260842 313622
260923 313541
260867 313597
260947 313517
260840 313624
260955 313509
260946 313518
260744 313720
260865 313599
260937 313527
260984 313480
261004 313460
260932 313532
260791 313673
260878 313586
260854 313610
260896 313568
260877 313587
260931 313533
260852 313612
260895 313569
261068 313396
260783 313681
260975 313489
260777 313687
260842 313622
260880 313584
260947 313517
260924 313540
260868 313596
260889 313575
260857 313607
260924 313540
260882 313582
260899 313565
260873 313591
260927 313537
260884 313580
260906 313558
261017 313447
260930 313534
260818 313646
260931 313533
260875 313589
261023 313441
260988 313476
260842 313622
260893 313571
260913 313551
260786 313678
260786 313678
260971 313493
260880 313584
261061 313403
260969 313495
260908 313556
260974 313490
260885 313579
260852 313612
260792 313672
260723 313741
260954 313510
260862 313602
