669401 376377
642519 379131
658207 377853
692172 372672
664634 376458
695025 374760
668007 376752
649051 377958
676740 375153
642472 379392
658539 376755
685698 372711
695315 375246
674002 376401
657541 378087
659085 376980
685948 375591
670994 374478
639759 378885
650047 376896
651272 378771
666167 376968
666579 377331
684356 376524
654645 376779
658974 375924
701597 377583
633198 380367
683683 375219
667203 380088
670703 374031
638602 380175
677012 374388
640079 378891
643329 380322
668303 378354
732575 369690
647912 378402
670176 373530
666920 375750
687461 377337
658322 377322
658282 378324
657727 378864
679515 373323
664178 377100
663550 379224
664276 376746
662744 377184
630404 380913
643541 378528
655707 377928
663755 374514
654049 379128
650601 377286
651313 377136
650549 378795
665299 375759
659150 376497
623480 382233
647332 379629
673170 374277
651562 379458
647637 379767
667165 377433
674518 374487
650377 378204
707236 374004
667037 377523
734907 368346
665977 373551
672606 374958
656666 376905
660814 376524
685386 373161
681447 376623
663611 376437
653656 377955
656786 377349
643062 380229
675101 373230
673066 376149
654618 376962
667464 377358
637837 380667
652679 377616
692847 374748
643157 379275
640779 381132
704411 371871
648241 377727
673473 375276
672205 376998
677517 375453
646040 379065
654369 377409
653192 375819
659459 377502
636559 378963
660934 375867
