890374 533526
925649 526263
978897 524808
959758 525069
906411 530343
911365 528609
932841 528750
911573 530196
950410 523404
951518 528453
910941 529785
957550 524814
900786 530499
956445 524682
934810 527328
947467 524484
934246 526848
942446 525972
923311 527076
947019 524013
917492 530190
925737 528261
946008 527175
970723 521106
934100 526653
943416 527535
1029855 523446
943638 530514
949575 526269
888908 533535
951837 527952
914234 528525
944503 525618
902807 533469
945812 527097
910352 529962
924918 526545
937927 527406
930424 526596
953580 524919
929064 529938
895613 532248
917464 530238
956073 524712
900791 533703
919519 529506
967543 526755
872412 534216
941109 524292
934800 526392
896247 531219
916205 530136
935996 527649
888688 532161
967752 526119
916181 530349
949077 526086
918759 529281
902335 532806
919403 529452
916942 528798
911603 529524
912830 530595
950038 522903
943565 525585
956591 525756
973708 524979
892992 533013
965150 524292
963622 526737
926611 528318
923054 526866
941055 526200
942329 529113
931003 526146
961301 526758
977645 523467
933898 527685
927933 531495
919008 529779
900381 532521
925042 531327
931429 526290
909234 531126
917174 526590
960164 527379
973511 525330
947152 525759
949843 527280
932351 526794
960449 522519
968983 522045
906351 534474
892307 532926
921891 527928
935446 527928
977894 523578
900570 529821
954020 525942
904511 529926
