8688 11264
8691 11261
8715 11237
8704 11248
8699 11253
8671 11281
8704 11248
8736 11216
8691 11261
8729 11223
8706 11246
8758 11194
8712 11240
8715 11237
8710 11242
8728 11224
8752 11200
8708 11244
8695 11257
8688 11264
8713 11239
8692 11260
8700 11252
8714 11238
8710 11242
8708 11244
8708 11244
8724 11228
8714 11238
8715 11237
8702 11250
8716 11236
8692 11260
8676 11276
8701 11251
8705 11247
8745 11207
8690 11262
8724 11228
8691 11261
8702 11250
8708 11244
8683 11269
8719 11233
8725 11227
8736 11216
8704 11248
8706 11246
8716 11236
8720 11232
8738 11214
8690 11262
8706 11246
8695 11257
8724 11228
8713 11239
8691 11261
8710 11242
8716 11236
8704 11248
8689 11263
8698 11254
8711 11241
8697 11255
8723 11229
8718 11234
8726 11226
8718 11234
8691 11261
8683 11269
8697 11255
8703 11249
8723 11229
8727 11225
8700 11252
8683 11269
8720 11232
8711 11241
8704 11248
8712 11240
8682 11270
8717 11235
8728 11224
8726 11226
8703 11249
8717 11235
8697 11255
8719 11233
8718 11234
8719 11233
8685 11267
8674 11278
8734 11218
8680 11272
8709 11243
8722 11230
8701 11251
8693 11259
8723 11229
8716 11236
