561046 288378
519677 289632
527515 291543
536840 291324
496691 292134
508922 292656
545766 289143
507384 289941
509935 290448
510564 290907
502669 293259
518525 288117
547374 290217
512554 290847
511719 290904
504225 290550
531875 288879
503992 291810
500194 292071
503888 291378
492470 292539
522471 288282
501866 291543
501397 291720
544078 286128
526203 290133
529838 288675
499564 291363
498626 292668
493211 292503
501551 291681
510801 291588
502752 291036
494357 291612
535964 287598
503530 291360
503583 291264
499332 291096
530220 288225
492288 293094
495543 291708
494979 292170
499462 290544
505954 292125
532289 287115
520926 288648
527641 288858
512772 290637
485314 292863
500885 291996
509631 291024
518718 289404
516823 288333
521418 287610
551891 287667
514418 290181
515294 289941
504772 291390
514268 291003
531163 287529
513349 290154
495231 292062
508572 291102
503339 291054
528452 289365
507541 291951
515330 290535
523759 288633
494759 292413
535045 288663
504780 290520
533521 287424
529259 289944
532092 286911
507088 290334
516973 290568
495828 291360
521456 289989
500134 291426
507169 290592
511167 290793
527254 290922
515705 289608
526090 287337
496637 291837
525945 288738
522460 288609
503595 290388
489424 292614
494547 292053
514734 290802
514987 289773
576025 288624
484398 293076
507328 289302
531263 290079
511343 289704
516312 289767
484116 292887
506633 290349
