356 234
384 252
380 261
389 243
347 252
344 255
359 240
391 246
348 225
393 249
400 237
380 240
393 252
366 228
339 240
398 231
373 249
429 243
427 234
329 240
371 246
393 252
340 258
424 243
328 246
378 243
376 243
319 258
349 249
316 234
418 234
328 234
316 249
319 243
342 252
379 249
384 252
334 258
405 240
371 261
389 255
332 243
316 243
338 252
345 228
360 246
327 240
309 249
352 249
348 237
386 228
320 240
357 237
327 237
349 237
371 249
398 246
369 255
323 249
424 231
358 243
357 243
330 246
364 252
371 234
344 255
349 228
311 246
358 249
360 246
368 222
340 243
357 270
315 243
333 243
373 240
417 231
351 240
338 255
366 231
368 234
341 255
321 246
379 231
369 243
411 249
377 258
333 258
339 252
390 234
343 243
397 252
425 255
405 231
440 216
356 225
336 261
334 246
380 237
386 234
