564262 327645
562352 329070
577045 327576
616511 321234
577576 325812
572862 327564
562433 329535
588313 326625
626206 320403
569024 327645
586160 326505
583208 326337
573135 327465
589440 324462
564030 328182
562333 328095
583619 326214
565583 328632
565096 328125
579588 325176
618100 323838
590036 324762
577880 327552
600016 326145
552513 330159
551498 331539
575063 325923
560612 328443
591584 326574
566850 327816
571340 327618
579222 327354
572720 328983
587665 326391
618004 324882
591002 329355
587104 326556
557499 329541
563997 329823
597263 326163
573451 327681
564240 328572
588919 326412
551097 329310
566311 327723
596535 328257
567623 328398
552640 329952
587742 325491
614887 324672
582210 324420
548833 328860
559153 329958
577041 325647
596457 322917
573899 326829
581791 326172
571803 325866
579853 326706
564078 327858
589994 324930
570442 326844
575310 327729
558458 328710
569449 329673
567782 328401
622057 323604
572563 326835
575462 327345
567790 326646
565565 328671
578039 326160
614809 321963
581572 326967
620531 323271
570925 328842
610899 324573
579596 327327
562707 328869
551172 329820
575466 327207
555478 329505
558244 329142
580645 327204
588255 327537
574047 327786
570585 328236
564383 327867
577355 327168
568817 327876
565186 328230
562763 328269
578452 325761
580124 325656
584069 326913
569287 328353
614331 323046
551117 330324
595665 327552
575200 327267
