445909 253782
437208 254916
433214 255660
459120 253173
444209 254829
470274 251286
466536 250920
450850 252333
424446 256707
430113 255978
450831 254142
437961 255603
449475 254388
436372 254952
437153 254358
449759 254127
445531 253668
490788 250128
440715 254001
439652 253428
438945 255165
478623 254415
427585 256446
440561 254094
437328 254865
446361 253767
451314 254220
448435 254697
450472 254886
459842 251784
441288 253692
460789 253695
465167 250557
454682 253797
447505 253443
461151 253821
432312 255231
447971 253653
477116 250605
435970 255084
429061 255303
439228 253632
428574 256356
440037 254877
458509 252312
434724 255867
452642 251976
502629 250938
446158 253647
461551 253560
449800 252315
452125 254559
446593 254412
433698 256278
426082 256323
443977 253869
447141 254787
460069 251769
456618 251847
435512 255852
453873 253215
463279 251874
435763 257397
437036 256122
439990 254277
431057 256191
442600 255081
442369 253548
465646 251790
445022 253965
466831 251679
438929 253863
445157 253605
461835 252603
466404 253074
419394 258501
439544 255207
446661 254364
463134 252531
441796 254256
449431 252648
438217 254190
433111 254781
475159 252078
425453 256380
461440 252117
441565 254988
442807 254730
454032 253545
466907 253410
449844 253920
428834 255690
448024 253683
432807 255846
434124 254823
426254 256653
449195 254379
427326 256692
453552 254136
485384 250866
