651013 364005
634929 363588
665235 362247
655249 361947
642432 365283
649936 364269
645137 365943
667687 360864
626273 366564
665613 363264
657032 362619
649611 363099
647540 363861
630768 367152
617876 367233
643078 364857
638323 364617
613642 367071
640529 365970
619560 369099
623034 366489
668755 362097
638290 364377
609547 369753
648582 363402
631327 365973
668199 361008
609435 367893
690491 361821
626574 367041
625283 366612
690483 361431
644078 361908
682340 362013
644682 363837
674650 361431
636119 365490
700200 360594
639640 363570
630530 365499
623534 365868
650964 362334
642627 366618
639284 363516
634304 365967
625392 366699
621352 367617
614544 366888
628249 365280
658765 360699
638642 364512
654572 362562
622801 366444
650492 363648
626887 365583
639828 364332
656811 365358
637828 364698
623371 366450
631781 365316
641265 364725
635738 364683
653942 365778
611883 367761
620414 367287
674546 364617
643083 364569
661174 361257
615869 368016
642086 364548
656182 362028
687226 361506
649446 363591
624434 364941
636159 366837
625162 366240
646945 361677
660662 362220
659016 360486
627993 364047
625109 366030
640191 364431
644788 362955
649751 363786
660703 362196
637785 364380
652567 362925
633558 363639
680086 360978
648164 361599
658938 363579
645074 363030
615741 367182
627267 365181
715712 358383
636801 364098
638185 364797
634683 363444
653654 362094
661509 361614
