380930 219453
398580 216855
369587 220137
399344 215625
369744 219462
363625 219486
384117 218010
391092 218364
375202 218010
366008 219990
393977 218664
377365 218736
383173 217233
397447 216081
403018 217485
368936 218604
383964 217680
383075 216369
384117 218925
367354 219573
377892 217545
379708 218352
391144 217545
384706 219255
385121 216816
376486 218034
387336 217098
395627 217662
390863 217173
384971 219150
402203 215526
367756 222063
377161 217560
378730 217329
400448 216057
383590 217059
375855 219294
399328 217521
376827 219618
387866 217158
384707 218565
394937 217602
382296 219363
381094 217125
368884 219471
383941 218760
391011 217332
372575 219486
379981 218121
369334 219528
377016 218169
383190 219315
379748 218193
367326 220647
379075 218487
403877 218637
393154 218988
371874 219180
397096 216366
377766 218724
386712 217116
382464 219477
374770 219543
370075 219789
388019 217371
381815 219495
381090 217584
379517 217905
375092 219396
378355 218139
386787 220401
383239 218637
429337 212766
390899 218259
377256 218991
379451 217473
382271 218862
375143 218136
424907 213624
403543 217530
382433 217533
379647 217797
399327 215304
386133 216564
375683 219528
382669 218916
388122 217863
397818 216432
371646 219810
398154 217224
375964 218202
377263 218073
378507 218487
396197 218487
398583 215535
375806 219993
399533 214608
371739 219528
368858 219897
386818 217488
