460101 241077
450096 238728
451432 238791
424944 241959
440601 240174
422282 243150
419026 243930
437433 238506
412390 245106
403477 244623
412539 243786
423796 242736
440270 241464
422855 242088
404631 245025
413338 243858
437182 240720
415253 243231
411322 244053
417740 242145
415923 243486
428870 241056
409047 243861
423245 242766
437076 240504
420569 243225
442729 241419
402124 244809
454662 241314
406896 245052
411248 243381
413397 243444
424006 242574
418277 243222
421144 241767
428672 242223
434567 241611
422903 240615
447247 241641
404125 244608
429301 240696
457403 239394
422889 241338
433557 241704
441903 240660
426729 241500
444871 238986
428822 241791
413956 244128
424872 242271
401169 244353
422345 241464
418571 242973
413861 244038
426717 242709
410014 243822
433429 242637
425413 242235
409236 244647
430214 240786
434160 240096
409850 243426
418225 243306
411676 244518
468384 237837
450780 237990
445979 240912
415987 243027
447649 240354
438122 242838
481012 237120
443681 241053
414289 241800
436772 240111
425754 245055
437578 244170
436508 240963
406334 244944
408388 243762
444463 240531
421285 241887
418679 242235
452101 241170
426165 243021
437098 242898
413268 243375
410257 243894
459522 240231
430949 240501
432317 241092
417027 243381
408268 244062
426580 241200
442259 242157
415391 243780
440918 241761
426565 241494
454899 240228
429924 240531
414441 243408
