857167 475674
830433 478806
811816 480603
812347 478989
824057 479472
859637 473700
862981 474519
841388 478944
816852 479256
867280 473124
848946 473334
835985 476934
856785 472737
820264 480180
870976 474303
868042 474042
845389 475194
819430 478956
869632 474177
819480 478662
854676 471900
836685 477222
867332 473829
827347 480750
801555 482283
829771 476703
803058 481407
838062 476556
834212 477252
836926 480252
851474 476808
834942 475779
859839 474153
796292 482940
847725 479937
877038 472347
840165 476688
869423 475539
817105 479316
864950 475440
816838 478854
865262 476772
832565 478407
914613 471270
837112 478029
811577 480615
849946 479562
863840 474684
832025 478032
818851 477864
860065 474117
826056 481545
863929 473238
830404 477627
845080 477273
889553 474891
837053 478077
841095 479040
827829 477216
907240 471609
847578 473661
813448 480588
812156 481317
825913 478497
841966 475401
853432 475539
823270 480762
817516 481092
826132 478590
803881 482028
861394 473262
885221 471528
848014 475641
828552 477315
844135 475920
828415 477201
821871 478422
827335 478626
836281 479472
884102 473214
835709 477156
868421 470079
828600 478584
841922 477981
823812 481245
808765 479856
813173 479367
879721 471489
829552 478935
879166 473985
839317 479010
845680 475323
847883 477507
903586 473103
840102 476625
837284 476751
843781 476514
825905 480723
829856 479940
831595 477396
