141050 80007
139196 79488
150813 79077
137895 80343
143045 80226
136258 80082
136721 79890
142447 79758
134143 80580
145443 79176
151666 78918
134832 80400
130672 81012
131818 80538
153213 78201
133132 80604
140138 79917
140481 79401
136347 79851
134189 80373
146533 79752
137333 79725
134664 80082
141870 79710
138524 79752
135280 80238
133393 80340
144128 79458
133278 80079
136164 80058
140781 80220
141607 79257
142788 79563
139895 80058
134117 79875
140751 79110
136381 80040
140850 79746
149076 79056
131302 80631
132539 80688
141707 79254
132677 80817
144325 79188
137440 80013
137025 80304
138172 80028
131292 80850
142077 79860
143059 79161
148960 78696
145446 79524
138230 79866
138743 80385
130549 81066
136239 80265
136862 80577
142661 79110
147180 79800
136638 79644
145194 79203
132237 80637
148764 79425
139403 80067
142622 79842
153044 79062
145395 79479
139867 80463
136070 79611
139424 80556
139365 79647
138028 79812
140646 79959
131255 80895
137284 79605
140507 79326
135533 80385
137983 80058
152046 78567
138411 79518
136055 80172
141658 80253
143324 79086
143344 78897
138094 79761
132549 80724
130247 80877
145577 78942
132604 81063
134271 80490
131325 80751
137933 80124
131022 80601
128824 80880
139948 79764
140558 80592
137292 80589
137771 79596
140558 79935
133151 80418
