768765 410286
732855 413310
759888 412809
762446 414213
811669 408303
777479 410760
729142 415080
742073 412542
773179 410235
723424 413766
740092 415764
776696 412164
740794 410811
718532 416994
710799 417552
729398 414414
743056 412395
729243 414483
729560 412125
691935 417384
784541 406641
741839 413886
729859 414300
720045 414954
714294 416088
768825 411045
711228 415428
725360 412548
739246 412221
697183 418116
740661 414987
715078 413841
738288 413490
738141 412908
729607 413325
706793 418539
729985 416292
695139 419238
758887 412272
706152 415800
768121 408579
701204 418395
707563 417987
707583 416670
720903 415644
770371 411561
742641 416976
703130 416484
712553 415851
730363 413850
708101 416883
734129 411198
726909 412695
760439 409620
714601 416337
704369 416340
757779 413772
740391 414012
811757 408027
739180 413109
786974 408303
731970 413202
783655 412764
731684 413802
716081 416997
779497 408657
721126 414546
750739 413172
703207 417138
710333 415050
713808 417150
744226 412797
731330 413847
714254 414561
725139 415293
711130 417294
764831 410517
701653 416913
721066 413838
736164 413532
767625 409200
715832 416733
708971 417693
715324 415347
710825 416823
721095 415974
723889 414945
730105 413082
705189 417447
711661 418260
729346 415989
783730 411405
737125 413949
741460 411246
744632 412113
711506 416466
723821 414228
758743 409950
722104 415095
718755 415206
