240897 136434
241087 136434
228694 137754
238183 135354
234318 136902
232457 136893
255182 134112
239274 136173
236841 136317
231765 136560
233463 137022
233875 136089
234689 135456
240971 135066
239262 136776
239542 136131
232766 136137
236231 136635
230964 137094
237911 135441
255768 134874
231691 136869
246435 134724
241253 135957
226294 137706
233544 136038
245944 135291
230982 137157
223989 137196
246506 135372
233036 136101
238297 136056
239384 135567
238770 136077
235910 135906
229555 136560
231416 136971
235276 135627
234577 136329
233372 136662
254959 134592
239978 136500
231244 137106
242681 135759
232694 135810
228770 136896
235533 136785
224729 137457
263909 134637
264347 135324
233893 137067
235322 137055
231380 136839
242678 136374
238909 135483
233016 136515
239868 136389
231891 136761
239238 136056
242750 135423
234776 136269
239002 135675
236885 135948
240089 135810
237787 136140
245880 134856
229526 136623
230964 136761
232988 136281
239194 136065
233173 137259
225487 137874
237539 136188
233104 137058
239522 136281
238045 135591
236247 136473
231368 136497
242098 136200
248680 134250
243819 136329
241772 135438
240065 135654
256035 133953
241437 135912
236346 137436
258784 134301
235742 137052
233880 137148
235786 136362
239329 136710
226991 138114
227261 137268
259869 134715
232145 136797
231937 137928
233002 136908
247549 135636
251938 134007
233255 136998
