1007652 554997
942121 556851
963475 557163
1075188 541875
991443 550284
943340 558297
1055047 555837
984025 549837
1051729 549057
974371 553575
959367 555237
943733 558288
953439 555108
948600 556383
942696 558093
998403 548802
1045514 549624
962895 554724
1064947 546438
970419 553188
951415 556278
977773 555414
989987 550509
992152 550515
1007390 552282
972919 552873
955736 554031
1029954 547578
950733 557346
959186 555579
941682 558114
948141 555006
937021 557589
963094 553386
994276 553068
1008832 548061
1050011 546885
955627 556287
993216 549138
986086 554436
1023323 550419
989433 550689
976512 556041
944402 555348
1019125 551028
959577 553917
948087 556110
954671 556551
1037638 549324
970413 552174
954618 555486
977728 551868
958597 556743
976179 552942
1064405 545340
966427 552978
1021138 547755
966576 552750
1014673 553254
962223 555744
961936 554352
965573 553374
983636 553191
985363 549843
1031954 551481
1029969 546750
961428 558156
997031 554700
962605 556074
985846 550995
961694 553386
941377 557088
958315 557514
972661 550266
946075 559068
970760 551721
1002331 548559
957221 555195
953329 557469
964855 554436
970713 554997
973253 551226
1016860 548679
996199 551520
976974 554667
1029187 546489
1028122 546030
1031208 553692
1000918 552606
965946 552681
1034980 547749
974972 551385
1036567 547002
971021 550527
1000836 551973
1018772 546684
984991 551127
1008652 548523
965307 554466
968030 554430
