1108167 572439
1004512 579834
1047133 571779
1029881 581622
1010709 579906
1019689 578115
1055302 579420
994786 580977
1051607 576735
1026429 577383
1013668 583368
1020988 577749
1057230 577578
1056842 573219
984655 582738
1007514 584232
975841 584709
1071374 574629
1058416 578757
1059769 579243
1064221 576765
987890 583233
1011113 580908
1048996 576618
1029049 577392
1084336 573786
1071061 574776
1016142 578523
1000269 580596
994741 581382
1000662 582177
1041767 577332
1050909 573912
994712 582909
1010354 579378
985594 584160
1012720 578253
1004044 579798
992295 582900
1013239 578055
975365 585897
1051437 574335
999005 581772
992290 582426
993398 581367
994501 583569
1032891 576483
1006180 577509
1055819 575523
1111776 571761
987501 583155
1009908 576945
1028263 582591
1054068 574722
1022355 577518
1031732 575001
1008726 580206
1040219 577275
1076672 572520
1011822 576810
1024640 580596
1029528 577875
1027704 576903
1089674 573366
1045011 573801
1046659 577482
1000163 581670
974890 582966
1080200 572787
980451 583554
992283 583152
1061526 579390
1033413 577602
988260 582261
1009472 578898
1080482 573573
1036512 581295
1048451 580353
1055748 578868
1013585 578499
978201 585060
1077999 571716
1009405 582084
1014248 578403
1011256 581541
1062162 575334
1004427 579180
1054559 576858
1033072 577719
1025625 578601
1007832 579798
1046180 577185
1038449 578739
1018493 579525
1056169 577458
1011035 577998
1013887 579408
1036285 577239
1029503 576510
1075017 572331
