484594 278808
533630 274008
505078 276738
481956 280107
465091 281565
477079 280869
477621 279777
468604 281352
476515 279648
508353 277815
486714 277428
516532 275412
505186 276249
522216 275265
496293 277077
473673 280275
486719 277629
496038 275493
493470 278733
502903 276873
478674 279963
494923 280179
527938 276399
534487 274539
481454 280029
498900 277323
460859 282537
481168 279033
480710 279243
513936 275136
483806 278727
488803 277716
491202 277683
477790 279351
479073 279960
482169 278805
476072 279981
521073 274107
519206 274560
478052 279150
520329 275253
466751 280548
495877 277899
497246 275700
498705 277473
500367 275838
525640 276219
483963 278589
473430 279822
534254 274356
479313 278472
482780 279573
490727 279156
485993 278934
533156 275430
490571 277806
479282 278715
500817 276999
476214 280218
506325 278580
479963 279555
498860 277788
496217 278190
523992 273774
498621 278328
487444 278202
496955 277083
500025 277392
476044 279639
491277 280047
498497 276225
477985 281064
493608 277728
470648 281184
505746 275868
471219 280356
514043 275646
499012 276480
475110 279345
488029 278022
477844 280203
484543 278982
471389 280272
475722 278325
479727 279675
478289 279384
497421 277089
494603 279528
491430 280170
489381 277410
486353 277629
530650 275127
485775 278652
472820 281091
480723 278604
484290 277611
480722 278517
497015 279303
492936 277533
469925 280779
