63251 36993
66454 37107
68411 36741
64317 36993
60373 37626
62479 37287
65095 37050
63155 37236
63765 37194
61677 37590
59619 37524
62762 37065
64038 37257
60868 37476
65657 37056
63508 37368
62107 37488
64057 37254
65262 37146
64873 37140
62695 37302
63333 37566
66799 36945
62392 37377
65112 37002
67154 36495
66328 36711
65009 37305
64186 36918
64835 36966
61936 37662
66652 36411
61974 37689
62025 37089
60947 37557
61084 37266
63777 37380
62054 37239
62334 37269
69233 36987
63241 36960
61835 37089
61713 37368
67280 36906
61213 37779
62540 37482
59893 37818
62739 37272
61862 37314
62000 37467
68294 36849
64239 37350
64095 36945
61017 37620
63451 37266
64089 37233
62809 37236
62397 37617
63010 37527
60954 37617
61026 37179
65904 37038
65901 36999
63120 37515
67979 36672
63940 37008
66751 36735
62116 37497
60928 37413
62448 37329
59211 37623
60824 37650
72243 36513
62746 37236
63632 37197
64451 37359
65475 37026
65772 36693
60930 37758
61500 37392
69947 36957
64407 37023
72160 36249
64597 36921
70008 36963
65295 37155
65913 37170
61641 37440
62112 37341
62041 37665
61913 37401
62728 37194
64284 36969
58755 38055
61948 37404
60146 37644
61554 37587
74848 36528
61718 37440
62205 37485
