210413 125364
221570 124029
217575 124314
207510 126105
228046 124788
226710 124038
227517 124695
213553 125316
223908 123702
217571 124368
208061 126546
225271 123120
214409 125556
222717 123936
216160 124875
219203 124356
210597 125952
229916 123591
204344 126456
219460 123990
225641 123756
215629 125604
214477 125205
221211 124962
222427 123969
218421 124959
212351 125559
218669 125019
229592 124494
210850 125508
219366 125187
215559 125649
257628 123312
214990 125265
217549 124227
204285 126105
215952 124956
208363 126384
210493 125637
220199 124842
225915 125115
221292 124533
216482 125370
223501 124092
221285 124272
237082 122595
215487 125154
211018 125331
212105 125691
212870 124866
217031 124848
216495 124626
213248 125658
222216 123171
213006 125619
233734 123789
208601 124935
222290 124812
223126 124368
229461 123243
225236 124194
208558 125979
218935 123999
231790 123810
217697 124812
214165 124923
220885 123984
225771 123267
226071 124167
211015 126240
220532 124005
227500 123957
209912 126033
228784 122781
218224 124413
219828 124005
218874 124479
211998 125142
214918 124755
205440 125448
221834 124326
223621 124671
206132 126279
216108 124308
220789 124380
222546 124425
217164 124293
211598 125073
220544 123867
211176 125703
230444 123639
216744 124485
216017 125250
219414 125031
228575 124077
229582 123678
228640 124203
215661 124344
225146 123828
224656 123777
