179694 101973
185555 101853
177151 102345
196611 100995
178458 102396
178740 102717
182851 101067
172162 102876
166537 103437
169006 103545
175474 102912
186580 100611
180583 101913
190030 100998
168973 103539
181550 102183
187078 101358
168818 103083
173034 102960
173081 102243
180056 103200
187573 101190
179832 102678
173295 103164
179552 101535
184674 101184
178843 102483
187964 101235
176851 101613
170222 102888
167815 103665
180786 101949
181890 101409
183919 101181
170192 102861
194858 100935
174404 102141
177104 101586
178389 103200
180549 101745
170832 102261
186700 102570
176503 101955
186525 100695
180084 101760
167068 103152
173411 102474
170192 103725
169377 103146
191203 100875
175929 102453
177846 101610
174980 102585
181146 101259
185323 101922
169955 103314
176041 102693
189927 101112
178760 102798
179203 102207
176732 102351
178358 102249
174402 102594
184995 101862
174461 102621
185675 102363
173496 102066
171877 102567
172858 102738
180940 102042
178494 101544
172960 102531
176480 101736
168754 103236
172771 103008
172554 102639
176013 102222
180917 102591
167216 103173
179710 102201
180078 102135
179629 101019
172037 102756
180374 101547
189660 101532
179196 101460
170114 102630
179669 101850
183000 101850
176588 102615
191562 101169
217954 100203
170164 103389
178496 102279
172239 102486
169470 103053
178244 100902
178469 102189
172751 102759
180485 102027
