914956 529509
971652 522489
949130 526230
930770 531174
917632 530739
914620 528864
894195 531930
948653 526077
915584 528459
900331 531540
1002004 519339
920837 531060
959231 527238
958240 525246
938911 528579
938576 528693
953916 526194
914988 530025
984572 524724
942727 529038
902190 529395
931627 530610
940298 526824
933737 528882
908299 530733
951042 528819
931164 527544
943270 527547
943521 524439
1022937 518223
991921 523656
939930 529647
928941 527547
953608 523836
964038 525573
915018 531273
945112 526293
935677 526095
911707 529512
927851 528156
921486 525984
972773 523623
925866 527412
922036 527880
964111 523170
914722 529827
912184 531762
910618 530142
936734 528336
927587 527928
961516 527844
956783 526362
957873 528297
917461 531015
944713 529551
915315 530718
905319 531615
918681 529872
917001 528516
952352 523872
925729 525234
961193 526719
946926 524172
1013719 522024
967042 526443
920693 528276
916756 529584
945984 527151
940488 527397
945673 526662
931252 525936
902488 530925
941428 527508
930242 527412
965966 526431
927455 528462
916509 528717
926548 528762
890171 534222
1000395 525537
934776 526257
954599 529503
961783 521958
918701 527661
1015380 519945
945578 523116
909863 532656
902449 532344
918853 529857
953281 526431
933622 528609
909028 529014
924611 528366
949241 525687
1024838 515538
958412 524298
903691 531636
908253 531156
942383 526629
916907 531459
