619530 352092
604249 352728
621165 351387
667922 347898
620880 352047
643460 349152
597352 353952
635483 352524
606242 352419
627020 350172
599799 355290
639190 348897
635795 351381
614293 353382
634948 349473
637835 350316
653985 352710
632850 350139
612554 350700
596810 354720
639964 350358
631907 351345
618460 351333
633179 349821
610549 353952
606518 354897
632999 351639
615826 353487
645167 349959
629310 350310
613820 353673
630878 351309
659951 348597
620759 352569
588862 356283
633512 350931
599745 355299
599706 353625
632881 350289
599128 353301
626061 351351
616987 352119
607802 354408
608254 352422
600673 355326
610734 352137
597193 354249
627739 351795
638409 348090
605406 352452
632004 350784
595920 354576
601507 354063
663801 346563
609010 353448
599662 354072
614535 353196
615331 351519
630904 351609
623208 350343
634278 348972
663447 351399
610265 354498
583361 355704
601892 353793
601149 355203
611862 353451
633586 348870
656691 348726
640508 347649
610544 353319
680677 347148
622324 352233
622411 351894
623268 351435
596579 355683
625590 350466
606166 354201
596799 354594
638696 352173
621662 351390
659346 347442
613671 351900
650418 347886
652681 350748
669572 349365
598772 352887
606724 353064
603131 354225
618423 351720
623863 349527
618935 349650
619017 350466
616794 352185
613677 353664
640952 349692
608565 353043
617187 351432
627008 350337
614496 352782
