135 87
117 75
108 75
91 66
107 78
134 78
110 81
102 75
108 72
120 78
104 87
109 81
101 87
143 75
128 75
106 84
115 69
102 84
100 84
114 75
120 75
107 81
117 81
111 81
111 84
110 84
116 90
119 72
95 78
111 87
121 87
99 93
117 81
106 72
111 84
106 78
115 81
125 84
90 69
104 87
101 81
119 81
103 78
111 84
95 81
101 60
102 78
107 72
107 69
122 75
90 81
109 78
97 84
124 81
126 75
125 78
93 84
99 84
117 81
116 81
102 78
127 81
109 81
111 81
104 78
104 81
97 84
102 75
105 90
104 81
130 84
107 81
105 75
119 84
99 81
104 75
104 81
109 75
116 78
105 87
92 75
105 84
121 72
104 81
119 81
108 87
102 84
116 81
106 78
107 84
100 75
117 87
109 81
94 81
102 75
98 72
129 78
94 81
113 75
112 78
