382058 218967
420294 216645
370614 219228
412081 215676
376831 218490
370794 219816
372933 218481
392969 217989
377154 217899
367724 220002
385966 218886
376275 219765
396725 216663
394007 216357
384127 219111
412115 215793
378466 220215
379939 217431
390652 216519
373875 218085
375602 219222
373411 218391
386339 217086
373729 218766
394726 217398
381716 218184
369181 220944
398422 215097
387999 217815
375389 219150
376358 218430
382907 217395
386324 218562
376562 217695
402477 214902
378910 219039
377302 218730
388569 217317
379168 219798
392711 218400
382388 218328
384033 218889
410062 215559
390011 216645
397927 217395
371163 219522
363426 220386
381350 218046
392535 217755
396913 217710
370537 219678
374827 218328
377181 220107
374404 218769
376594 218742
383304 219384
394310 217239
365459 220635
389930 217761
377259 218553
373923 218715
377214 219645
380219 219075
374692 219234
387469 217158
390929 215847
387365 219540
395402 216033
417182 214836
370564 220746
378701 218835
399778 218364
375838 219117
374821 220020
380444 217485
399618 217716
396257 217026
384674 219243
386064 218766
371390 219438
399510 217095
363352 220653
370376 221436
374052 218934
393382 217737
392807 219327
387119 217065
402900 217296
390358 216033
358662 220806
404143 214887
362337 220452
368641 219633
376727 218460
391073 217611
386157 217722
371979 218865
381707 218916
387620 218055
379302 219063
