565853 299718
538224 301185
541095 302091
564370 299148
522424 303915
537649 302367
526412 301563
524997 304050
517686 304401
532340 302481
523273 304815
524157 304542
522733 303645
534886 303405
553641 301569
529598 302085
536305 301530
531671 302208
567198 298620
581280 296691
529356 302460
522156 301935
537971 301821
528197 303036
533096 302085
565105 298668
526095 303516
540472 304011
581555 298602
533697 301875
535133 302616
551675 302157
533011 303423
525511 303162
523907 303888
516312 304440
525027 303363
532439 302220
535063 301395
529069 304698
569394 297846
508422 304272
562188 298932
535314 302286
529645 303510
552397 297786
527407 302349
546000 299919
523377 303522
560842 299748
540775 302913
529220 303390
593197 297948
513555 303960
530319 303474
527664 303366
516715 304803
565208 300204
545424 302457
538489 302832
521312 303528
499314 306507
533728 302670
534693 303987
525060 302280
521561 304353
523236 302874
560908 298854
524868 303234
553054 301440
526682 302172
534257 301959
522404 305703
552945 303789
526348 303051
554682 301212
534489 302586
506864 306903
546588 299205
528514 304359
532407 301638
510024 306279
546592 304347
553158 301362
540887 303642
565772 301224
532533 302730
514637 304218
541690 301677
555131 303045
544998 302625
509728 304830
524395 303438
515132 304044
523674 304269
538826 300948
545451 302967
533360 302847
548700 300570
527073 303456
