707454 386808
696202 386925
670673 391920
680364 389742
758606 383283
686845 391275
706493 391299
680765 391467
688967 389169
698028 386703
707392 387753
743214 385089
673921 392514
670440 391281
698958 389529
692446 388257
678312 390069
691860 387366
720249 387219
709869 389043
686945 388395
660645 391836
687070 388317
698389 389631
690302 389202
692087 390585
680502 390420
684660 389244
658519 391692
671035 389211
669604 390324
697150 385794
695576 390345
727642 385665
705330 386109
664635 391575
709465 388329
694744 387882
706531 384294
695654 386028
683982 389382
665843 389400
667842 389913
670333 392781
659584 391491
701903 385404
684973 389778
683790 390036
695401 387564
703847 387513
696963 390288
680419 390996
687061 388647
680304 391509
648574 393501
763702 379443
676579 390270
709843 386646
724885 383349
711916 385743
696870 388857
684236 389781
682497 388014
646388 393297
757761 383247
652536 393483
703495 387507
692622 390681
674795 390585
666828 391689
730361 385029
667947 391086
713136 387876
738624 385689
674470 390351
702413 387969
676011 392013
678501 390873
693216 388368
677654 389148
681786 389619
734425 383376
709779 386061
655984 392610
688567 389145
718605 384939
669236 390870
713910 385686
679102 389079
685553 387105
746008 383358
688443 391491
742991 384111
695126 391248
730368 387426
658048 392085
687789 391047
673093 391083
660733 392631
698726 386340
