902785 485079
895536 485232
850670 494421
891617 487581
864655 490845
868372 492798
863597 487659
881928 488232
860381 489747
850034 491922
876384 491121
842875 491520
885839 486294
849498 490008
842057 493092
854898 490620
844333 492603
840272 492576
843608 495006
878865 487623
909394 486840
887157 487839
827538 495786
880325 488298
872733 490908
857459 490914
851033 490650
852615 489888
845263 491040
848266 490464
844661 492081
860252 490965
875218 488409
835258 493269
855986 489909
873817 485616
844242 490974
872943 489882
838715 495711
836670 492900
868658 487608
844296 492351
860054 489972
940831 484254
851983 492876
887915 486297
866077 489909
888835 486516
857038 492267
845039 492147
824807 495339
894190 486336
845530 492528
876411 489309
863230 491640
910773 481230
879585 485949
860755 490956
897879 489246
884298 485883
842911 490656
856886 492474
888919 487677
893781 489552
859096 489438
882763 487776
887013 485421
869687 492633
889514 488892
894719 485487
837490 490857
843816 492702
856003 490791
858637 488721
862590 489660
841815 490857
874941 489009
865623 486963
916226 484773
832417 495714
847687 489405
885219 485718
878566 488481
896577 488130
847171 489765
837645 492966
853370 490926
826945 494085
839277 493239
891570 483951
876409 487509
837575 494409
853085 491241
898050 485223
861291 492072
829095 493821
851958 490191
854655 490431
837956 491184
855779 489072
