286 189
290 195
261 177
287 177
263 174
293 192
256 180
265 186
286 195
315 174
271 195
251 186
258 192
288 186
246 171
286 165
248 192
247 189
290 174
285 186
250 195
276 201
252 192
316 180
284 204
282 180
271 201
270 186
235 201
260 186
305 180
272 165
295 180
241 186
248 177
278 180
264 195
242 198
280 189
247 177
290 171
251 198
274 171
295 195
261 192
285 180
309 177
273 180
288 174
294 192
289 183
285 177
332 186
296 180
273 201
249 189
269 201
275 180
270 201
276 180
278 174
248 198
254 180
335 186
266 183
308 192
250 204
259 198
279 183
289 192
260 186
277 189
225 201
328 177
275 192
288 177
238 183
265 192
276 198
246 192
292 198
257 192
256 180
264 192
255 183
297 192
276 192
252 183
251 207
271 189
227 195
300 183
266 195
260 192
250 189
275 192
306 189
268 195
283 174
251 204
