682615 404640
700193 400830
751729 397338
700393 403344
722616 399711
723853 400668
692567 404130
716699 401274
715805 402426
693258 403320
705506 400452
696763 402924
704219 400689
682679 404043
707129 401706
698104 402933
708705 402114
698082 402489
682778 405483
707785 400977
704419 400869
728606 399603
738109 398001
748075 397071
703385 401001
696809 403905
740671 396276
746514 396513
691394 401922
701102 401688
745362 396741
727159 400620
688533 402249
690868 404076
672021 406143
694040 401583
747332 396960
703020 399945
706478 402351
695834 401919
685992 404835
752942 399129
704720 405312
738633 396861
679801 404268
722800 401925
720338 400305
750379 397950
727302 399966
690159 402579
767308 394584
684111 404034
712089 400671
692001 403731
710612 402195
687313 404610
768106 396843
723940 403467
737021 397797
683953 405528
743595 397056
715340 401520
695093 403986
708413 402396
702058 401964
701245 403290
735121 398094
753525 395082
701076 402063
700969 403746
682163 404499
746860 399636
701260 401007
690960 403503
752066 396264
747448 401937
689097 402603
694340 403890
709039 400284
691690 403053
720308 400284
748301 399750
693767 401610
700964 401940
691157 403641
683493 404727
680077 405579
712008 400968
697516 401826
725466 398934
739315 399966
699868 402039
706653 401058
703054 404640
692733 403305
703146 403209
745630 398355
687072 404409
716460 402141
735992 401403
