34 39
44 30
38 33
35 27
35 33
36 30
34 33
32 27
47 30
40 36
38 33
43 33
42 39
47 33
35 30
45 33
31 36
44 33
40 33
49 27
30 30
35 33
49 30
37 33
43 30
45 33
37 33
42 33
40 36
30 30
44 33
42 30
35 30
38 33
43 36
41 36
42 33
34 33
43 27
49 33
49 36
39 33
37 24
35 36
35 33
38 30
43 33
38 39
50 36
42 33
42 30
36 33
45 39
42 33
53 30
41 33
42 33
45 33
39 30
40 33
38 30
42 33
34 30
43 36
30 36
38 39
32 30
33 27
32 30
43 33
40 33
42 27
47 33
39 36
42 36
37 33
41 33
38 36
36 30
41 36
42 36
36 36
35 33
47 30
39 30
52 27
39 33
46 30
32 27
45 36
40 33
44 36
42 33
43 30
37 33
33 36
36 30
40 36
39 33
37 33
