550384 314325
603805 313137
576570 314871
549633 314859
564735 312927
530299 319236
583393 310524
554917 314658
550019 315756
597390 310473
560129 314397
564320 314187
549427 315084
548547 316848
556418 315306
534030 318123
562028 312315
539614 316725
547438 316047
554651 313608
543255 316848
557432 315972
599941 311163
553968 313980
525295 318054
554433 315447
541514 315648
551733 315447
545142 315795
571576 313530
536791 316011
579429 311379
579354 310848
568285 314820
543195 314664
564998 315483
550992 313257
549873 316338
539070 315306
558186 315357
536167 316650
547080 314994
566918 312906
555303 314736
601321 312717
561978 313950
597926 310398
545573 315210
563095 315129
588473 312165
578814 313932
556796 315408
534595 317289
550791 314373
560189 315117
531514 317634
563733 317211
541094 317004
560581 314103
578260 311496
542989 315696
549842 314547
531987 317355
576358 313854
536618 315621
545426 315948
536700 316500
544573 315726
565290 313107
549545 315354
547328 314880
550117 317232
541058 316080
532494 317379
592813 317088
522445 317682
557030 316383
545299 315582
566658 312291
554874 313467
550777 314556
543890 316278
552789 315555
532110 316881
557803 315228
571447 314925
566712 314001
552955 314772
532886 316368
543829 316776
558506 313023
563111 313317
575450 313248
557650 316248
558594 313605
551945 315027
534730 316221
557293 313926
554350 313731
533875 318033
