83244 47550
78983 48153
78270 47994
84999 47607
81138 47772
83412 47670
79913 47679
91120 46491
84384 47304
82994 47760
81445 47484
81715 47736
85290 47043
82259 47583
79544 47742
81030 48036
82280 47412
79806 47625
80128 48024
80748 47667
84736 46989
84847 47262
81166 47655
78618 48054
84627 47610
80305 47700
85112 47172
80968 47739
81316 47598
82586 47142
82174 47232
82021 47661
91009 46800
82692 47430
86635 47694
83616 48051
81211 48099
82339 47448
79436 47433
79429 47871
80429 47562
81164 47601
82304 47751
82172 47589
85226 47454
80367 47694
84022 47448
79977 48039
91318 46728
82538 47676
78035 47985
80208 47652
77166 48276
90196 47034
77651 48282
82690 47637
79612 47922
85594 46824
81099 47787
78725 47934
78867 47691
88365 46545
76235 47898
86602 47280
81792 47799
80826 47574
79204 47697
79292 48324
78071 47907
82892 47505
82416 47583
77882 48198
79711 48000
81452 47376
83711 47490
83627 47154
86185 47097
87362 47055
88189 47361
84580 47421
84332 47496
81685 47688
81553 47640
78635 47910
79408 48021
81083 47505
82990 47901
83939 47529
81925 47679
79819 48042
90345 47589
82888 47709
80137 47823
82154 47430
86208 46947
81080 47901
79995 47370
82476 47178
80361 47664
84569 47070
