336903 194421
338830 194898
358246 191916
338824 194202
330081 195024
353455 194157
330617 196506
329527 195246
328178 195816
332468 195909
334476 195315
343007 193866
373858 191937
337107 193959
346392 194787
341138 195627
326412 196515
357688 192726
328270 196176
351991 192708
338791 194850
349705 192108
342417 194001
334841 195570
327284 196890
324466 196542
333022 195198
338170 195567
345658 192894
338842 194538
335636 194934
340730 194541
325098 195768
344354 193518
330985 195456
333022 195810
367080 191100
338508 195090
351797 193173
340097 193989
334860 194895
317372 197733
341603 193068
335235 194058
341836 195243
349511 193860
337971 195558
358941 192453
358136 193875
338059 194697
331648 195837
344413 194883
335854 194592
348974 192996
339931 193668
330958 195300
332093 195816
329128 196725
340065 195162
331545 195840
346197 193119
348302 193596
336928 195627
333421 195087
359415 193827
333692 194901
365083 192162
366006 192510
338945 194718
331238 194721
325402 196104
328947 195480
334675 196170
326320 195822
344365 194394
337485 195390
332435 195789
336809 196041
339960 194775
343332 194571
339460 195393
349338 196071
341057 194010
332157 195273
377500 192660
344957 193485
345937 194391
346839 193689
326278 196098
338458 195606
347377 193380
346644 193257
329034 195438
351099 194166
334990 195738
336784 194883
342353 193356
336721 194958
349440 192942
338464 195795
