170126 90375
179107 88920
154940 91188
151388 92175
157089 90885
166610 90837
176116 88977
171684 89820
186535 88974
154795 91086
162858 91047
163915 90783
159036 90900
161293 90669
159388 90528
155697 91260
153778 91953
155296 90744
160872 91107
170980 88872
159855 90990
153200 91491
151858 91731
161912 90348
153401 91551
170950 90066
157062 91221
160096 90801
161269 90693
149209 92025
153696 91737
150455 91599
162508 89985
151489 91329
150584 91482
174861 89196
164804 89808
154056 91443
164711 91053
156254 90747
155544 91392
157274 91224
161431 91110
151819 92082
160427 91155
156923 90822
157413 91893
162256 90153
169884 89751
161648 90558
158886 91293
159798 90729
170639 90234
166981 89724
158426 91416
152064 91635
150553 92313
154895 91878
156548 91614
161194 90549
151824 91515
157607 91608
158298 91245
162084 91836
158551 91686
154593 90918
167121 90423
164332 90207
161596 90681
159674 90915
164437 91092
156854 90957
171105 89682
154995 91593
153309 91275
148175 92100
160096 90717
153757 91296
148317 92004
156198 91488
158805 91158
154707 91365
171291 90156
153307 91563
156303 91167
161483 90606
168933 90111
165130 90192
151315 91125
157347 90897
162114 91101
162751 90534
169866 90744
166821 90657
157692 91197
150150 91530
154167 91161
153095 91836
152085 91251
155443 92091
