777699 455052
783055 453096
789617 451449
839334 448299
778305 453300
805551 448779
773013 454383
768512 455970
827584 450612
812550 450384
778301 453513
832199 448314
772653 453522
831902 447159
799343 450273
835745 447954
827432 447996
794236 452316
811422 449145
819425 448065
778225 451686
768490 455562
809304 451659
806778 449571
796084 449805
814238 449400
858589 447774
773401 454272
802804 451251
808382 450978
802040 453684
815187 449595
815019 451158
794186 453747
806501 452412
806290 450324
785369 452346
789040 452868
784992 451047
794676 451080
833289 447876
784672 453468
810644 449346
798516 451251
850063 444162
801531 450639
810368 449730
795627 451974
793561 451650
832374 452493
805387 451635
788531 452445
775338 453822
794205 451941
792441 450063
839601 448326
802580 452172
812205 450450
792372 449787
768016 455994
770605 455253
756590 456828
821041 450198
801329 453294
805399 451194
808235 451242
769481 455538
804032 450990
820010 447924
796717 450648
797871 453408
813798 450006
787057 454203
814863 450144
846820 445701
790479 453453
778448 453210
791030 452706
777140 452754
793640 449604
845297 449277
793317 451599
823255 448746
805197 452010
785777 454899
759760 456795
802652 452094
822066 450555
801914 453522
810707 450528
803870 451053
790497 454275
775961 455820
798503 451869
843927 445164
827622 449394
771235 456732
795248 452283
779726 454179
789559 451962
