45073 27105
46130 27120
46819 26847
43355 27144
47595 27105
50020 26448
45897 26862
48070 26856
47689 26937
47662 27129
47224 27036
47836 26838
47631 26928
48859 26793
48571 26655
47352 26565
45588 27120
46543 26892
42802 27321
46073 26880
47320 27021
52288 26586
44296 27252
45157 27405
43785 27258
49736 26898
48871 26964
45551 27444
45801 27345
47191 26952
47506 27132
45584 27258
46787 26952
44362 26970
46275 27255
44823 27207
50007 26739
44354 27135
48769 26691
45315 26946
45565 26907
44701 27231
43985 27138
45891 26928
49268 26643
46761 27006
47947 26832
44622 27267
43901 27219
45595 26976
46574 26844
46778 27138
49276 26937
45206 27222
44972 27201
51597 26340
48089 26757
44203 27084
46972 27198
45141 27120
46690 26820
46063 27150
50306 26583
45823 27117
46579 26808
45978 26862
44740 27357
45370 26928
47034 26946
47380 26805
44483 27345
44089 27261
47902 26865
46861 27321
43374 27405
47594 26949
47846 26733
43147 27357
46272 27063
46412 26940
45180 27246
45673 27372
46742 26712
45544 26934
42661 27462
46314 26700
44610 27504
47609 27639
45929 27033
48532 26577
44296 27258
48119 27063
47790 26862
46640 27039
45731 26925
45600 26994
45391 27123
46822 26952
47643 27087
45161 27258
