324625 182775
324952 181473
329182 182700
316060 182784
307750 184716
335613 182229
320256 183294
317098 183558
323277 181674
319572 183015
335048 180174
316611 183390
322891 182772
315222 182961
320316 182442
322378 182082
316084 181701
311008 184215
339318 180006
312357 184722
317709 183465
340832 179454
317451 182190
307096 184179
316009 183105
308672 184149
308658 183540
320089 182541
313089 183123
319402 183153
315331 184194
318223 182775
308834 184065
337970 180381
307253 183567
319765 183723
336724 180195
316637 182727
302558 184869
318456 181812
308656 184308
313798 184185
346931 181482
315725 183294
313810 182487
308954 184344
304216 183843
330127 182148
333982 181632
301832 185133
317234 182067
316640 184347
321039 182757
330367 181815
316613 184017
315248 182895
305835 183573
317030 182853
326399 183201
349293 180849
308643 184278
304175 184512
314313 183282
352736 179904
336340 182007
317401 183258
311659 183633
327919 181530
307909 183609
318438 182601
322949 181992
319470 182334
329208 182445
326744 180990
317601 183978
317232 184239
328237 180285
331573 182880
321212 183105
330443 182148
318085 183078
319568 182442
318621 182775
305589 184023
317507 181995
317675 182400
329983 181575
323482 182613
303855 184032
313048 183693
319684 182883
340442 181791
319881 182736
333894 180765
331406 181656
325816 181890
315782 182013
349133 178716
326377 182103
317966 181662
