95387 58986
106224 57843
100775 58530
101047 58152
95439 58917
96695 58704
99038 58683
109649 57231
101964 58257
105656 57048
99315 58473
97259 58293
99903 58287
101640 58200
99308 58395
96451 59079
105640 57534
96080 58881
107986 58230
104325 57972
100724 58524
98676 58590
99952 58776
100986 57882
102620 57867
94494 58617
99865 58755
102392 58452
103710 58203
95441 58875
102419 57573
96880 58773
99601 58170
101021 57738
103131 58275
101253 57870
99059 58623
109645 57228
100433 58167
103229 58047
99885 57993
98198 58626
98929 58011
103083 58206
98783 58386
96237 58368
105168 57672
103402 57696
102458 58842
99024 57939
100795 58125
109693 57957
102502 57663
96682 58803
104747 58275
98748 58374
102046 58173
112862 57564
100489 58485
100640 58419
103051 57888
102094 57240
100839 57981
94850 58605
98431 58446
103221 58503
96782 58686
98269 58503
96353 58644
102295 58308
97036 58554
100615 58341
98766 58089
100562 58389
103202 57852
98903 58398
95686 58551
101511 57639
102122 58329
100231 58284
99864 58170
99368 58695
98645 58581
102398 58062
95118 59031
95558 58965
100405 58173
95950 58869
98527 58632
112410 56778
100960 57711
99771 58614
100068 57834
102324 58452
101812 57600
103407 57237
104925 57972
102267 57924
98837 58524
100612 58302
