122479 68448
119102 68694
118397 69588
121061 68847
117796 69177
122895 68646
120414 68913
119570 68682
117859 69003
113771 69156
120811 68760
115283 69234
120168 69123
114189 69450
110632 69891
116415 69300
115739 69966
115968 69519
112311 69516
120026 68628
118801 69357
114522 69531
112080 69720
120644 69426
123410 68391
118309 69033
120966 68595
120596 68820
114833 69906
114924 69675
112529 69840
120237 68802
127040 68121
114418 69582
117783 69252
121993 68742
121826 69171
117429 69795
116566 69768
114007 69564
121958 68694
118406 69504
118431 69327
116438 69141
116398 69165
129156 68367
129029 67890
115503 69339
114080 69264
117860 69321
125468 68085
127884 68343
123592 68766
115635 69552
123221 68829
120337 69288
115268 69357
123752 69015
117821 69510
117283 69180
117906 69009
126415 67965
120969 68919
113961 69882
117407 69204
118570 69402
116688 69243
120527 68784
116138 69303
122904 68838
122389 69213
113902 69759
118067 69702
117659 69354
124696 68403
118772 69072
120341 68802
113558 69840
113124 69972
121234 68697
123187 68364
118557 68877
114601 69726
116193 69162
116620 69405
118037 69576
114020 69261
125244 68199
134523 67968
114864 69330
111688 70005
120257 69090
120468 68727
118141 69594
123943 68355
118025 69186
121718 69327
118225 69150
123859 68439
122775 68691
