605216 337314
585429 340710
619880 338601
591713 339204
580423 341232
571037 343212
575495 341952
594026 339504
572494 343419
609860 339192
617399 340857
598606 339975
590969 339759
577891 340152
657662 330981
591964 341076
583428 340716
587067 339861
587376 341577
578024 342378
581158 342711
586579 340071
609261 339723
614162 339846
594464 339987
600934 340440
583732 341526
596205 339300
578748 343236
587589 340092
605289 338562
594840 338874
604506 337932
620353 338841
591744 340416
667520 332178
580829 340578
627804 340821
617548 338049
630650 338004
583754 340938
661201 334698
594031 340644
613252 339720
581427 341463
610165 338118
573911 342462
578535 341763
574325 340668
613940 337635
628890 336483
625655 336810
568195 342525
593952 339306
611828 337377
608262 337209
573920 342645
615129 338547
588384 341112
600274 338664
599652 339759
627592 337917
582761 340170
588293 341181
583413 340899
570851 343743
587584 340281
604186 341001
602374 338109
594498 338883
576430 341643
574603 341526
637525 340014
614489 337353
576304 343095
588859 339486
596228 340542
614878 338196
592230 339234
570217 343497
605631 336699
653038 334857
610266 339261
637150 336774
607314 338655
622318 338052
617979 335436
601000 338712
581655 340425
590837 339423
608883 338712
595738 339894
625014 335448
582340 341946
584915 340353
596748 338787
596199 339669
605472 338847
610283 339189
582884 341415
