772322 439740
780739 438645
808163 434538
849502 430314
748553 441648
761493 442254
752568 440895
752537 442743
778603 439188
780649 438948
771165 439833
756899 441987
772750 438159
754073 443427
771849 436608
813709 433557
827266 436200
776989 439437
776411 442035
756381 440892
774865 437442
745928 442509
766904 440283
738008 443772
747747 441612
777444 437400
770828 440253
770842 440706
773107 438129
789784 437343
744180 442467
766906 439926
771661 437208
823919 434598
744260 444237
746404 444072
729423 446790
772548 438261
758602 441675
743774 442074
773439 439089
795854 437610
795783 437157
836791 433734
754331 441021
765407 441396
765353 438954
759681 440373
802234 436092
834954 434931
763607 440271
773925 442968
782769 438582
778892 443343
817502 435579
749967 440892
780822 438066
761814 440685
775761 437772
787239 440850
763775 439029
789257 438486
745410 442761
760761 440586
774352 441252
751374 442440
778020 438615
767650 441480
766555 440628
851031 434082
741707 442347
828096 432867
843753 430989
753665 439548
756905 440580
760308 441807
772440 438855
768868 440952
733529 442671
773609 439491
765866 442323
765075 442713
772236 438957
824442 432303
787453 437301
778938 437346
763049 439704
765250 439620
762567 440502
761356 439470
768430 439125
798840 437805
772471 440463
753065 443208
743090 442272
815604 438414
746267 441306
817018 438321
754428 442821
767611 439503
