288452 157590
287584 158571
274887 159552
324191 156162
275602 159222
273316 159102
293414 157530
273561 159627
280667 159132
291545 157788
273745 159369
292685 158778
282545 159870
301593 157809
266840 160224
266701 162258
277375 159204
268097 160908
268700 160383
282424 159612
293461 158016
273367 159546
275240 160431
285148 159024
282254 158709
288041 159201
274272 160743
277222 159192
291003 158538
278815 159450
273135 159555
268127 159621
293561 158202
280589 158928
274230 159690
286437 158673
265549 160953
264494 162000
278658 159147
275718 159657
277731 160026
272807 159393
283693 159333
284884 158340
289461 157692
272938 160212
286369 158613
279424 158682
272160 160038
274216 160257
274333 160113
264316 161613
276348 160089
290855 157299
271267 160605
279368 159507
263497 161187
270034 160197
276498 159381
263883 161223
269511 160920
293029 157140
277432 160452
276151 159906
275649 158916
268630 160710
294960 157653
268651 160932
286144 159276
287211 159978
276591 158562
275865 160119
305851 158250
287361 158073
278627 158187
280041 158442
280239 158307
270416 160272
276932 160005
300776 158478
270080 160311
283170 158310
264228 161223
290378 158172
296862 156981
277297 160185
269906 160683
317359 158034
293051 158241
289266 158322
269380 160425
291761 158505
285697 159867
287815 158541
294194 157578
286423 158565
270146 159846
280581 159852
275912 158331
339002 154146
