872146 504171
869808 504387
876249 502260
870231 503235
885754 503178
932922 499533
874322 505767
842778 508704
892632 499752
880363 501183
872942 502974
875564 502623
853747 507234
851032 505212
962527 497832
862610 504222
852420 507192
903220 504006
879188 502839
935702 499461
878377 501552
874684 503526
870692 500391
879140 502731
930900 499932
890336 501378
871871 503247
878279 503784
865756 504612
892492 500508
868971 502617
861220 504036
862422 503010
876873 502380
977247 494151
906432 500922
887557 500268
861692 505665
901777 502767
886319 503394
898848 503703
895705 500067
853229 505680
965055 491517
913516 501675
867963 503394
864807 504243
895597 501234
874294 500601
898047 501747
914010 501048
899784 500502
854747 503232
917068 500850
886485 500223
862494 504462
866324 502959
975300 496446
922067 497838
906913 500832
864944 506364
910967 499116
898870 501990
915893 499863
884900 504849
877252 502914
868752 504267
855600 506511
914619 500604
899529 503895
913322 497349
882767 502374
852015 505575
940386 498009
853157 505365
897609 503040
896436 501687
888697 501954
914034 502437
884856 500982
900099 496962
889932 501510
877830 505188
879655 503853
899977 502359
867877 504603
952257 500502
915497 500232
911310 501381
925428 496965
877653 503961
851207 507960
924051 497211
912661 501057
866399 506442
881340 501831
917026 498927
914823 499497
914924 500631
867678 503379
