415527 229179
410079 230040
403761 229065
404192 231885
388370 230931
399857 231042
392991 231273
392124 230751
416200 228987
410784 229512
403300 229764
397124 230253
412835 229704
384423 232788
400182 230223
390878 232425
435848 226167
408841 229125
397630 230844
415574 227169
407931 228474
409654 229776
397108 231411
379891 232674
407481 230448
392189 232173
405869 230430
409859 230313
410107 230361
430955 227643
396288 230463
402254 229503
408263 229815
406867 229416
406000 230079
440679 226377
398598 231342
470299 226122
404879 229644
400482 232110
392779 232431
389641 231303
394706 230877
411409 229884
410913 229269
382036 232578
401927 231255
395025 232281
397620 230001
389543 232563
413498 228627
402923 229839
389669 231978
407044 229467
420938 228990
400760 229437
429704 228849
407543 230160
412594 229122
398137 229620
413588 228105
400881 230016
412061 229554
405096 229254
406197 229401
395770 231411
412850 229071
392964 231072
409266 231000
390536 230226
396012 231672
392846 231102
401986 230010
402739 230490
413518 229614
397839 230850
387524 232644
420632 227847
382533 232266
440940 226299
385543 232197
394936 231258
410919 231285
406042 229980
423609 229104
391838 231969
400927 230919
419631 227685
401652 230220
403110 229749
406146 230295
412688 229101
394339 231885
401588 230850
402722 230091
394126 231912
404828 229203
445541 224628
409614 229560
401986 229974
