645269 378228
704617 372213
682344 376320
669615 376755
645413 379440
645752 378336
650144 378546
661143 378327
639812 377187
668102 375549
691886 373590
665739 375210
659696 375144
658198 378924
657259 379482
657292 376245
665410 374628
677611 377607
658924 376848
650454 377052
653210 376875
653991 376740
655907 377184
637333 379551
656850 377856
668299 377166
664370 376146
661771 376320
677244 376107
645606 379203
654469 378288
667833 376719
648138 378705
649445 377673
708085 374451
698989 374463
678138 377220
672504 374403
674362 375366
644295 377901
639134 379422
698416 378066
670147 377403
680653 374892
663794 375042
720020 370362
657835 378354
655708 375750
717731 371472
651952 378612
675709 374616
662330 375840
644866 379599
642104 378984
680707 374100
655009 377094
698351 369909
652584 379527
661675 376416
654540 376986
696782 371970
676379 374277
657714 375990
662134 378996
677759 375903
655439 377511
657071 376680
667851 375003
669566 376242
653306 379131
674659 375825
694954 374457
685947 374001
651658 378819
667430 377337
671265 375216
634045 380823
659102 376965
651887 377256
675681 374226
652392 378489
650808 377547
698452 376065
652702 379215
658205 376071
681347 374232
640938 379593
670530 375750
670429 372936
689444 374880
648889 377808
697870 374664
670983 375660
669990 376032
674871 377430
674425 375684
663728 376431
689405 374433
684334 377295
727074 370641
