445468 269220
462282 267069
491493 266331
458765 268467
473835 266088
477529 265173
491607 262854
461914 268530
452444 268020
471628 266001
470556 263808
476947 266517
474961 265329
453273 269394
459314 268281
458612 267240
459491 268257
481686 264435
486986 263451
491199 265710
508740 260139
466842 265779
467885 265632
480518 264912
463404 265452
456556 267135
471176 265656
469429 267621
458316 266943
465224 266283
453028 268617
455560 268581
459790 267339
472081 265497
481320 262866
458728 266700
469808 265680
473069 267336
455524 267594
458423 267774
447380 269526
463977 267129
480986 263385
457401 268041
454110 268068
461158 265899
491744 265212
497366 262494
472542 266070
489718 263496
464671 265014
474899 265416
467020 265533
467943 266067
504242 265041
468311 265293
456125 267768
448297 268545
444130 270012
480609 263946
472588 266355
515648 261708
453887 268506
462883 266028
483744 264309
473093 265767
480303 264063
479696 265707
490421 263649
477523 265782
488837 264093
475113 266055
471384 265155
452583 267789
454604 268389
479168 266814
504482 265620
470769 267069
471289 265392
458022 266937
462811 266985
467761 266973
450572 268233
502291 266007
492678 262767
457448 266514
480751 265737
469996 266469
470079 266400
468438 267570
445103 269994
481098 266316
459034 267168
454828 267948
486708 264732
477142 264252
467141 266127
464581 266544
460291 267813
479135 265254
