825443 461862
866559 459060
804952 464652
820788 467634
835535 464013
838933 460134
831431 461505
792973 467103
828616 461529
857294 457458
839283 462765
812533 464124
836264 462123
849925 460173
807432 466962
811401 464844
810989 464550
791383 467460
868346 461301
803692 465030
825690 463071
832150 464010
896890 461190
829030 464256
800769 466500
834970 462252
853466 461616
825267 466464
856603 464118
816277 462888
837723 463647
810252 462477
841946 462387
818164 464313
797751 465630
814178 465171
808842 464892
857600 460356
806510 465960
803880 464583
800086 466104
783019 466653
799151 467346
783920 468600
818314 463269
804902 466791
782149 469638
835932 463410
864444 462438
796433 468261
844504 463140
806683 465231
843677 461628
830064 463299
790205 468054
809111 466503
812458 466167
782921 467826
782453 468537
838755 461148
784483 469245
846829 463548
812521 463359
797737 466284
821533 463902
790330 467529
803799 466194
799989 466269
845316 463179
805616 465282
803476 468012
857090 462339
806241 466854
806928 465525
816518 465093
806429 468426
869795 460155
825343 463425
858161 463332
824174 463548
892287 455745
859587 458589
780766 467430
820897 464982
902669 459783
784396 470523
825826 463794
831166 462723
793468 466962
838163 466434
799134 465030
819147 464466
859089 461616
884206 459102
866034 462696
792668 468708
816260 463443
843896 466896
796411 467520
803951 466674
