756647 427446
772390 424353
806335 422022
729721 429525
793111 428217
736146 429285
734574 428781
754982 424488
780849 425640
752979 429243
750018 428550
842737 423783
767924 423642
783312 424116
744774 428658
732743 429447
744794 427884
765829 425448
738214 427932
743997 426510
747756 425760
737674 429192
751257 425862
765413 426426
750998 427749
755596 424443
755968 424380
765777 423744
725444 429840
751675 425799
745455 429069
767736 423612
797844 424200
772406 425196
789321 422892
749571 425727
749890 430203
754930 427296
771150 425001
750032 424890
764562 425475
731749 429258
743317 427929
776711 426057
768514 425394
750404 424773
739136 427902
760752 424875
776579 425577
725595 430914
792873 425313
739421 428040
796592 424065
779381 425061
707783 432321
742222 426354
757628 428277
725951 428589
730552 427500
761705 426345
815255 420024
792387 424368
740654 426129
748535 427200
739404 429321
806429 421062
727823 431022
737783 428508
767039 425760
756195 426111
759679 426636
719738 430473
783957 421407
732093 429531
722347 430008
745722 425967
798939 423723
749598 426297
795121 426528
771827 425883
790916 423795
804775 421581
751423 428136
767738 425037
798706 423789
713896 431745
777721 421929
777478 424197
760706 425172
716812 430695
794716 422160
728012 429120
754120 423813
739542 427299
762827 423732
751135 427275
760383 424476
735705 429174
735778 430026
796931 423696
