187 141
173 141
189 135
229 132
168 132
204 138
178 135
187 135
184 129
192 138
199 132
170 138
150 138
258 129
192 135
160 123
179 147
252 114
178 141
174 120
169 126
192 123
187 129
181 132
164 135
168 138
178 126
174 138
156 132
169 153
179 135
191 132
182 123
185 132
194 132
173 126
180 135
207 129
161 138
197 132
179 129
175 138
209 129
198 123
183 117
180 126
179 144
172 129
166 135
203 126
211 126
218 123
179 126
184 135
214 135
173 105
172 123
166 135
201 126
159 123
172 132
192 135
200 141
175 135
167 129
160 126
177 132
169 129
217 126
173 135
188 108
187 135
176 135
222 126
165 141
187 129
182 126
187 135
193 135
205 132
187 129
163 144
178 135
179 141
167 129
184 129
178 141
162 126
215 126
214 132
180 132
176 135
171 144
216 126
177 117
176 141
188 132
185 132
170 150
185 126
