905362 514260
919676 514914
875165 518055
901694 515850
904540 517983
946227 509694
905784 512172
939917 512139
900660 515382
871085 519162
920702 515808
966413 506871
916054 514767
868122 519036
918666 512781
885115 517956
867693 520473
879321 518040
869518 519930
889949 518112
963873 512424
925807 518238
961535 509451
906428 512961
919868 513510
968106 507333
880537 518547
892389 514065
906045 514776
899324 515859
905301 515445
919243 511335
896205 514971
1035333 507831
915393 513231
897353 514704
917701 513648
886493 517188
881254 518553
902556 514146
890454 519339
920166 512586
892102 516720
929217 516786
930663 510747
901157 515178
898310 514437
891843 518625
883600 516990
991606 508701
960166 513246
900163 516981
867139 522066
934147 512397
982104 510582
911433 513183
914115 517584
893801 514884
930988 514800
987563 509670
933587 514668
922579 513267
906948 513930
899171 518646
962947 513687
959267 511395
907992 512778
890283 519543
928409 513207
929552 508494
887135 517050
948605 509823
910345 514233
875607 517575
903784 516147
963536 508674
969921 509886
954167 509979
894907 517014
920847 512901
932306 512319
949582 509241
936972 513540
882549 518670
940036 513258
917220 516327
913511 515778
908302 515655
920917 513519
911734 513585
926172 511494
919811 516444
888970 515901
918710 513165
904948 516696
896906 516207
892472 520590
928903 512217
924768 512427
879318 517614
