963420 539598
983281 540975
930996 542019
963863 541110
933254 542460
944763 540114
963766 537510
911086 543732
955368 537357
931496 544020
941962 540504
921673 545421
1018103 535119
926381 543795
961199 540120
920786 544785
941788 539997
950465 536589
961527 539076
992196 534648
956581 539082
934387 543228
945230 542442
932009 543120
1007989 535935
973610 535575
1025685 531396
924342 544920
943024 541761
933010 543096
951273 541458
970159 539559
960877 538992
972583 537054
924417 545274
935933 542109
929456 544734
961931 538869
931926 540948
933688 543285
974563 539307
943880 540207
927058 542181
959529 541113
933112 541965
939424 539031
927919 544221
951808 538182
942492 542043
978091 535662
989284 537153
921509 544962
940611 542202
1011785 533532
981782 541182
1002648 535011
945865 540486
1038851 534657
922829 545493
970023 539730
972153 536847
959866 540531
973052 536901
942374 538857
954416 541548
955111 542121
932524 542256
957616 539478
1008437 533919
967642 541992
996230 533706
934349 542460
1008581 538002
966109 538071
920936 542904
1015572 533241
940703 542277
971585 537609
920415 544848
909381 546609
923649 543450
985416 536253
986916 534912
949951 541038
913906 545127
982746 535143
956438 540543
979727 535719
974305 537600
992228 535614
987019 534480
986179 537720
1014710 534663
922298 544797
974983 536706
957076 539448
938404 542037
957552 537939
987102 535221
943900 542001
