13102 7926
13708 7854
14345 7785
13858 7767
12511 8052
13315 7881
13058 7971
13230 7920
12804 7983
13060 7962
13110 7878
12798 7809
13473 7812
12637 7950
12916 7926
13313 7818
13133 7818
12728 7827
12652 7935
12858 8061
14431 7734
13543 7800
12898 7908
13410 7839
13035 7953
13159 7908
13812 7914
13613 7812
12770 8070
13486 7779
12452 7950
12365 7902
13713 7836
13294 7875
13654 7743
12799 7923
12629 7932
13769 7791
13041 7848
13220 7905
12452 8076
15035 7716
15484 7815
13639 7797
13311 8037
13420 7866
12861 8139
13316 7830
12735 7980
13495 7797
13039 7941
12869 8061
12811 7884
12840 7881
12499 8028
12676 8028
12225 8013
12690 7980
13699 7881
15515 7785
14126 7710
13531 7794
12761 8016
13400 7878
13638 7872
12959 8085
13998 7827
12418 7926
13011 7833
12846 7836
13314 7941
12025 8061
13282 8019
14036 7800
12108 7983
12619 7941
14470 7977
12770 8031
12600 7989
13623 7965
13638 7839
13428 7845
12566 7995
12887 7827
13494 7965
13425 7746
12681 8013
12406 8151
13907 7938
12754 7968
13585 7854
13512 7902
13477 7830
12738 7956
14278 7647
13904 7845
12597 7956
13024 7929
12921 7911
14335 7782
