296449 170349
312861 168885
318296 168240
291338 171489
302626 170955
298704 170871
284519 172809
307795 169803
307328 168732
287998 172164
303638 171033
294486 171570
293348 171000
284402 172980
309067 169986
310595 170247
294229 171015
286134 172020
294666 170976
286399 172683
300552 170127
296238 170745
304846 169650
298066 171168
324608 170115
296972 170277
302729 170349
285028 173385
329358 166980
302759 170742
297598 171351
298224 170853
306347 170820
291385 171420
298863 171156
293222 171570
290087 171873
324005 169161
291985 171966
289379 171681
285433 173127
295414 171477
295771 171705
320306 169416
304436 170535
296636 171492
305502 169224
293478 172056
300432 170406
295537 169800
296607 171819
287179 172638
299238 172107
302683 169773
287132 172038
294766 171972
307921 169692
298168 171564
286010 172485
325525 168432
305518 168915
298436 171456
306084 169470
293294 171870
299160 170073
297917 170241
295847 171063
303384 170481
297418 172158
296175 170907
289565 171624
302958 169830
312551 169269
315985 168873
281547 173253
290851 172272
298068 171168
295286 172734
291932 171639
316651 169443
303274 171462
300726 170490
292004 170997
293879 172626
313762 168093
290909 172047
299896 171318
301925 170271
289708 171555
286981 172302
303848 171729
284330 172419
304448 171399
303424 169629
298578 170889
289040 171792
282573 173217
281317 172995
292172 171339
303060 169899
