355097 206856
367541 205176
352762 206901
345243 208125
340746 209217
359074 206802
345522 208167
354214 207345
365285 205629
364822 205644
382480 204021
344266 208776
368789 204606
353253 207474
351766 207789
358838 207942
359560 206517
357034 205953
371100 204543
359321 206949
346234 208287
391950 203370
375328 205707
358069 206376
343311 207738
345761 208452
369257 208275
356369 207330
342792 208407
356750 207057
368053 206952
385074 204075
350547 208158
365579 206541
354014 207843
338025 209442
365401 205392
359380 206253
366249 205353
378080 204837
388342 205062
364296 204774
379099 204387
368086 204351
365332 205524
368644 203772
346794 209244
390116 204291
350413 207669
369735 205743
362022 205632
366693 206019
371095 205656
357777 206442
364069 206454
357963 206928
362414 206670
366631 206457
353862 206919
373247 204693
378829 205290
364277 206061
350136 206718
373844 205575
374941 205392
356635 205812
397440 203760
352569 206232
365290 207282
375732 204336
343178 209070
375828 203703
383808 206187
357961 206781
366559 204120
365990 206799
351167 207552
358609 206106
363285 207219
357325 208071
345859 209466
347535 207549
369435 206532
381899 204651
366311 205812
355479 207117
374152 204522
354710 206748
370824 205272
359500 206700
376881 204666
380018 203535
342171 208740
336140 209184
372214 204606
363662 205824
345334 207966
355535 206262
353437 207105
357827 206439
