1061656 594252
1005156 596892
1007618 596613
1070727 590010
1011543 594315
1007761 596571
1009891 595893
1053112 588711
996210 597720
1076306 587862
1044564 591429
1135418 582732
1036213 592026
1058515 589935
1033224 592227
1053442 594639
1106206 589719
1092199 589956
1061854 589905
1015777 593361
1140228 586875
1048020 591651
1072155 589464
1054009 589476
1098113 584829
1105699 586053
1012506 594909
1050413 590871
1074364 590724
1044241 592545
1073126 587424
1023617 593982
1051021 590619
1076279 588357
1079417 589338
1047421 589539
1055261 588540
1027586 594669
1061215 588387
1051857 587859
1042848 588429
1031390 594177
1031029 592518
1074142 586389
1029430 591864
1049028 590604
1006447 596598
1031724 591186
1018008 594978
1073512 590106
1066957 588741
1028039 595353
1017031 596148
1029918 592254
1041220 594456
1011002 598341
1037513 594231
1069875 591801
1027699 591696
1085743 588453
1066495 587811
1075682 586161
1014749 594426
1096563 584844
1050179 592773
1023818 593445
1045935 591492
1074347 589389
1037770 592869
1036407 593826
1044333 592869
1107523 582909
1019121 593979
1093990 583734
1087881 586401
1023340 594945
1082850 589614
1057292 594423
1131235 583125
1079485 590640
1070242 590475
1030515 596472
1055410 588117
1108500 590625
1041501 594456
1012139 596457
1084283 589920
1072421 587925
1012796 596889
1052682 590838
1021497 594513
1022565 595083
1040302 589341
1086302 586395
1027453 593706
1007720 595446
1109832 587004
1024285 596376
1042455 594798
1072630 593283
