967264 569931
1082934 559623
1045974 561084
991452 567195
1035791 564876
1040705 563232
1011679 565098
982829 569106
974954 569481
995355 565665
990555 568269
1033791 562110
1037611 567399
972613 568683
1063016 565116
1016551 564681
1037195 561714
1027734 562707
971596 570858
1017404 571284
973010 569859
989160 567660
1000433 566817
994253 565995
1007044 564192
1023646 560928
1031664 561126
1054051 559494
972652 569949
974944 568704
1012361 566796
969344 567354
1050302 560931
980884 566166
1040575 561123
995757 567063
996340 564300
968585 567780
997277 565551
1006580 564423
1049479 558615
970890 569460
981328 570009
1014235 565137
970170 569574
981029 567258
1082868 557193
987362 566484
1046063 567432
1000426 572799
992531 567606
986002 567615
1026286 562512
988798 569109
965717 570399
1026287 562170
1038050 561927
1000819 566304
967252 570597
984819 568308
977716 568677
953324 572637
961671 570072
984821 567111
999003 565935
995633 566961
1049955 563754
1019096 564180
979499 567291
1046016 563325
978390 569436
996904 567363
982003 568275
1055493 561708
1002479 566649
1003603 567321
964085 570807
1018974 562401
993589 568806
1002025 565623
1073784 557994
1024112 565710
1022454 563454
962013 569529
995091 568761
1017637 562257
995764 563481
1010326 565026
962173 569682
983939 567570
998445 567672
1036963 561243
1006125 569049
1005971 566922
1070722 559605
970988 570741
992625 567735
1002494 568302
1016232 569439
978215 570873
