251822 148839
246791 149073
256123 148608
259610 147789
246721 149190
251568 148266
257633 147909
257031 147543
255816 147051
260098 147093
256262 148131
261426 147714
264072 147027
255964 147645
249496 149334
255834 148308
254998 148698
255360 148866
259695 147456
263264 147354
243924 149418
258397 148191
258857 147612
246907 148794
249865 150219
254206 148131
257009 147153
260850 147474
248874 148965
273315 146913
251005 148326
256069 147396
262410 147456
264894 146304
253213 147324
256196 147447
256578 147888
247197 148833
253763 147408
261331 147453
259034 147357
251879 149052
268619 146430
265197 146748
267244 146616
261150 146832
262897 147003
256156 148434
250338 148308
255507 148764
269748 146769
256158 148302
265619 146598
257157 147900
256617 148128
260552 147894
268093 146409
269677 147996
266295 147480
262102 148731
253995 148218
247325 149367
263647 147594
261578 146958
264480 147156
247205 148641
252108 147639
264313 145977
262929 146793
261911 147567
267461 146364
255997 148152
265774 146523
256806 147855
252107 149292
264172 146661
270164 145032
256153 147504
254662 147030
251323 148161
266224 147165
263375 147588
262477 146883
258857 147564
260415 147465
247922 149100
252025 148341
257135 148176
261675 147783
260533 146463
248215 149649
266877 146634
259302 147768
259007 148365
259647 148230
250818 147549
252581 148203
243351 149358
254499 148173
247349 149925
