208848 112293
196936 113187
193766 114015
192716 113964
192527 114255
189706 114240
193572 113922
190485 114024
214336 113001
206122 111912
193964 113346
208525 113391
189920 115053
194471 113679
206382 112542
196146 114279
199213 114099
197997 113826
201836 113088
192852 114456
190596 114276
201562 113010
216353 110739
193290 114237
201790 113121
192828 114318
192869 114210
197883 112389
196337 113955
196404 113700
194928 113775
192207 114519
193913 114468
203562 112614
193832 113967
198922 112788
192445 114315
202904 113928
186240 114858
189653 114315
199695 113541
192854 114348
196300 113064
188371 113889
203763 113244
218153 111324
190151 113952
195493 113379
195985 113745
194703 113628
198706 113358
195415 113586
200478 112749
206641 112962
197715 113748
196385 113517
195712 113364
193820 113694
209702 113730
197275 113640
198729 113619
197677 112596
195914 113310
195441 113172
198276 113457
201828 113604
199569 113196
213151 111435
192290 113508
198663 112980
218725 111246
200370 112641
198058 113862
192009 113736
192348 114384
197491 112722
195854 113463
198719 113199
194611 113457
203605 112845
198444 112884
204413 113340
197110 113814
189781 114660
195345 113988
202312 113235
202215 113622
203167 112131
198556 114420
199345 113967
197312 113679
207034 111912
206952 112668
200233 113382
188707 114672
193739 114201
220345 113211
195035 113475
211874 111954
196705 113850
