185443 209224
185486 209139
185907 209299
185613 209052
185630 209080
185595 209038
185856 209163
185841 209212
185583 209090
185623 209199
185770 209080
185470 209081
185677 209112
185749 209190
185400 209111
185271 209148
185615 209200
185919 209258
185706 209171
185806 209169
185740 209096
185602 209180
185596 209114
185590 209136
185324 209044
185869 209347
185658 209113
185218 209018
185387 209086
185824 209019
185626 209022
185519 209055
185789 209047
185643 209187
185309 209131
185604 209043
185790 209198
185413 208991
185796 209135
185390 209000
185990 209153
185832 209312
185737 209090
185674 209276
185697 209032
185941 209220
185338 209085
185464 209164
185603 209092
185478 209070
185523 209054
185449 209087
185809 209249
185590 209133
185673 209175
185716 209108
185643 209141
185598 208978
185396 209075
185586 209018
185392 209182
185538 209169
185624 209401
185506 209117
185461 209072
185750 209083
185709 209295
185445 209008
185392 209127
185539 209065
185825 209231
185533 209180
185674 209108
185454 209132
185797 209155
185731 209162
185955 209445
185396 209089
185808 209215
185941 209058
185596 209040
185672 209048
185455 209099
185336 209104
185673 209169
185411 209139
185500 209074
185577 208994
185535 209165
185882 209121
185565 209095
185810 209123
185496 209025
186029 209163
185578 209194
185603 209213
185719 209123
185442 209116
185475 209117
185770 209026
