314469 352188
314360 352139
314347 352168
314208 352270
314532 351847
314261 351895
314738 352008
314692 352098
314175 352021
314153 351953
314478 352249
314418 351786
314524 351889
314092 351999
314955 352108
314644 351948
314565 351979
314089 351892
314493 352337
314108 351935
314164 351844
314424 351925
314170 351899
314291 351898
314215 351977
314430 351985
314176 351956
314145 351866
314662 352041
314738 351945
314370 352061
314225 352129
314298 351891
314878 352246
314229 351994
314673 351900
314352 352303
314246 351898
314202 352055
314608 352086
314459 351953
314210 351924
314190 351845
314449 351937
314359 351937
314413 351861
314301 351745
313904 352044
314686 351860
314334 352021
314219 351940
314626 351965
314714 352142
314362 351889
314165 351814
314110 351873
314181 351794
314717 352127
314249 351978
314165 351863
314211 351913
314314 351912
314422 351910
314213 351941
314544 351873
314425 351789
314389 352045
314031 351896
314434 351968
314483 351930
314278 351906
314604 352167
314129 351918
314277 351928
314031 351864
314554 352237
314601 352086
314180 351817
314674 352051
314594 351990
314355 351804
314225 351897
314375 351914
314099 351870
314198 351918
314249 351835
314577 351980
314269 351903
314201 351872
314353 351946
314372 352099
314415 351939
314581 352082
314364 352106
314486 351970
313871 351837
314381 352061
314131 352003
314388 351940
314425 352031
