359339 401911
359472 401738
359590 401936
359225 401635
359417 401835
359565 401590
359552 401770
359438 401694
359458 401812
359091 401491
359104 401658
359215 401549
359472 401798
359127 401517
359409 401874
359660 401929
359368 401777
359357 401624
359377 401509
359699 402030
359851 401994
359458 401586
359387 401749
359125 401487
359329 401890
359291 401596
359652 401947
359286 401509
359600 401573
359654 401698
359596 401799
359775 401788
359479 401724
358986 401570
359621 402167
359424 401651
359568 401822
358882 401643
359714 401922
359433 401813
359660 402064
359373 401616
359667 401840
359489 401708
359124 401883
359675 401745
359460 401709
359618 401756
359375 401715
359248 401542
359641 401716
359050 401463
359664 401895
359022 401585
358954 401613
359064 401476
359378 401628
359012 401498
359501 401942
359614 402061
359499 401720
359325 401673
359513 401927
359390 401556
358990 401474
359562 401962
359427 401683
359885 402018
359475 401932
359582 401896
359180 401603
359907 401775
359663 401532
359377 401648
359459 401832
359186 401829
359428 401708
358845 401618
359759 401982
359369 401573
359117 401640
359352 401517
360292 402257
359527 401791
359170 401765
359240 401906
359222 401515
359278 401508
359864 402091
359243 401684
359622 401909
359161 401720
359516 401519
359074 401468
359070 401667
360266 401799
359689 401876
359081 401528
359617 401664
359647 401661
