594217 659903
594027 659751
593831 660095
594227 660058
594486 659608
594780 660057
594734 660141
594252 659761
594687 660451
594698 660060
594184 660224
594612 660674
594074 659815
594642 660072
593728 659937
594324 659957
593747 659763
594419 660452
593824 659921
594879 660555
593482 659627
594310 659748
594180 659602
594506 660011
594267 660085
594156 659979
594239 659985
593779 659944
594550 660194
594514 660033
594249 660095
594880 660470
594233 659949
594281 660200
594293 659974
593600 659686
594296 660266
594266 659944
594019 660454
594727 660625
594174 659879
594103 659700
594239 659792
593059 659429
593930 659883
594310 659843
594510 660093
594280 659921
594428 660141
594045 659817
594756 660260
594828 660707
593885 660037
593749 659671
594688 660567
594797 660517
594683 659781
594610 659920
594039 660102
593469 659774
593977 660168
594417 660076
594306 659936
594750 659943
593910 660074
594196 659901
593678 660043
594051 659960
594189 659887
594252 659721
594392 659851
593906 659551
594365 659787
593826 659734
594479 660265
594024 660319
594624 660591
594192 659719
594554 660363
594256 660006
593868 659829
594936 660284
593561 659627
594435 660060
593283 659687
594054 660178
593818 659904
594262 659994
593920 660035
593817 659765
594581 660365
593535 659628
594590 660507
594276 659837
594524 660077
593633 660700
594062 659849
595457 660652
593211 659606
594226 659907
