648855 720937
648588 720814
648911 720815
648904 721318
649298 721528
649133 720964
648988 720923
648992 721431
648531 720634
649184 720833
649162 721161
649094 720757
649021 721051
648793 721096
649247 721188
648832 721598
649362 721177
648586 720907
649170 721312
649583 721494
649766 721107
649173 720948
649435 721496
648877 721307
648817 721436
648568 720763
649302 721446
648610 720989
649271 721200
649169 721291
648728 720960
648167 720753
649624 721502
648953 721035
648098 720841
648912 720766
648987 721120
649028 720775
649374 720956
648598 721011
648599 720858
648763 720938
648701 720688
649232 721233
648221 720662
648630 721105
648831 720697
649653 721674
649214 721485
649293 721227
648501 720541
648694 720853
648681 720799
648807 720959
649511 721566
649543 721278
649219 721301
648983 720843
649075 720717
648443 720916
649333 720920
648962 720976
648967 721088
649033 720855
649007 721138
649401 721563
648444 720563
649338 721106
648724 720893
649404 721103
649222 721049
648666 720947
649060 721146
648572 720783
648753 720892
648861 720714
648966 720931
649079 721637
648788 720703
648721 720693
648865 721543
649689 721392
649298 721185
648326 720657
648692 720841
649446 721158
649217 721005
648737 720788
649603 721324
648617 720824
649238 720873
649380 721046
648804 721039
648770 720689
648611 720800
648873 720908
648665 720766
648740 720936
648400 720883
648856 721014
