388512 434065
388514 433901
388367 433804
388651 434041
388906 433957
388581 434067
388013 433485
388821 434049
388138 433608
388992 434217
388243 433649
388497 433683
388148 433589
388788 434194
388333 433782
388681 433977
388622 433791
388583 434092
388746 434156
388938 434239
389006 434147
388264 433653
388275 433753
388204 433645
387958 433650
388620 433901
388807 434147
388278 433685
388466 434249
388601 434022
388667 434134
388156 433821
388057 433821
388690 433684
388422 434087
388327 433865
388351 433741
388428 433891
387979 433855
388288 433919
387844 433523
388600 433945
388856 433831
388597 434044
388370 434084
388441 433871
389186 434218
388116 433838
388513 433881
388610 433972
388581 433808
388641 433602
388681 434031
388483 433722
388615 433995
388312 433950
388581 433965
388636 434107
388225 433872
388584 433942
388833 434462
388176 433897
387670 433614
388392 433969
388419 433769
388592 434206
388332 433766
388470 434009
387791 433504
387881 433478
387930 433810
388621 433774
388094 433497
387987 433496
388154 433737
388464 433617
388360 434176
387871 433485
388714 434144
388310 433779
388346 433714
388370 433914
388626 433902
388218 433820
388117 433728
388874 434132
387963 433667
388853 434249
388091 433562
388537 433692
388163 433863
388507 433688
388131 433677
388939 434243
387991 433728
388206 433701
388038 433589
388128 433549
388200 433730
389099 434191
