524445 582148
524478 582487
524883 583139
524954 582587
524164 582106
524672 582656
524519 582704
524431 582481
524795 583109
524335 582467
522962 583663
524636 582696
524765 582714
525335 583158
525233 583158
524923 582865
524765 582755
526104 583672
524141 582407
524145 582917
524547 582817
524579 582619
524829 582312
524575 582316
525395 583625
525525 583113
525426 583741
524967 583103
524762 582281
524314 582836
525416 583506
524629 582760
524601 582508
524472 582354
524961 582642
524892 583293
524633 582409
525190 583618
525115 583132
524742 582930
524975 582970
525104 582891
524608 582533
524721 583791
525205 583398
524663 582479
524718 582888
525573 583377
525264 583282
523873 581847
522262 583919
524603 582391
525305 583120
525631 583334
524768 583404
524577 582614
525470 583176
525195 582906
523923 582338
524460 582738
525215 583419
525241 582820
525003 582946
525074 583236
524914 582903
524818 583064
524537 582520
524807 582731
524229 582464
524586 582354
524606 583321
523993 581700
524214 582528
524472 582458
524237 582599
524777 582918
525048 583125
524368 582548
524616 583073
521782 579719
524270 582236
524951 582871
524280 583551
524475 582568
523684 581809
525141 583480
524303 582470
524464 582374
524797 582796
525084 583162
525683 583501
524261 581974
524731 582850
525124 582874
525321 583081
524545 583061
524867 582957
524261 582535
524539 582551
524236 583041
