198834 223798
198846 223840
198774 223762
198841 223844
198766 223753
198551 223762
198512 223812
198571 223738
198547 223796
198694 223938
198717 223736
198547 223471
198941 223764
198855 223766
198727 223757
198795 223780
199054 223982
198845 223813
198329 223736
198615 223819
198819 223759
198968 223929
198692 223925
198653 223838
198842 223798
198737 223801
198670 223773
198944 223835
199066 223928
198696 223821
198973 223746
198707 223789
198859 223762
199030 223883
199125 223825
198693 223784
199015 223734
198611 223779
198658 223816
198713 223748
198554 223886
198506 223769
198888 223802
198711 223802
198403 223735
198628 223737
198673 223782
198776 223737
198678 223766
198713 223774
198541 223762
198653 223760
198737 223777
198741 223755
198478 223753
198606 223749
198631 223781
198599 223853
198679 223751
198718 223742
198718 223839
198822 223751
198679 223507
198701 223766
198622 223789
198907 223793
198656 223751
198515 223758
198769 223868
198505 223764
198698 223761
198705 223735
198688 223774
199123 223935
198700 223778
198740 223799
198932 223814
198657 223864
198241 223747
198642 223779
199082 223812
198922 223866
198627 223806
198541 223926
198846 223818
198718 223902
198394 223820
198862 223855
198820 223758
198678 223854
198463 223753
198472 223751
198949 223822
198539 223751
198776 223814
198838 223742
198821 223801
198479 223848
198971 223920
198884 223836
