372268 416135
372215 416234
372114 416013
372520 416106
372759 416281
372419 416277
372386 416146
371951 415944
372666 416352
372218 416181
371799 415981
372439 416216
372197 415993
372255 416033
372440 416311
372305 416050
372129 416072
372280 415929
371855 416078
372067 416139
371702 416201
372112 416089
372138 416169
372243 415979
372317 416150
372146 416145
372246 416018
372440 416097
372312 415974
372158 416203
372946 416421
372517 416097
372626 416261
372368 416126
371746 416076
372347 416157
372191 416315
372291 416041
372235 416221
372439 415994
372241 416016
372556 416326
372098 416228
372217 416341
372116 416033
372179 416006
372261 416085
372661 416385
372326 416201
371682 416101
372363 416201
371930 416056
371843 416033
372971 416266
372153 416000
372323 416168
372436 416075
372156 416162
372039 416050
372654 416223
371714 415965
372185 416179
372179 416140
372532 416089
371774 415987
372391 416105
372493 416145
372323 416017
372298 416034
372232 416108
372089 416184
371879 415909
372578 416246
372607 416129
372396 416192
371791 416128
372254 416004
372706 416355
372535 416309
372321 416399
372371 416158
371876 416086
372353 416057
371920 415953
372565 416289
372102 416067
371964 415991
372091 416165
372127 416199
372105 416051
372156 416117
372460 416089
372039 416277
372040 416086
372177 416294
372092 416182
372459 416350
372193 416166
372489 416318
372277 416220
