718823 797214
718412 796759
718128 796031
718530 796679
719080 797381
718435 796414
717556 796164
718173 796475
717631 796133
718353 796578
718530 796933
717784 796276
719406 797159
717269 795972
717865 796212
717787 795971
718183 796316
718097 796910
717993 796487
718089 796603
718055 796546
719114 796657
717931 796104
718282 796557
719069 796887
718190 796403
718625 796806
718125 796982
717434 796583
718640 796817
717788 796436
718210 796763
717395 796014
718255 796564
718498 796583
717790 796434
719351 797662
718505 796560
719060 797436
717857 796208
717954 796068
718311 796364
718738 797215
717981 796335
717766 796401
718267 796380
718999 797210
717619 796179
717448 795904
718241 796320
718254 796773
718223 796537
718237 796694
718200 796699
718414 796467
717393 796097
718075 796722
717950 796611
718515 796767
718442 796463
718236 796920
718502 796421
718084 796710
717795 796095
718627 797125
718107 796336
717536 796378
717862 796483
718635 796774
718133 796719
718137 796738
717241 796056
718456 796991
717284 795964
718214 796743
718108 796320
717431 796071
718963 796868
717417 795966
718414 796803
718446 796885
718134 796595
718287 796512
717774 795998
718689 796833
718057 796264
718175 796682
717800 796407
719063 797226
717600 796190
717921 796547
718058 796064
717881 796414
718362 796452
718857 796922
718830 797178
718865 796889
718988 796936
718599 797228
717810 796270
