8332 9979
8452 9972
8392 9995
8347 9988
8475 9990
8435 9994
8440 9994
8430 9989
8388 9970
8415 9988
8461 9987
8360 9974
8395 9942
8427 9968
8489 10970
8402 9982
8337 9970
8353 9973
8366 9982
8396 9985
8435 9994
8500 9984
8382 9966
8409 9986
8466 9988
8416 9988
8428 9998
8390 9988
8467 10982
8414 9978
8507 9969
8424 9991
8326 9982
8339 9973
8422 9988
8411 9988
8389 9967
8468 9989
8422 9971
8454 9971
8378 9980
8365 9989
8392 9973
8384 9993
8425 9997
8391 9982
8417 9987
8424 9985
8389 9966
9155 10878
8413 9995
8400 9996
8398 9972
8355 9970
8402 9983
8396 9987
8369 9986
8406 9970
8403 9969
8374 9990
8438 9971
8493 9967
8433 9968
8502 9991
8414 9992
8391 9980
8400 9981
8434 9998
8395 9992
8985 10926
8505 9994
8408 9985
8471 9990
8415 9987
8379 9973
9325 10982
8429 9985
8448 9972
8407 9991
8404 9990
8407 9972
8402 9992
8354 9971
8421 9964
8424 9982
8414 9996
8427 9966
8396 9991
8389 9984
9277 10901
8360 9973
8399 9976
8428 9985
8472 9982
8871 10973
8465 9989
9388 10976
8347 9974
8363 9985
8450 9996
