164 232
166 228
150 225
157 228
166 223
152 226
141 233
141 200
151 220
168 230
171 217
156 228
167 221
174 224
154 228
163 226
159 229
153 231
168 227
158 225
179 231
164 225
171 228
178 234
161 226
169 228
166 216
164 226
167 225
161 224
159 222
153 227
161 225
144 200
153 233
156 228
150 231
147 233
168 228
159 219
154 232
157 231
170 226
148 229
166 222
151 228
163 225
156 228
151 231
138 228
170 225
161 226
150 228
167 222
166 228
170 228
149 229
161 227
155 227
148 228
167 224
158 221
140 228
162 228
146 225
154 218
175 230
164 222
150 226
170 224
161 225
174 229
154 230
170 223
151 226
157 226
148 222
168 220
154 221
159 227
171 229
174 225
168 225
156 232
161 231
159 227
139 232
135 226
152 227
159 227
177 227
132 224
156 230
148 230
154 229
164 227
170 230
165 220
165 226
164 229
