334005 373401
333733 373215
334415 373220
334425 373577
334035 373644
334578 373701
333717 373185
333756 373034
334078 373510
334116 373030
334085 373180
334232 373185
334253 373750
333756 372966
334111 373072
333806 373228
333825 372963
334538 373418
334166 373411
334129 373402
334006 373383
334065 373263
334186 373699
333886 373340
334501 373356
334306 373261
334134 373481
333925 373132
334062 373053
334255 373218
333898 373105
334491 373716
334055 373147
333933 373104
334265 373432
333865 373098
333921 373160
334541 373631
333395 373452
334488 373588
333928 373067
334562 373769
334003 373491
333643 372823
333780 373325
334206 373112
334263 373731
333828 373163
334011 373304
334165 373187
334557 373433
333998 373364
334379 373883
334160 373449
333715 373113
333581 372994
333889 373345
333775 373053
333967 373187
334041 373417
334236 373385
334128 373374
334087 373298
334216 373258
334118 373125
333527 372806
334253 373440
333987 373253
334304 373650
334178 373524
333363 372683
333973 373629
334087 373068
334305 373488
334289 373314
333712 373042
334183 373440
334000 373492
334743 373666
333308 372711
334404 373337
334647 373555
333643 373127
333889 373473
334109 373254
333424 372986
334181 373286
334285 373385
334654 373732
334068 373145
333808 373202
334334 373490
333398 372954
334254 373127
334389 373560
334123 373169
334291 373362
333920 373381
334298 373415
334159 373379
