691456 767811
690945 768005
691007 767748
690608 767736
690477 767721
690652 767587
706757 783285
690618 767759
690778 767613
706255 783050
690637 767709
691339 767724
690936 767695
690576 767703
691461 767928
690898 767773
690924 767565
690978 767776
690732 767614
690959 767636
706516 783764
690488 767632
690592 767640
691050 767672
691202 767781
691387 767650
691116 767788
690820 767710
690875 767685
690513 767695
691666 767756
705451 783372
690840 767671
691199 767610
707410 783722
691231 767704
706570 783238
705071 783794
691060 767805
691038 767635
706032 783974
691405 767680
690846 767711
691574 767669
690664 767660
691042 767736
699965 783894
691122 767660
691169 767705
690811 767667
691151 767760
690580 767583
706130 783090
690778 767619
691238 767641
690465 767624
706663 783605
690392 767608
706109 783641
690688 767701
690986 767809
706302 783356
690799 767774
706467 783519
690872 767710
706669 783796
690746 767602
690920 767727
690662 767591
705935 782925
690951 767690
690893 767722
690885 767562
690876 767609
690851 767676
690691 767724
690643 767647
705883 782178
690368 767522
691218 767524
690867 767666
691027 767739
691089 767572
690978 767606
690550 767781
690951 767765
690848 767680
690830 767663
706404 783234
691167 767748
691357 767712
690861 767647
690633 767680
690062 767671
691084 767868
691451 767735
690766 767576
690745 767624
690868 767666
690926 767641
