608580 675553
606603 673814
606376 673722
608238 675220
608044 675424
606135 673629
606913 674125
607902 675459
606386 674107
606683 673825
606855 674068
606351 673784
606570 673765
606193 673719
607186 675079
607719 674915
607099 674244
605990 673592
606321 674109
608232 675448
607584 675042
607668 675249
608003 675572
607399 674852
606999 674194
607693 675499
606240 673697
607864 675514
607782 675411
607860 675446
607850 675383
607269 674923
606032 673675
607773 675087
607027 674943
606577 673935
607610 675029
607260 675038
606507 673615
606319 673713
608306 675417
607669 675002
606630 673684
607678 675188
608276 675552
607851 675317
606381 674068
608416 675297
606454 673868
608080 675567
606541 673750
606687 673768
606470 673789
606660 673874
606322 673869
608091 675493
607381 675625
606715 673873
606702 673748
607088 674199
606516 673665
606135 673747
606827 675653
606534 673651
607957 675349
606778 673818
607363 675794
607176 674856
606949 673923
607027 674119
606519 674099
606915 674014
606591 673893
607885 675180
608314 675568
608027 675094
606696 673786
607866 675022
608203 675032
607490 675169
607464 675393
608178 675644
607174 673790
607645 675192
606922 673986
607848 675524
606715 673725
608108 675503
606608 673874
608122 674964
605888 673703
607933 675518
606226 673753
607751 675296
608094 675340
607655 674818
606756 674188
608553 675782
608505 675457
606598 674065
