133188 150342
133002 150204
133045 150416
133238 150482
132965 150161
132749 150281
132727 150222
132915 150164
132928 150247
133279 150336
132999 150233
133134 150272
133330 150394
132994 150323
133064 150329
133172 150295
132987 150352
132945 150259
132910 150197
133103 150335
132912 150240
133260 150318
132896 150356
133034 150270
133165 150424
133150 150279
133122 150319
133305 150209
132853 150295
132714 150064
132965 150163
132495 150108
133319 150494
133028 150306
132850 150318
133284 150445
132779 150188
133265 150394
132989 150274
133078 150283
133230 150279
133070 150245
132952 150240
133323 150365
133037 150283
133139 150243
133110 150158
133095 150235
133137 150287
133262 150297
133080 150305
133133 150340
132979 150363
133257 150464
133064 150300
132780 150184
132876 150303
132630 150239
133102 150229
132937 150208
133120 150414
133262 150355
133050 150169
132855 150150
133489 150402
133199 150285
132921 150194
132704 150066
132958 150252
132869 150228
132924 150153
132967 150290
132755 150245
133058 150177
132816 150127
132911 150343
132788 150207
133132 150220
132904 150168
132928 150251
133052 150408
132958 150304
132956 150401
132926 150189
133070 150325
133127 150260
132797 150296
133091 150310
132956 150124
133158 150260
133017 150269
132788 150108
132962 150209
132999 150164
133305 150378
133085 150242
133127 150151
133000 150255
132980 150204
133078 150234
