429434 479614
429853 479681
429460 479620
429389 479657
429749 479840
429510 479715
429412 479536
429544 479665
429252 479464
429109 479622
429423 479622
429287 479584
429060 479536
429185 479603
429507 479654
429165 479539
429344 479606
428923 479001
429472 479572
429587 479658
429194 479567
429298 479494
429598 479507
429332 479516
429239 479499
429348 479643
429125 479563
429167 479561
429456 479603
429645 479648
429795 479682
429677 479516
429908 479704
429560 479603
429312 479649
429124 479558
429270 479592
429400 479530
429518 479657
429430 479549
429824 479483
429370 479698
429418 479540
429840 479892
429752 479558
429274 479533
429390 479544
429579 479720
429503 479666
429220 479580
428929 479730
429236 479496
429492 479565
429654 479521
428959 478970
429387 479678
429224 479659
429811 479571
429198 479565
429130 479499
429658 479598
429319 479549
429507 479574
429717 479566
429543 479518
430314 479806
429646 479476
429588 479669
429629 479700
429926 479616
429266 479546
429232 479703
429723 479506
429725 479493
429770 479692
429416 479601
429323 479498
429501 479609
429466 479571
429404 479563
429536 479624
429364 479554
429710 479720
429892 479556
429643 479583
429414 479498
429168 479568
429403 479618
428884 479536
429657 479719
429185 479523
429205 479689
429336 479476
429662 479631
429538 479570
429402 479579
429530 479572
429371 479558
429253 479646
429157 479778
