261216 292389
261382 292644
261022 292481
261095 292378
261028 292242
261411 292384
261152 292391
261380 292461
261320 292660
261226 292478
260968 292435
261293 292493
260674 292245
261294 292828
260773 292181
260989 292153
261088 292397
261016 292312
261262 292794
261002 292371
261321 292778
260873 292281
261336 292632
260989 292515
261122 292269
260872 292301
261005 292332
260898 292529
261465 292886
261225 292318
261345 292706
261679 292545
261073 292389
261078 292366
261107 292394
261220 292584
260953 292481
261183 292361
260658 292369
261347 292664
261025 292312
261293 292585
261196 292508
260986 292459
261174 292552
260653 292262
261137 292616
261243 292555
261068 292345
260963 292424
260851 292221
261126 292648
261533 292644
261048 292597
260652 292199
261206 292764
260696 292278
261013 292325
261285 292529
261266 292706
261448 292616
260704 292267
260658 292339
260863 292243
260916 292413
261162 292543
261093 292347
260833 292383
261029 292516
261018 292413
260600 292467
260952 292436
261136 292352
261120 292157
261224 292451
261394 292666
261242 292626
261371 292549
261217 292403
261507 292622
261162 292432
261282 292712
261395 292602
261171 292510
261331 292569
261256 292447
261214 292387
261107 292509
261014 292420
261230 292711
261272 292510
261450 292539
261089 292533
261415 292688
261220 292647
261198 292595
261500 292696
261468 292621
261301 292477
260832 292449
