171989 194056
172095 194181
172225 194051
172224 194126
172014 193938
172206 193997
172649 194223
171953 193996
172229 194057
172247 194052
172132 194123
172420 194090
171993 193926
172031 194072
171959 193964
172003 194111
172377 194289
172054 194042
172070 194060
172297 194150
172181 194104
172321 194134
171981 194044
172134 194007
172122 194009
172209 194102
172083 194007
171961 194116
171724 193998
172423 194021
172309 194089
172131 194115
172256 194079
172028 194058
172210 194126
172183 194022
172048 194120
172308 194162
172179 194139
172247 194185
172230 194048
171966 193967
172350 194134
172229 193990
172160 193995
171877 194110
172392 194197
172029 194088
172052 194125
171834 194108
171984 194060
172015 194154
172137 193971
172219 194100
172074 194087
172506 194191
172028 194055
172198 194055
172096 194019
172166 194070
172177 194074
171772 193941
172100 194228
172277 194220
172037 194073
172210 194212
172289 194133
172115 194141
172130 194080
172138 194175
171987 194080
172354 194097
172246 194092
172387 194275
171949 194064
171825 194193
172004 193974
172198 194042
171985 194038
171858 193973
172137 194062
172313 194186
172290 194103
172062 193995
172150 194092
172131 194016
171778 194032
172436 194156
172044 193992
171757 193978
171820 193957
172185 194054
172327 194124
172203 194191
172068 193991
172006 194079
172243 194009
172574 194214
172195 193950
172189 193987
