549563 610817
549212 610539
549540 610767
549957 611072
549116 609644
549333 610722
549059 610512
549273 610573
548417 609637
548529 609475
549949 610877
550429 611363
550323 611401
549195 609945
549414 610884
549343 611127
549808 611242
549022 610114
549369 610227
549241 610550
549673 610657
549327 610105
550498 611581
549793 610722
548633 609596
549571 610757
550447 611509
549805 611057
549522 611008
549740 610363
549887 610887
549459 611636
549820 611060
548853 609616
550358 611380
550187 611265
550288 611376
549976 611349
549855 611192
550328 611460
548776 609738
550486 611537
549407 610240
548624 609760
548475 609545
550053 611128
550225 611294
550625 611468
550133 610792
549776 611457
550160 611070
549052 610240
548886 609700
549836 611135
549646 611466
549728 610931
549125 610775
549399 610646
549764 611454
549699 610383
550086 611213
549513 611182
549048 609743
549989 610929
549875 611175
548763 609840
549891 611165
549313 610742
549959 611026
549915 611091
549300 609655
550114 610819
550413 611295
548838 609741
549926 610666
550047 610563
549835 610560
548720 609753
550236 611433
550315 611404
550353 610998
548759 609762
549311 610790
550176 611538
550109 611070
549718 610825
548931 609741
550201 611228
549620 611094
550215 611326
549641 611107
548780 609863
549132 610410
550454 611136
550054 611252
550404 611443
549504 611162
549020 609695
548566 609702
548812 609728
