66574 76003
66594 76032
66618 76021
66604 75981
66438 75978
66579 76018
66663 76047
66519 76044
66640 76093
66750 76013
66517 76007
66578 75982
66515 75976
66499 75988
66592 75956
66534 76051
66648 76035
66605 75930
66528 75956
66487 75938
66645 76054
66532 75989
66697 75988
66660 76028
66506 75996
66668 76010
66698 75999
66394 75989
66570 76047
66603 75988
66487 75992
66671 75975
66513 75991
66766 75965
66672 76010
66606 75960
66630 76026
66603 76006
66519 75966
66753 76015
66702 76084
66526 76065
66602 76014
66486 75952
66581 76045
66597 75964
66713 76064
66615 76093
66527 75962
66505 75960
66615 76043
66638 75999
66421 75966
66755 76069
66507 75963
66695 75994
66577 76016
66598 76044
66461 76027
66657 75975
66496 75981
66473 76012
66692 76040
66539 76009
66877 76001
66734 75996
66689 76059
66623 76020
66516 76047
66773 76042
66541 75996
66552 76035
66535 76022
66514 75995
66683 76041
66714 76102
66558 76065
66662 76028
66437 76018
66526 75947
66604 76000
66710 76018
66618 76045
66728 75970
66538 76019
66612 75994
66717 75981
66598 76039
66516 76016
66725 76019
66605 76008
66849 76053
66573 75961
66485 76055
66638 76038
66460 76026
66662 76058
66555 75969
66809 76055
66546 76037
