416152 464377
416210 464318
415405 464299
415656 464143
415839 464468
415699 464184
416000 464572
415724 464462
415725 464414
416059 464461
415762 464465
415667 464228
415571 464105
415194 464087
415929 464230
415901 464167
415721 464333
415479 464373
415221 464235
415868 464356
416066 464291
415826 464519
415498 464317
415902 464535
416138 464277
415780 464187
415937 464232
415524 464216
415693 464357
415676 464268
415534 464374
415886 464148
415481 464331
415846 464474
415828 464123
416035 464379
415657 464492
416002 464589
416120 464437
415966 464378
415463 464113
415673 464444
415733 464606
415391 464012
415535 464332
415620 464519
415232 464090
415735 464577
416183 464456
415348 464133
416254 464506
415799 464350
415698 464205
415561 464184
415340 464006
415442 464236
415473 464246
416121 464390
415750 464299
415565 464157
415919 464686
415258 464110
415873 464526
415502 464022
415710 464109
416026 464285
415693 464253
415427 464118
416258 464668
415888 464253
415691 464251
415741 464326
416196 464900
415957 464428
415237 464148
415873 464338
416093 464349
415571 464350
415534 464120
415567 464256
416258 464516
415885 464327
415712 464310
415408 464364
416190 464489
415638 464066
414902 464162
415422 464147
415510 464153
415781 464318
415706 464202
415912 464456
415912 464411
415783 464231
415554 464292
415513 464332
416331 464467
415790 464182
415645 464301
415969 464253
