275855 308908
276062 309003
276110 309129
275832 309085
276308 309336
275770 308843
276240 309171
276126 308907
275862 308902
276195 309113
276091 309336
276082 309182
276442 309206
275765 308425
276292 309090
276415 309263
276339 308920
276202 309262
275621 308756
275686 308856
276023 308882
276083 308762
276094 308810
275977 308911
276294 308991
276645 309269
276031 308881
275811 309138
276059 309172
275721 308813
276601 309178
275752 308855
276320 309373
276186 309099
276003 308826
276188 309183
276181 309112
276121 308986
276375 309154
275933 308951
275969 309003
275588 308835
275684 308845
276029 308976
275900 309342
275952 308798
276093 309233
275814 308937
276127 309113
276340 309103
276402 309279
276166 309042
275879 308922
276142 309092
275875 309322
276196 309064
276140 309103
275658 308822
276566 309478
276290 308970
275929 308807
275974 309028
276210 309131
276040 308968
276242 308952
276026 309050
276164 308947
276275 308979
276162 309323
276012 308899
275807 308919
276005 309028
275784 308924
276274 309178
276248 309264
276473 309351
276175 308832
275944 308746
275976 308853
276307 308990
275651 308876
276341 308926
276306 309143
276045 308956
275836 308890
276331 309244
276127 308980
275838 308896
275983 308894
276329 309370
276347 309239
276106 309048
276029 308899
276322 309091
275992 309101
275806 308744
275859 308924
275798 308661
276119 308975
276195 309396
