536865 596388
536646 595882
536150 595885
537002 595950
536595 596541
536301 595619
536425 595915
536950 596585
536086 595877
536714 595593
536797 596551
535443 595598
536178 595744
536200 595672
536742 596059
536230 595962
536367 595668
536561 596143
536921 596454
536037 595682
536442 595767
536364 596259
535863 595476
536178 596254
536945 596208
535729 595458
537289 596765
536581 595980
537303 596460
536112 595723
536129 595876
536391 595784
536178 595730
536467 595945
536829 596558
536902 595890
536438 595822
536211 595417
536145 595914
535618 595502
536161 595618
536524 595878
537220 596582
536663 596429
536323 595870
536220 595818
537003 596471
536608 595777
536643 596110
536781 596627
536339 595682
535752 595127
536520 595964
535998 595674
536476 596292
536197 596003
537003 596606
535872 595599
535625 595236
536197 595743
536031 595654
536820 595882
536976 596303
535590 595638
536459 595661
536120 596092
536292 595836
536429 596062
535754 595750
536098 595636
536274 595538
536763 596334
536773 596246
535960 595745
536764 596323
536476 595969
536924 596322
536201 595809
536118 595675
536365 596255
536528 595839
535878 596690
535978 595742
536384 595905
536845 596361
536558 596038
536499 596230
536810 596235
537208 596328
536253 595685
536806 596251
536986 596460
535893 595640
537078 596398
536657 596135
536473 595790
536023 595449
536830 596344
536633 596225
536678 595802
