676792 751697
677353 752074
676384 751633
676070 751743
676856 751919
677339 751935
677268 752610
676782 752269
676474 751759
676222 751762
676664 751863
677113 751840
676438 751929
677030 752258
676650 751820
676673 751817
676636 751961
677208 751724
677173 752298
676463 751920
677053 752099
676176 751724
676996 751657
676151 751763
676616 752040
676213 751752
676668 751874
676794 752015
676486 751655
676753 751911
676740 752569
676522 751828
676856 751821
677265 752440
676550 751944
676197 751689
676303 751646
677182 751870
676696 751999
676800 752515
677036 751853
676520 751666
676302 751812
676363 751717
676793 751738
676678 751946
676250 751563
676716 752521
676411 751810
676425 751856
677155 752036
676851 751799
676859 751786
676630 751849
676458 751569
677050 751841
676790 751999
676489 751681
676390 751939
676495 751824
677711 752479
677550 752621
676717 752474
676689 751985
676626 751698
677247 752040
676983 752485
676137 751578
675922 751675
677150 752007
676797 751951
676463 751686
676125 751722
676706 751702
676786 751805
676535 751864
676415 751707
676760 751920
677120 751918
677058 751764
676504 751831
676780 751679
676650 752033
676515 751726
676605 751733
677153 751742
676404 752021
676870 751966
676852 751820
676997 751798
676467 751783
676634 751841
676783 751910
676778 751750
676381 751593
676486 751905
676532 751795
676339 751592
676783 751735
677066 752211
