485338 538384
484192 537785
485531 538886
484327 537968
485326 538661
485246 538333
484884 538304
485973 539380
484862 538554
484966 538456
485913 539080
485030 538538
486029 538974
485314 538609
485880 539377
485927 539117
486218 539360
485013 538349
484960 538242
485726 538665
484237 537886
485223 538752
486185 539125
484912 538617
485257 538397
484755 538120
484675 538021
486114 539011
485712 539386
485387 538793
484732 538044
486429 539454
485453 538783
484811 538026
485424 538788
484705 537824
485695 538980
484928 538253
484262 538120
485363 538976
485475 539106
484606 538052
485065 538478
485368 538271
485262 538651
484652 537883
484959 538209
485064 538178
485265 538310
485784 539015
484701 538146
485305 538703
486377 539752
485083 538119
486182 539293
485630 538898
485240 538480
486192 539065
485562 538875
484622 537999
484745 538498
484807 538476
485015 538291
485716 538850
484442 537942
485463 538566
485366 539116
485635 538878
484858 538158
485279 538478
485134 538402
485447 539093
486337 539572
485732 539206
485235 538628
484632 538057
484924 538289
484723 538265
485966 539196
485221 538435
485390 538622
484626 538061
485539 539064
484982 538339
485497 538741
484448 537815
485775 538938
485720 538652
485578 539373
485447 538639
484351 537803
485642 538850
485609 538981
485404 538804
486065 539184
485396 538394
486422 539841
486074 539123
485305 538724
485001 538463
