145167 164032
145332 163958
145149 163942
145177 163941
145340 164176
145055 163972
145111 164043
145055 163892
145119 163966
145119 163968
145020 163950
145026 163953
145129 163990
145152 163962
145057 164049
145253 164008
145202 163940
145523 164046
145175 163992
145118 163984
145359 164085
145002 163976
145133 163915
145276 163911
145221 163927
145094 163942
145132 163939
145269 164044
145051 164016
145016 163892
145266 164063
145200 163961
145082 163918
145210 163970
145016 164044
145185 163916
144920 164035
145239 164029
145077 163928
145422 164112
145320 164134
145107 163977
145077 164022
145185 163972
144937 163972
145381 164052
145735 164112
145394 164097
145070 164038
145239 164076
145145 163957
145124 163961
145125 163914
145208 163954
145192 164054
145640 164018
145011 163908
145144 163978
145239 164066
145326 164021
145054 163912
145133 163998
145389 164144
145150 164045
145195 164034
145358 164019
145223 163993
145011 164036
145225 164013
145301 164166
144979 163936
145184 164068
145108 164057
145419 164102
145287 163960
145342 163971
145167 163945
145087 163960
145155 163982
145304 164065
145271 164038
145158 163947
145177 163942
145295 164036
144893 164091
145077 163946
145224 164109
145157 164044
145411 163986
145023 163989
145095 163934
145294 164045
145307 164070
145236 163921
145085 163938
145214 163991
145357 164099
145136 163941
145162 164028
145235 164114
