509443 566113
509771 566137
510250 566556
510001 566385
509533 565701
509901 566442
509145 565612
509317 565627
508392 565273
509508 565941
509314 565540
509545 565872
508529 565364
508865 565413
510187 566281
509009 565784
509142 566005
509204 565717
509050 565676
508433 565139
509337 565946
508402 565076
509781 566012
509293 566044
509502 565780
508985 565529
509552 565873
509914 566226
509643 566095
509592 565629
508758 565672
509585 566101
510004 566307
509901 566143
509200 565380
509512 565702
509447 565949
509289 565434
510483 566233
509578 565688
509769 566084
509832 566239
509281 565969
509451 565717
509718 565663
509398 565888
509841 566642
509644 565900
509953 566171
509337 566043
509230 565653
510086 566310
509222 565609
508825 565518
509762 565875
509781 566555
509555 566139
509529 565994
509949 566522
508928 565615
509576 565790
509044 565529
509291 565779
508004 565200
509477 566156
510032 566466
509834 566002
509520 566159
510046 566290
509770 566368
509009 565692
509855 565844
509039 565631
509723 566080
509682 565760
508785 565501
509693 565950
509024 566049
508861 565657
509560 566058
509567 566022
509354 565658
509566 566067
509857 565976
509610 565734
509256 565696
509516 566066
509591 565984
509390 565660
510051 565874
509732 566143
509607 566010
509410 566093
509436 565848
509064 565753
509991 566327
508887 565498
508746 565500
508608 565287
509674 566169
