301601 337436
301337 337467
301278 337342
301147 337304
301319 337539
301681 337324
301487 337368
300983 337451
301370 337495
301247 337395
302085 337884
301358 337392
301321 337538
301739 337671
301737 337629
301622 337541
301483 337609
301300 337551
301725 337709
301348 337342
301273 337347
301583 337593
301631 337640
301590 337543
301500 337476
301658 337693
301718 337657
301477 337356
301517 337724
301325 337485
301423 337273
301724 337625
301098 337435
301862 337517
301595 337629
301333 337398
301327 337379
301533 337736
301301 337556
301190 337384
301880 337619
301185 337518
301601 337410
301624 337563
301127 337398
301612 337547
301584 337809
301851 337620
301750 337710
301304 337356
301713 337386
301747 337743
301082 337401
301972 337638
301851 337807
301439 337638
301282 337463
301232 337563
301722 337514
301419 337425
301572 337429
301342 337321
301174 337800
301937 337633
301703 337675
301383 337551
301764 337720
301644 337744
301399 337409
301273 337446
301424 337490
301599 337464
301554 337720
301370 337367
301391 337450
301483 337429
301612 337547
301524 337506
301815 337739
301124 337539
301660 337638
301809 337763
301279 337333
301669 337697
301376 337582
301136 337537
301244 337520
301689 337661
301154 337389
301336 337560
301614 337783
301612 337541
301383 337378
301480 337437
301699 337376
301342 337603
301841 337715
301398 337562
301196 337484
301501 337643
