48 80
52 94
62 94
62 90
59 88
57 91
57 93
67 88
58 80
61 90
59 88
67 94
60 92
54 96
58 80
71 92
65 93
70 94
63 92
63 92
63 85
62 88
63 80
67 96
67 92
62 95
64 95
52 96
62 90
55 80
65 93
65 93
52 97
69 94
59 96
70 95
56 88
69 94
60 96
47 80
68 94
58 94
55 97
68 91
64 91
57 94
64 95
57 98
58 92
68 90
64 94
55 96
60 94
69 91
65 96
62 90
66 93
52 80
66 93
63 93
60 93
65 93
70 92
64 94
68 88
60 92
63 97
54 94
56 96
64 92
52 97
70 93
65 91
58 95
61 90
72 98
65 94
58 92
63 94
64 91
50 95
64 94
67 90
62 76
51 91
57 89
55 97
47 80
70 92
55 93
66 92
65 91
55 80
72 94
60 97
46 96
60 93
64 92
53 96
58 95
