160065 180556
160401 180698
159967 180271
160216 180421
159782 180303
160039 180328
159745 180226
159772 180318
159813 180363
160260 180492
160117 180359
159967 180353
160101 180313
160154 180620
160171 180342
159900 180412
159933 180221
160079 180391
160243 180561
159906 180435
159971 180263
160075 180383
160111 180298
160333 180568
159925 180188
160088 180276
159998 180536
160177 180340
159973 180438
159895 180366
160019 180351
159896 180283
159935 180302
160196 180379
160105 180478
159925 180394
160141 180489
160281 180419
160102 180404
159861 180295
159814 180323
159794 180272
159849 180234
159971 180644
160064 180364
159544 180372
159878 180227
160310 180505
160190 180301
159907 180268
159966 180301
160069 180531
159809 180177
160092 180314
160010 180378
159676 180318
160042 180512
159906 180330
160413 180696
160135 180509
159710 180252
159962 180425
159955 180376
159873 180443
159884 180334
159916 180293
160097 180419
159835 180263
160051 180448
160112 180431
160120 180379
160030 180289
159826 180267
159944 180346
159519 180219
159926 180403
159629 180188
159992 180291
159850 180401
159999 180508
160125 180616
159889 180320
160261 180518
160149 180459
160049 180532
160229 180533
159743 180223
160073 180427
159909 180374
160024 180394
159660 180273
159944 180212
160027 180371
159949 180454
159754 180274
160094 180421
159786 180310
160188 180386
159921 180450
159943 180468
