248966 278877
249435 279026
249548 279216
248944 278748
249271 278925
249233 279031
249521 279287
249110 278819
249465 279197
249130 278997
249368 279191
249437 278886
248610 278667
249589 278984
249172 279095
249181 278923
249497 279057
249018 279169
249122 278886
249139 279289
249402 278923
249263 278899
249154 279020
248976 278824
249088 278811
249115 278880
248499 278740
249048 278664
249335 278812
249257 278906
248971 278849
249390 279004
249488 279008
249320 279123
248544 278702
249291 279050
248950 279017
249119 279254
249124 278820
248866 278576
249044 278845
249344 279201
249137 278834
249388 278906
249249 278958
249170 278931
249360 279073
248661 278389
249151 279275
248983 278870
249205 278817
249065 278840
248530 278460
249108 278972
249122 279014
249460 279149
249486 279196
249175 278781
249387 279210
249539 279247
248843 278712
249210 279253
249221 278947
249190 279014
249342 279294
249035 278699
249364 279172
249052 278931
248782 278806
249527 279210
249472 279093
249280 279092
248723 278698
249262 279088
249325 278769
249199 279261
249530 278980
249204 279015
249315 279128
248784 278975
249100 278890
249221 278954
248992 278939
249024 279064
249103 278887
248906 278846
249305 279224
249110 278932
249240 279197
249044 278945
249148 278855
249147 278917
249275 279075
248885 278888
249083 278647
249483 278859
248941 278902
249191 278838
249103 278939
248652 278405
