662083 735626
662133 735866
662351 735661
662310 735822
662302 735949
662132 735903
662192 735913
663492 737072
662024 735618
663870 737085
662672 735884
662232 735827
661845 735894
662172 735778
662270 735808
662249 735737
662241 735675
661887 735699
662117 735741
663894 737210
662375 736007
661915 735788
662270 735794
662074 735826
663392 737347
662199 735769
663698 737246
662065 735852
662028 735773
661895 735765
662139 735858
661730 735710
662018 735792
662244 735819
664155 737503
661487 735767
662439 735941
663618 737430
662633 735750
661772 735793
661920 735535
662358 735654
663445 737276
663267 737649
662933 735831
662084 735817
662442 735535
662473 735933
662160 735807
661981 735832
663921 737479
663191 737331
661733 735757
662373 735734
662343 735762
662242 735584
661863 735709
661735 735722
662239 736108
662647 735849
661908 735590
662029 735724
661867 735947
662099 735911
664023 737415
664216 737308
661771 735743
662379 735860
661935 735531
662051 735712
662262 735874
662457 736075
662709 735907
661901 735713
661688 735942
661721 735536
662107 735602
662193 735759
662532 735904
661555 735737
662607 735881
662362 736036
661834 735878
662402 735779
663787 737388
662346 735718
662048 735659
662029 735969
662008 736037
662469 735919
661756 735745
663120 737144
662728 735839
661787 735724
662432 735758
662079 735789
664029 737277
661796 735699
661794 735632
662210 735779
