30339 35019
30317 34991
30338 34988
30370 34974
30297 34982
30394 35049
30291 34987
30274 35007
30212 35012
30265 35010
30397 34981
30226 34994
30240 34972
30132 35037
30280 34973
30404 34989
30320 35026
30202 34998
30254 34984
30288 35018
30299 35032
30200 34973
30200 35000
30295 35031
30295 34994
30136 34997
30387 35046
30164 35014
30223 35012
30272 34998
30324 35075
30229 34958
30302 34969
30337 35005
30277 35009
30222 34984
30336 34987
30351 35020
30184 34986
30298 34995
30267 34967
30325 35068
30312 35020
30398 34997
30411 35005
30308 34981
30320 35019
30353 35012
30413 35013
30357 34980
30244 34963
30141 34954
30343 35019
30395 35017
30243 34996
30259 35009
30189 35016
30320 34976
30276 35017
30350 34979
30390 35014
30300 34968
30359 35012
30233 34989
30329 34992
30343 34986
30160 35021
30377 35032
30303 34993
30298 35035
30231 35018
30363 35006
30169 34929
30503 35002
30451 35004
30280 35003
30424 34998
30290 35004
30289 35031
30365 35046
30269 34998
30256 35002
30350 35037
30262 35043
30338 35045
30241 35044
30377 35045
30198 34980
30322 34987
30381 35009
30305 35013
30336 34997
30330 35027
30216 34994
30369 35007
30388 35021
30331 34998
30254 34982
30336 34983
30342 34997
