41721 47943
41671 47936
41723 47951
41709 47956
41573 47891
41744 47876
41728 47873
41711 47991
41565 47992
41694 47972
41790 47879
41683 47954
41632 47889
41613 47931
41462 47946
41678 47949
41731 47950
41650 47939
41714 47879
41567 47950
41560 47987
41688 47865
41718 47984
41627 47972
41664 47935
41900 47954
41724 47935
41731 47949
41724 47984
41854 47959
41683 47950
41742 47979
41681 47940
41646 47978
41591 47967
41537 47961
41628 47986
41704 47982
41566 47968
41600 47995
41791 47965
41663 47935
41765 47929
41611 47932
41646 47943
41715 47968
41676 47988
41640 47967
41860 47982
41600 47932
41693 47949
41680 47954
41594 47874
41662 47890
41662 47930
41573 47881
41652 47983
41755 47995
41699 47983
41663 47956
41675 47942
41702 47971
41525 47935
41745 47960
41634 47929
41610 47854
41756 47980
41558 47971
41834 47979
41713 47930
41811 47963
41590 47868
41718 47972
41639 47938
41649 47868
41635 47989
41570 47874
41550 47960
41536 47859
41654 47934
41808 47944
41617 47937
41677 47947
41729 47946
41548 47970
41715 47940
41655 47945
41646 47889
41665 47964
41601 47892
41731 47966
41732 47939
41720 47949
41714 47872
41686 47985
41689 47995
41664 47968
41707 47944
41725 47982
41593 47959
