21 34
27 38
21 37
22 38
20 30
19 30
24 36
23 30
22 36
23 35
20 30
23 30
23 36
25 39
27 37
24 36
24 37
19 36
18 30
23 36
26 36
21 37
22 30
25 36
22 30
22 36
18 38
26 39
27 39
21 34
26 36
21 38
23 30
21 34
26 36
18 38
22 35
23 37
18 36
27 39
17 30
21 30
20 37
28 40
19 37
21 38
21 36
18 30
18 30
24 36
26 37
20 38
22 37
23 30
21 30
22 37
18 30
21 34
16 30
17 30
19 38
24 35
21 36
24 37
21 37
23 38
22 38
18 30
24 39
22 30
22 36
17 30
23 37
18 36
22 38
26 36
22 37
20 38
17 36
19 37
20 30
21 38
18 38
18 38
24 36
18 36
16 38
26 40
26 34
21 38
19 30
15 29
20 38
23 38
20 38
28 36
17 38
21 38
22 38
28 38
