112 147
107 171
106 146
97 148
103 150
101 148
106 148
108 150
99 146
104 145
105 148
94 144
103 149
100 144
103 148
103 150
108 174
108 147
106 149
111 171
106 147
109 172
124 171
92 148
103 172
104 168
111 150
106 147
102 176
115 150
112 148
111 146
108 147
111 150
113 176
106 146
104 147
117 172
98 172
102 172
93 147
102 143
109 149
105 150
94 139
91 146
108 171
100 148
96 145
113 150
87 141
101 147
94 148
100 145
102 149
104 146
100 146
106 176
105 146
104 150
99 148
101 150
93 150
115 176
107 176
108 176
109 149
108 145
94 168
93 148
111 174
98 146
102 144
99 176
105 147
103 150
111 176
97 150
106 144
115 172
110 171
123 168
95 149
104 149
96 147
97 150
112 150
109 150
94 146
111 146
112 176
95 144
104 144
90 148
107 150
104 149
107 150
103 148
124 168
110 150
