620157 689314
620608 688922
620144 688686
620108 688996
620286 689257
619747 688672
620553 689184
619140 688480
620034 688822
620048 689242
619999 689347
619985 688827
620208 689203
620226 688958
620616 689239
620011 688873
620875 689216
620030 689541
620659 689245
619681 688704
620256 689204
620657 689599
619797 689117
620089 688991
620494 689380
619423 688754
619575 689560
619739 688771
619813 688519
619334 688712
620105 688734
619869 688788
620617 689474
620121 688818
619574 688817
620844 689574
620482 689462
619458 688810
620555 689494
620384 688921
620126 689073
620679 689411
620320 689218
620155 689034
620528 689292
620304 688903
620040 688917
619657 688872
620459 689506
620242 689355
620478 688946
620276 689125
620029 688984
619885 688795
619628 688760
620201 688876
620319 689296
620424 689114
620649 689548
619630 688945
620814 689484
620154 689197
620102 688864
619533 688693
619979 688702
620177 688662
620123 688945
620393 688635
620200 689019
620408 688929
620082 688754
619924 688737
619776 688809
620314 689346
619821 688855
619688 688659
619959 688688
619938 688736
619974 689454
620706 689625
619877 688924
620499 688741
620485 688955
620264 689178
619507 688999
620251 689136
619808 688913
620304 689028
619844 688864
619479 688710
619856 688837
619848 688690
619930 688786
620367 688778
620235 689394
619435 688879
620412 688937
620690 689424
620685 689162
620135 688821
