474383 526348
473844 525606
474614 526300
472944 526262
474139 526134
474372 526741
473818 527035
474745 526983
475177 527135
474394 526452
474840 526294
474208 526385
475317 527449
474163 526227
473891 525980
474257 526410
474145 526353
472581 526776
474474 526470
474357 526270
474350 526332
474691 526494
475222 526923
475119 526980
473856 526309
473835 525922
473491 525622
473173 526652
474601 526441
474762 526572
467751 527758
474170 525821
474252 526348
473996 525750
474990 526632
474590 526259
473746 525909
475224 526389
474508 526190
475153 526835
474015 526294
475620 527181
474848 526467
474872 526653
474338 526833
473932 526166
474556 527056
474766 526585
474143 526273
474197 526280
474792 526266
474451 526281
474258 525818
474364 526376
475314 526909
474120 526221
472902 525363
473867 526254
474771 526702
475830 527267
474523 526745
474408 526355
474605 525976
475141 527205
473677 526440
473688 525629
474023 526434
475454 527272
474328 526249
474007 526079
474530 526384
474755 526583
474295 527030
474603 526456
473956 525571
470003 527469
474491 526242
474409 526339
473379 525633
475256 527032
474603 526351
474851 526653
474396 526107
475626 527063
474596 526431
474672 526509
474906 527023
474874 526755
473715 526406
474974 526561
474422 525654
473054 526507
443350 494998
474161 526229
472169 527478
474494 526239
474157 526222
475358 526698
474221 526133
474041 526891
