561886 624857
563006 625185
562474 625282
562306 624782
562470 625143
562863 625115
562955 625419
562275 625084
561717 624667
562423 625070
562343 625338
561849 624874
562437 625014
562101 625035
562089 624667
562463 624816
562143 624873
562433 624841
562252 625007
562152 625184
562575 624996
562319 624972
562637 625158
561727 624582
562069 624669
562435 624872
562652 625386
562180 624669
562269 624955
561738 624858
562162 624889
562191 624891
562276 624902
561908 624648
562767 625140
562087 625045
562343 624938
561978 624954
562445 625543
562329 625315
562031 624779
562156 625212
562683 625188
562897 625416
562719 625003
562590 625297
562265 624661
561862 625791
562303 625040
562454 625484
562689 624738
561887 624884
562683 625166
561984 624744
562256 624548
562171 625056
561990 624633
562124 624770
562351 624821
562912 625337
562722 625216
561604 624908
562913 625131
561892 624603
561987 624540
562642 625122
562357 625287
561990 624913
562862 625326
562677 625296
561842 624763
562440 624953
562562 625267
562205 624682
562587 625000
562695 625329
562211 625210
561972 624894
562586 625401
562322 625132
562121 624957
561862 624630
562509 625560
562322 624760
562661 625239
562496 625307
563029 625353
562813 625262
562448 625149
561964 624620
562213 625415
562290 625149
562984 625301
562343 624968
562106 625023
562779 625452
563183 625636
562322 624882
562348 624835
562127 625149
