498607 553721
497920 552891
497646 552875
497576 552551
497807 552699
498413 553183
498017 553011
498280 553053
497169 551955
497315 552231
497914 552703
497859 553006
497116 552248
497451 552161
497477 552465
497989 552794
497265 552252
498182 553300
498031 552968
497551 552795
498298 553230
498219 553021
497340 552719
497553 552586
497327 552266
498502 553016
498360 553323
497947 552760
498388 553185
497696 552741
497380 552084
498474 552996
498388 552927
497721 552546
497971 552712
497693 552310
498157 552697
497868 552836
498756 553400
498028 552733
497918 552542
498499 553015
497765 552585
498140 552758
498365 553123
497777 552700
498483 553267
497828 553090
497352 552065
498029 553136
497581 552245
498267 553182
497978 552648
498128 552896
497928 552719
498096 552662
498043 552739
497014 552261
498186 552655
498754 553336
498551 552864
497807 552719
496957 551934
498417 552902
497317 552227
497990 552797
498907 553733
497716 552580
497050 551997
498004 553138
498189 552724
497700 552274
497515 552677
498103 552923
497487 552636
498645 553376
497464 552282
497523 552505
497308 552897
498176 553620
497573 553201
498337 553091
497623 552514
498239 553027
498442 553568
497512 552397
497573 552640
497362 552325
498189 552562
496929 551672
497554 552366
498330 553382
497805 553040
498209 553241
498571 553136
498132 553214
498240 553085
496800 551825
498273 553151
496787 551800
