345335 386492
345623 386555
346185 386662
345802 386594
345984 386681
345677 386699
345790 386648
345648 386543
345803 386734
345657 386681
346471 386875
345684 386633
346021 386773
346774 387348
345935 386739
345747 386584
345634 386712
346175 387054
345718 386674
345923 386583
345735 386587
346075 386638
346199 386643
345841 386825
345646 386761
346073 386779
346020 386670
346147 387116
345785 386806
346292 386917
346074 386887
346021 386895
345875 386699
346006 386855
346024 386772
345735 386780
346087 386494
345777 386718
345804 386929
346066 386789
345541 386432
346483 386831
345584 386761
346110 386903
346008 386590
346196 386606
346327 386900
345943 386896
345976 386855
346430 387106
346103 386901
345470 386506
345521 386463
346205 386691
345980 386796
346349 386914
345777 386638
346042 386884
346350 387028
345875 386707
346025 386573
345495 386553
346102 386634
345938 386891
346300 386882
345498 386659
346118 387017
345666 386507
345954 386679
345896 386773
346195 386775
345999 386711
345902 386686
345733 386611
345934 386937
345939 386735
346154 386783
345571 386461
346397 386916
346174 386767
345692 386446
345860 386692
346251 386897
345986 386418
345674 386530
345757 386670
345983 386757
346264 386970
346312 386872
345612 386587
346303 386843
345951 386739
345747 386479
346152 386875
346099 386622
345567 386843
346051 386654
345886 386759
346177 386811
345897 386579
