236410 264969
236919 264888
237048 265075
236961 265106
236920 265235
236340 264802
236886 265179
236738 264825
236694 264867
236614 264992
236466 264842
236962 265089
236538 264925
237298 265308
236768 264862
236236 264535
236220 264530
236657 264791
236629 264711
236822 265098
236911 264997
236478 264649
236811 265046
236587 264926
236099 264611
236909 265034
237426 265188
236552 264774
236798 265217
236851 265015
236976 265136
236334 264838
236707 264965
236877 264961
237093 265111
236750 264910
237002 265154
236679 264970
236190 264630
236653 264752
236893 264940
236415 264779
236570 264785
236895 265335
236918 265124
236401 264602
236564 264749
236728 264942
236333 264936
236743 264991
236669 264796
236805 265150
236660 264906
236800 264854
236223 264585
236728 264893
236379 264623
236758 264858
237107 265164
236672 265042
236402 264735
236566 264855
236717 264896
236744 265003
236640 264768
237087 265145
236243 264837
236871 265251
236677 265176
236574 264845
236554 264917
236697 264812
236780 264957
236763 265022
236395 264851
236673 264908
236579 264642
236935 265009
236950 265216
236761 265224
236998 264925
236479 264986
236842 265091
236717 264920
236729 264919
236362 264814
237146 265367
236883 264959
237216 265349
236838 265063
236007 264584
236877 265085
236575 265077
236625 265023
236387 264823
236920 264851
236750 264859
236005 264432
236670 264819
236924 264972
