91404 103899
91367 103883
91433 103924
91339 103888
91506 103877
91240 103966
91426 103877
91471 103903
91403 103911
91323 103885
91437 103952
91440 103910
91529 103876
91288 103926
91328 103926
91489 103909
91633 103871
91396 103904
91454 103890
91111 103863
91445 103890
91497 103994
91511 103876
91130 103722
91436 103880
91523 103870
91483 103940
91362 103940
91415 103894
91467 103980
91384 103877
91401 103896
91533 103885
91472 103899
91267 103892
91526 103937
91384 103913
91299 103892
91532 103921
91496 103893
91328 103903
91422 103862
91174 103884
91286 103746
91345 103879
91391 103955
91320 103918
91608 103994
91225 103760
91393 103946
91229 103752
91354 103968
91392 103900
91253 103884
91171 103751
91426 103922
91435 103872
91326 103878
91020 103758
91285 103890
91470 103864
91453 103878
91286 103955
91323 103958
91559 103875
91383 103879
91788 103954
91325 103904
91473 103891
91181 103768
91317 103948
91470 103920
91353 103912
91376 103881
91478 103960
91680 103982
91308 103886
91421 103900
91386 103878
91387 103934
91629 103982
91335 103871
91240 103923
91003 103729
91492 103869
91404 103911
91534 103936
91344 103792
91424 103942
91351 103873
91190 103866
91354 103874
91458 103956
91241 103708
91377 103888
91530 103886
91475 103871
91332 103770
91661 103932
91280 103959
