109223 123416
109049 123281
109491 123512
109400 123421
109337 123556
109334 123388
109257 123563
109299 123506
109407 123584
109594 123587
109449 123654
109262 123345
109444 123510
109565 123697
109493 123594
109280 123489
109202 123222
109273 123338
109256 123374
109521 123687
109244 123419
109468 123569
109362 123472
109433 123464
109122 123383
109083 123369
109096 123219
109254 123540
109322 123363
109509 123592
109183 123225
109438 123399
109286 123461
109540 123629
109123 123430
109393 123536
109407 123569
109636 123544
109385 123508
109204 123270
108820 123164
109427 123495
109002 123252
109129 123334
109443 123509
109241 123478
108969 123402
109404 123406
109266 123441
109133 123187
109220 123352
109241 123325
109121 123247
109363 123271
109006 123519
109415 123377
109352 123672
109344 123556
109271 123372
109561 123626
109270 123364
108828 123226
109295 123263
109340 123453
109283 123536
109490 123637
109265 123385
108994 123426
109354 123397
109562 123403
109065 123163
109122 123303
109282 123382
109345 123690
109631 123622
109321 123582
109120 123352
109514 123621
109416 123584
109281 123508
109500 123555
109107 123133
109303 123302
109270 123638
109446 123401
109359 123392
109461 123471
109419 123452
109196 123483
108992 123367
109334 123403
109006 123212
109367 123386
109438 123404
109047 123253
109384 123420
109408 123501
109421 123523
109218 123459
109553 123530
