261165 292588
261211 292323
261006 292519
261164 292298
261614 292696
261424 292602
261900 292825
261218 292391
261185 292493
261312 292498
260731 292494
261566 292712
261253 292684
261194 292548
261079 292536
261347 292816
261301 292626
260884 292531
261512 292443
260985 292250
261056 292575
260820 292353
261215 292666
261095 292461
261113 292326
260828 292284
261277 292551
261259 292676
260830 292427
261145 292658
261041 292672
261118 292363
260846 292406
260918 292400
261085 292450
261223 292686
260837 292322
261051 292552
261234 292334
261330 292684
261155 292282
261318 292844
261353 292420
261477 292592
260931 292492
261099 292609
260955 292464
261299 292362
261049 292385
261191 292429
261168 292516
260915 292460
260715 292433
261098 292542
260845 292372
261229 292559
261134 292761
261473 292701
261258 292537
260961 292403
260931 292352
260918 292677
261111 292362
261093 292493
261123 292494
260889 292366
261255 292329
260926 292363
261176 292343
261235 292379
261187 292411
260989 292340
261444 292625
260964 292763
260815 292411
261286 292735
261015 292679
261056 292299
260653 292299
261304 292729
261146 292509
260790 292776
261188 292457
260788 292418
260886 292298
261023 292258
261016 292279
261092 292576
260846 292439
261504 292771
261588 292743
261049 292540
261553 292820
261279 292425
261162 292580
260983 292483
261040 292514
260994 292608
261456 292385
261395 292571
