208 294
207 285
210 297
208 281
227 283
201 294
185 285
213 282
184 287
211 284
205 281
214 290
217 294
194 282
228 290
231 297
220 294
233 293
202 286
202 286
219 293
200 287
216 292
218 296
204 291
225 291
200 296
220 285
199 287
210 285
208 294
211 285
214 283
213 294
214 283
196 281
216 298
227 292
210 285
219 294
209 281
226 296
207 297
201 283
212 297
214 285
216 294
215 295
221 297
225 287
218 294
226 294
225 294
215 293
217 291
211 294
212 284
204 281
194 283
202 281
214 294
202 294
216 293
207 283
219 297
219 283
222 287
219 288
195 284
225 294
212 296
188 297
226 292
207 296
206 294
196 297
201 297
217 294
212 292
219 290
222 295
221 293
229 296
213 292
217 290
210 283
218 294
220 294
196 297
205 285
213 293
219 292
184 284
210 292
208 281
220 292
213 295
213 283
204 282
200 282
