632979 703791
636745 707089
633615 703745
637188 707609
637172 707513
633324 703749
633260 703674
633453 703881
633357 703847
636732 707020
636529 707439
633067 703605
637152 707695
636856 707679
636978 707362
636234 707096
633287 703698
633706 703891
633218 703814
633205 703527
636789 707515
633231 703576
633399 703858
636675 707085
633148 703759
633620 703821
632879 703773
633462 704111
633357 703725
633107 703643
633293 703717
633208 703742
635327 707444
636249 706940
633006 703783
633473 703813
633393 703842
636318 707202
634028 703921
636738 707511
632922 703633
633617 703889
633567 703812
632969 703813
635205 706519
633232 703743
633883 703751
633287 703597
633929 703884
633177 703797
633621 703767
636708 707444
633511 703725
632983 703681
632974 703814
636983 707481
633088 703666
633842 703921
637138 707752
633399 703810
635849 706656
633909 703830
637153 707681
633060 703666
637172 707471
633233 703830
634006 703980
635711 707564
633613 703728
633249 703931
633215 703705
633286 703731
636460 707257
637019 707568
633022 703906
636613 707242
636445 706954
636320 707044
636754 706879
636932 707288
633686 703727
633226 703769
633277 703824
636360 707398
633754 703913
633079 703816
633259 703783
633336 703751
636136 707204
633186 703813
636323 707121
633412 703689
633193 703851
633104 703816
633490 703733
636818 707356
632999 703825
632893 703691
636929 707221
633164 703656
