225779 252314
225983 252479
225338 252016
225423 252350
225906 252596
225768 252448
226187 252838
225816 252361
225368 252177
225804 252479
225440 252067
225754 252265
225890 252281
225612 252554
225859 252527
225461 252280
225670 252196
225815 252451
225887 252582
225156 252006
225769 252399
226094 252776
225462 252231
225742 252331
225710 252248
225599 252083
225746 252562
225597 252383
225710 252405
225574 252058
225606 252494
225381 252267
225772 252206
225857 252541
226184 252663
225605 252381
226243 252560
225370 251946
226153 252737
225882 252295
225241 252070
225179 252088
226307 252824
225693 252496
225146 252178
225196 251960
225521 252043
225598 252455
225613 252191
225739 252338
225756 252578
225342 251866
225332 252231
225337 251745
225109 252147
225798 252316
226056 252340
225345 251986
225277 252172
225503 252311
225635 252413
226090 252711
225277 252389
225890 252597
225579 252195
224963 251864
225881 252799
225022 251681
225887 252846
225954 252710
226164 252727
225347 251849
225645 252211
226135 252689
225501 252317
226215 252565
225600 252090
225964 252480
225904 252395
225718 252454
225092 251798
225223 252364
225182 251974
225354 252377
225388 252169
226091 252525
226235 252594
225299 252367
225902 252528
226061 252550
225727 252853
225395 252256
225726 252309
225194 252142
225249 252000
225333 252058
225788 252672
225953 252691
225507 252200
225295 252057
