120352 136096
120625 136296
120536 136254
120582 136241
120552 136282
120354 136202
120444 136187
120564 136229
120554 136251
120532 136259
120517 136220
120443 136295
120414 136146
120564 136280
120553 136174
120278 136258
120305 136083
120477 136238
120458 136225
120677 136316
120610 136362
120249 136193
120633 136342
120635 136269
120640 136234
120638 136233
120494 136304
120490 136237
120503 136237
120510 136214
120492 136177
120293 136099
120617 136363
120770 136336
120665 136404
120663 136388
120578 136312
120666 136168
120445 136220
120431 136369
120542 136216
120521 136244
120759 136343
120752 136239
120536 136426
120687 136178
120562 136291
120703 136238
120538 136163
120358 136244
120217 136272
120544 136184
120676 136163
120216 136077
120556 136208
120603 136126
120336 136216
120631 136300
120648 136369
120609 136258
120524 136222
120504 136229
120723 136369
120584 136221
120687 136228
120608 136196
120467 136038
120588 136224
120658 136303
120186 136099
120500 136277
120389 136245
120486 136153
120320 136133
120572 136143
120694 136334
120502 136220
120974 136352
120594 136271
120822 136326
120358 136197
120661 136253
120799 136312
120698 136291
120466 136250
120450 136111
120553 136096
120545 136317
120616 136225
120541 136204
120772 136336
120385 136173
120732 136498
120732 136315
120590 136316
120443 136042
120536 136169
120394 136260
120601 136162
120574 136268
