55213 63172
55385 63082
55116 63060
55163 63050
55408 63074
55071 63066
55228 63095
55274 63132
55467 63182
55233 63031
55257 63204
55133 63058
55208 63118
55432 63141
55255 63048
55335 63117
55340 63094
55338 63063
55292 63154
55188 63144
55361 63029
55322 63197
55473 63121
55179 63116
55221 63079
55382 63135
55210 63087
55455 63171
55155 63131
55110 63025
55162 63091
55211 63150
55272 63117
55398 63122
55210 63127
55097 63024
55474 63263
55402 63120
55267 63184
55393 63200
55138 63017
55334 63098
55243 63066
55268 63109
55400 63091
55347 63121
55279 63112
55121 63020
55022 63068
55139 63144
55261 63028
55325 63026
55127 63022
55384 63159
55250 63187
55272 63140
55258 63118
55210 63034
55237 63140
55163 63106
55146 63045
55323 63198
55401 63095
55241 63084
55197 63004
55329 63157
55252 63072
55333 63073
55276 63100
55144 63038
55454 63096
55428 63144
55242 63119
55302 63096
55212 63160
55231 63020
55278 63063
55340 63194
55221 63027
55243 63086
55142 63046
55244 63076
55257 63006
55285 63126
55019 63020
55331 63093
55397 63163
55293 63131
55376 63093
55319 63048
55287 63110
55336 63059
55415 63232
55254 63168
55284 63048
55252 63180
55184 63049
55358 63074
55339 63080
55376 63179
