582658 646943
575017 639497
575271 639809
582745 646848
582745 647153
582136 647423
578096 647681
582653 647049
582679 646862
575595 639832
582000 647310
581464 646632
582853 647033
581516 647713
582628 647013
582713 647136
582496 646969
582568 647009
581544 647443
575851 639679
575874 639737
582633 646571
575744 639679
581727 646529
582914 647530
583282 647325
575237 639831
575509 639622
576266 647786
582523 646825
576017 639753
582961 647296
575396 639444
575710 639760
576039 639826
582459 647453
582938 647140
582724 647029
583065 647150
582846 646952
575333 639704
583015 647354
582241 647160
582362 647643
582847 647202
583220 647323
575665 639641
582626 647576
582227 646731
582843 647252
575505 639464
582495 646582
582702 646972
582441 647140
575166 639808
582009 646603
575707 639855
575541 639722
582965 647265
575608 639608
582953 646896
583303 647189
581826 647529
581913 646583
575342 639605
575599 639702
575330 639612
581979 647375
575720 639702
582792 646881
575853 639779
582763 647038
583045 647235
581968 646392
575462 639616
582117 646989
575612 639751
575173 639650
575195 639593
582465 647018
583721 647138
575673 639529
582765 647158
582531 647033
581937 646632
582321 646511
575867 639823
583065 647353
575687 639788
575649 639610
575522 639798
582096 646381
575552 639831
583591 647761
575300 639513
582238 646663
582451 647484
575535 639722
582875 647086
575527 639463
