79141 90006
79110 90059
79070 90006
78993 90043
78923 90023
79049 90205
78896 90034
79238 89985
79021 90014
79075 90092
79009 90035
79122 90029
79086 90038
79141 90062
78996 90030
78821 90004
78943 90013
79166 90040
79198 90005
79139 89993
78905 90042
79251 90018
79011 90048
78973 89998
79209 90013
79011 90010
79068 90073
79017 90045
79124 90058
78834 90007
79128 90079
79199 90065
79125 89995
78964 90036
79135 90014
79197 90013
79081 90071
78949 90022
79019 90033
78762 90060
79007 89992
79008 90035
79040 90008
78976 90022
79001 89978
78966 89991
79085 89995
79090 90030
79047 89999
79189 90034
78961 90025
79140 90008
79073 89981
79175 90085
78977 90057
78915 90017
79092 90020
79345 90077
79212 90040
78983 89974
78988 89988
79099 89975
79094 90077
79114 90028
79244 90038
79033 90068
79031 90048
79166 90020
79007 89987
79064 90070
79021 89994
79079 90004
79107 90067
78881 90055
79039 90133
78943 90040
79039 90085
78982 89996
79023 90056
79069 90056
79142 90117
79250 90055
79082 90003
79076 90123
79282 90032
79208 90122
78922 90023
79082 90016
79294 90060
79097 90078
79217 90135
79133 89988
79151 90083
79190 90064
79275 90133
78883 89995
79106 89990
79012 90033
79170 90063
79076 89998
