287972 322384
288495 322516
287978 322705
288090 322796
288063 322629
287937 322382
288035 322415
287878 322335
288340 322766
288248 322582
288077 322542
288003 322675
287787 322498
287767 322329
287887 322494
287847 322521
288132 322699
287706 322291
287957 322354
287824 322446
288051 322368
288358 322804
287974 322515
288298 322456
287738 322550
288416 322624
287884 322474
287952 322409
287537 322326
288066 322560
287999 322709
288218 322574
287722 322417
288371 322588
287705 322264
288082 322478
287842 322565
288020 322416
287716 322456
288002 322493
287663 322255
288098 322679
288375 322576
288018 322414
288088 322379
288054 322689
287963 322524
287806 322630
288223 322779
287910 322339
287767 322717
287964 322384
288102 322445
288333 322551
288342 322708
287995 322574
287954 322534
287840 322362
288178 322595
287711 322346
288181 322291
288091 322435
288133 322654
287740 322413
287862 322483
288396 322704
287705 322428
288073 322508
288306 322585
288324 322757
288371 322411
288197 322341
287737 322334
287971 322496
288101 322508
288054 322804
288145 322645
287858 322551
287988 322456
288082 322423
287978 322514
287582 322320
287630 322304
288068 322527
287727 322413
288269 322543
287880 322346
287923 322513
288002 322669
287781 322307
288161 322427
287824 322278
288476 322589
287972 322584
288007 322450
288054 322622
287675 322723
288112 322742
288368 322736
287783 322334
