401374 448229
401056 448169
401457 448261
401324 448271
401323 448409
401313 448271
401105 448305
401382 448232
401455 448163
401328 448339
401178 448007
400816 448016
400971 448341
401427 448043
401598 448588
401620 448126
400941 447908
400879 448020
401624 448410
401569 448288
401202 448291
401416 448303
400813 448379
401684 448166
401796 448388
400834 448292
401132 447925
400998 448140
401027 448374
401223 448313
401790 448580
400913 448122
401127 448161
401075 448228
400945 448039
401528 448239
401549 448283
401013 448392
401120 448180
401673 448329
401410 448294
401204 448237
401167 448366
401127 448121
401038 448326
401258 448438
401247 448195
401329 448208
401200 448256
401582 448180
401557 448347
401433 448337
400981 448075
401415 448384
400980 448151
401471 448228
400776 448024
401366 448287
400897 448301
401308 448388
401456 448530
401079 448266
401146 448056
401335 448305
401806 448444
401261 448379
401545 448324
401413 448306
401213 448161
401203 448256
401490 448366
400980 448182
401421 448129
401368 448482
401212 448346
401421 448474
401243 448406
401379 448367
401233 448377
401334 448403
401156 448223
400923 448260
401275 448152
400879 448161
401257 448292
401078 448071
400898 448179
401394 448211
401128 448384
401836 448382
401421 448769
401323 448180
401300 448380
401354 448161
401445 448059
401633 448410
401231 448073
401330 448128
401362 448375
401388 448202
